2946
7 9 8 14 
7 9 14 45 
7 9 45 36 
7 9 36 8 
9 11 10 16 
9 11 16 47 
9 11 47 38 
9 11 38 10 
11 13 12 18 
11 13 18 49 
11 13 49 40 
11 13 40 12 
15 17 16 23 
15 17 23 57 
15 17 57 47 
15 17 47 16 
17 19 18 25 
17 19 25 59 
17 19 59 49 
17 19 49 18 
20 22 21 27 
20 22 27 65 
20 22 65 55 
20 22 55 21 
22 24 23 29 
22 24 29 67 
22 24 67 57 
22 24 57 23 
24 26 25 31 
24 26 31 69 
24 26 69 59 
24 26 59 25 
35 37 36 45 
35 37 45 90 
35 37 90 77 
35 37 77 36 
37 39 38 47 
37 39 47 92 
37 39 92 79 
37 39 79 38 
39 41 40 49 
39 41 49 94 
39 41 94 81 
39 41 81 40 
41 43 42 51 
41 43 51 96 
41 43 96 83 
41 43 83 42 
44 46 45 55 
44 46 55 105 
44 46 105 90 
44 46 90 45 
46 48 47 57 
46 48 57 107 
46 48 107 92 
46 48 92 47 
48 50 49 59 
48 50 59 109 
48 50 109 94 
48 50 94 49 
50 52 51 61 
50 52 61 111 
50 52 111 96 
50 52 96 51 
52 53 63 113 
52 53 113 98 
54 56 55 65 
54 56 65 119 
54 56 119 105 
54 56 105 55 
56 58 57 67 
56 58 67 121 
56 58 121 107 
56 58 107 57 
58 60 59 69 
58 60 69 123 
58 60 123 109 
58 60 109 59 
60 62 61 71 
60 62 71 125 
60 62 125 111 
60 62 111 61 
62 64 127 113 
62 64 113 63 
70 72 131 125 
70 72 125 71 
76 78 77 90 
76 78 90 152 
76 78 152 136 
76 78 136 77 
78 80 79 92 
78 80 92 154 
78 80 154 138 
78 80 138 79 
80 82 81 94 
80 82 94 156 
80 82 156 140 
80 82 140 81 
82 84 83 96 
82 84 96 158 
82 84 158 142 
82 84 142 83 
84 86 85 98 
84 86 98 160 
84 86 160 144 
84 86 144 85 
86 87 100 162 
86 87 162 146 
89 91 90 105 
89 91 105 172 
89 91 172 152 
89 91 152 90 
91 93 92 107 
91 93 107 174 
91 93 174 154 
91 93 154 92 
93 95 94 109 
93 95 109 176 
93 95 176 156 
93 95 156 94 
95 97 96 111 
95 97 111 178 
95 97 178 158 
95 97 158 96 
97 99 98 113 
97 99 113 180 
97 99 180 160 
97 99 160 98 
99 101 115 182 
99 101 182 162 
99 101 162 100 
102 104 103 117 
102 104 117 189 
102 104 189 170 
102 104 170 103 
104 106 105 119 
104 106 119 191 
104 106 191 172 
104 106 172 105 
106 108 107 121 
106 108 121 193 
106 108 193 174 
106 108 174 107 
108 110 109 123 
108 110 123 195 
108 110 195 176 
108 110 176 109 
110 112 111 125 
110 112 125 197 
110 112 197 178 
110 112 178 111 
112 114 113 127 
112 114 127 199 
112 114 199 180 
112 114 180 113 
114 116 115 129 
114 116 129 201 
114 116 201 182 
114 116 182 115 
124 126 125 131 
124 126 197 125 
126 128 207 199 
126 128 199 127 
128 130 208 201 
128 130 201 129 
133 135 134 150 
133 135 150 230 
133 135 230 211 
133 135 211 134 
135 137 136 152 
135 137 152 232 
135 137 232 213 
135 137 213 136 
137 139 138 154 
137 139 154 234 
137 139 234 215 
139 141 140 156 
139 141 156 236 
139 141 236 217 
141 143 142 158 
141 143 158 238 
141 143 238 219 
143 145 144 160 
143 145 160 240 
143 145 240 221 
145 147 146 162 
145 147 162 242 
147 148 164 244 
147 148 244 224 
149 151 150 170 
149 151 170 253 
149 151 253 230 
149 151 230 150 
151 153 152 172 
151 153 172 255 
151 153 255 232 
151 153 232 152 
153 155 154 174 
153 155 174 257 
153 155 257 234 
153 155 234 154 
155 157 156 176 
155 157 176 259 
155 157 259 236 
155 157 236 156 
157 159 158 178 
157 159 178 261 
157 159 261 238 
157 159 238 158 
159 161 160 180 
159 161 180 263 
159 161 263 240 
159 161 240 160 
161 163 162 182 
161 163 182 265 
161 163 265 242 
161 163 242 162 
163 165 164 184 
163 165 184 267 
163 165 267 244 
163 165 244 164 
167 169 168 187 
167 169 187 274 
167 169 274 251 
167 169 251 168 
169 171 170 189 
169 171 189 276 
169 171 276 253 
169 171 253 170 
171 173 172 191 
171 173 191 278 
171 173 278 255 
171 173 255 172 
173 175 174 193 
173 175 193 280 
173 175 280 257 
173 175 257 174 
175 177 176 195 
175 177 195 282 
175 177 282 259 
175 177 259 176 
177 179 178 197 
177 179 197 284 
177 179 284 261 
177 179 261 178 
179 181 180 199 
179 181 199 286 
179 181 286 263 
179 181 263 180 
181 183 182 201 
181 183 201 288 
181 183 288 265 
181 183 265 182 
183 185 184 203 
183 185 203 290 
183 185 290 267 
183 185 267 184 
185 186 205 292 
185 186 292 269 
188 190 296 276 
188 190 276 189 
190 192 297 278 
190 192 278 191 
192 194 298 280 
192 194 280 193 
194 196 299 282 
194 196 282 195 
196 198 300 284 
196 198 284 197 
198 200 199 207 
198 200 301 286 
198 200 286 199 
200 202 201 208 
200 202 302 288 
200 202 288 201 
202 204 303 290 
202 204 290 203 
204 206 304 292 
204 206 292 205 
209 210 228 324 
209 210 324 308 
210 212 211 230 
210 212 230 326 
210 212 326 310 
212 214 213 232 
212 214 232 328 
214 216 215 234 
214 216 234 330 
216 218 217 236 
216 218 236 332 
218 220 219 238 
218 220 238 334 
220 222 221 240 
220 222 240 336 
223 225 224 244 
223 225 244 340 
227 229 228 251 
227 229 251 351 
227 229 351 324 
227 229 324 228 
229 231 230 253 
229 231 253 353 
229 231 353 326 
229 231 326 230 
231 233 232 255 
231 233 255 355 
231 233 355 328 
231 233 328 232 
233 235 234 257 
233 235 257 357 
233 235 357 330 
233 235 330 234 
235 237 236 259 
235 237 259 359 
235 237 359 332 
235 237 332 236 
237 239 238 261 
237 239 261 361 
237 239 361 334 
237 239 334 238 
239 241 240 263 
239 241 263 363 
239 241 363 336 
239 241 336 240 
241 243 242 265 
241 243 265 365 
241 243 365 338 
241 243 338 242 
243 245 244 267 
243 245 267 367 
243 245 367 340 
243 245 340 244 
245 247 246 269 
245 247 269 369 
245 247 369 342 
245 247 342 246 
250 252 251 274 
250 252 274 379 
250 252 379 351 
250 252 351 251 
252 254 253 276 
252 254 276 381 
252 254 381 353 
252 254 353 253 
254 256 255 278 
254 256 278 383 
254 256 383 355 
254 256 355 255 
256 258 257 280 
256 258 280 385 
256 258 385 357 
256 258 357 257 
258 260 259 282 
258 260 282 387 
258 260 387 359 
258 260 359 259 
260 262 261 284 
260 262 284 389 
260 262 389 361 
260 262 361 261 
262 264 263 286 
262 264 286 391 
262 264 391 363 
262 264 363 263 
264 266 265 288 
264 266 288 393 
264 266 393 365 
264 266 365 265 
266 268 267 290 
266 268 290 395 
266 268 395 367 
266 268 367 267 
268 270 269 292 
268 270 292 397 
268 270 397 369 
268 270 369 269 
273 275 404 379 
273 275 379 274 
275 277 276 296 
275 277 405 381 
275 277 381 276 
277 279 278 297 
277 279 406 383 
277 279 383 278 
279 281 280 298 
279 281 407 385 
279 281 385 280 
281 283 282 299 
281 283 409 387 
281 283 387 282 
283 285 284 300 
283 285 411 389 
283 285 389 284 
285 287 286 301 
285 287 413 391 
285 287 391 286 
287 289 288 302 
287 289 415 393 
287 289 393 288 
289 291 290 303 
289 291 417 395 
289 291 395 290 
307 309 308 324 
307 309 324 436 
309 311 310 326 
309 311 326 438 
321 323 322 349 
321 323 349 464 
321 323 464 434 
321 323 434 322 
323 325 324 351 
323 325 351 466 
323 325 466 436 
323 325 436 324 
325 327 326 353 
325 327 353 468 
325 327 468 438 
325 327 438 326 
327 329 328 355 
327 329 355 470 
327 329 470 440 
327 329 440 328 
329 331 330 357 
329 331 357 472 
329 331 472 442 
329 331 442 330 
331 333 332 359 
331 333 359 474 
331 333 474 444 
331 333 444 332 
333 335 334 361 
333 335 361 476 
333 335 476 446 
333 335 446 334 
335 337 336 363 
335 337 363 478 
335 337 478 448 
335 337 448 336 
337 339 338 365 
337 339 365 480 
337 339 480 450 
337 339 450 338 
339 341 340 367 
339 341 367 482 
339 341 482 452 
339 341 452 340 
348 350 349 377 
348 350 377 497 
348 350 497 464 
348 350 464 349 
350 352 351 379 
350 352 379 499 
350 352 499 466 
350 352 466 351 
352 354 353 381 
352 354 381 501 
352 354 501 468 
352 354 468 353 
354 356 355 383 
354 356 383 503 
354 356 503 470 
354 356 470 355 
356 358 357 385 
356 358 385 505 
356 358 505 472 
356 358 472 357 
358 360 359 387 
358 360 387 507 
358 360 507 474 
358 360 474 359 
360 362 361 389 
360 362 389 509 
360 362 509 476 
360 362 476 361 
362 364 363 391 
362 364 391 511 
362 364 511 478 
362 364 478 363 
364 366 365 393 
364 366 393 513 
364 366 513 480 
364 366 480 365 
366 368 367 395 
366 368 395 515 
366 368 515 482 
366 368 482 367 
376 378 530 497 
376 378 497 377 
378 380 379 404 
378 380 532 499 
378 380 499 379 
380 382 381 405 
380 382 534 501 
380 382 501 381 
382 384 383 406 
382 384 536 503 
382 384 503 383 
384 386 385 407 
384 386 407 538 
384 386 538 505 
384 386 505 385 
386 388 387 409 
386 388 409 540 
386 388 540 507 
386 388 507 387 
388 390 389 411 
388 390 411 542 
388 390 542 509 
388 390 509 389 
390 392 391 413 
390 392 413 544 
390 392 544 511 
390 392 511 391 
392 394 393 415 
392 394 415 546 
392 394 546 513 
392 394 513 393 
394 396 395 417 
394 396 417 548 
394 396 548 515 
394 396 515 395 
433 435 434 464 
433 435 464 599 
433 435 599 566 
433 435 566 434 
435 437 436 466 
435 437 466 601 
435 437 601 568 
435 437 568 436 
437 439 438 468 
437 439 468 603 
437 439 603 570 
437 439 570 438 
439 441 440 470 
439 441 470 605 
439 441 605 572 
439 441 572 440 
441 443 442 472 
441 443 472 607 
441 443 607 574 
441 443 574 442 
443 445 444 474 
443 445 474 609 
443 445 609 576 
443 445 576 444 
445 447 446 476 
445 447 476 611 
445 447 611 578 
447 449 448 478 
447 449 478 613 
447 449 613 580 
449 451 450 480 
449 451 480 615 
449 451 615 582 
451 453 452 482 
451 453 482 617 
451 453 617 584 
463 465 464 497 
463 465 497 634 
463 465 634 599 
463 465 599 464 
465 467 466 499 
465 467 499 636 
465 467 636 601 
465 467 601 466 
467 469 468 501 
467 469 501 638 
467 469 638 603 
467 469 603 468 
469 471 470 503 
469 471 503 640 
469 471 640 605 
469 471 605 470 
471 473 472 505 
471 473 505 642 
471 473 642 607 
471 473 607 472 
473 475 474 507 
473 475 507 644 
473 475 644 609 
473 475 609 474 
475 477 476 509 
475 477 509 646 
475 477 646 611 
475 477 611 476 
477 479 478 511 
477 479 511 648 
477 479 648 613 
477 479 613 478 
479 481 480 513 
479 481 513 650 
479 481 650 615 
479 481 615 480 
494 496 495 528 
494 496 528 668 
494 496 668 632 
494 496 632 495 
496 498 497 530 
496 498 530 670 
496 498 670 634 
496 498 634 497 
498 500 499 532 
498 500 532 672 
498 500 672 636 
498 500 636 499 
500 502 501 534 
500 502 534 674 
500 502 674 638 
500 502 638 501 
502 504 503 536 
502 504 536 676 
502 504 676 640 
502 504 640 503 
504 506 505 538 
504 506 538 678 
504 506 678 642 
504 506 642 505 
506 508 507 540 
506 508 540 680 
506 508 680 644 
506 508 644 507 
508 510 509 542 
508 510 542 682 
508 510 682 646 
508 510 646 509 
510 512 511 544 
510 512 544 684 
510 512 684 648 
510 512 648 511 
512 514 513 546 
512 514 546 686 
512 514 686 650 
512 514 650 513 
545 547 704 686 
545 547 686 546 
563 565 564 597 
563 565 597 740 
563 565 740 713 
563 565 713 564 
565 567 566 599 
565 567 599 742 
565 567 742 715 
565 567 715 566 
567 569 568 601 
567 569 601 744 
567 569 744 717 
569 571 570 603 
569 571 603 746 
569 571 746 719 
571 573 572 605 
571 573 605 748 
571 573 748 721 
573 575 574 607 
573 575 607 750 
573 575 750 723 
575 577 576 609 
575 577 609 752 
575 577 752 725 
577 579 578 611 
577 579 611 754 
577 579 754 727 
579 581 580 613 
579 581 613 756 
579 581 756 729 
581 583 582 615 
581 583 615 758 
581 583 758 731 
596 598 597 632 
596 598 632 777 
596 598 777 740 
596 598 740 597 
598 600 599 634 
598 600 634 779 
598 600 779 742 
598 600 742 599 
600 602 601 636 
600 602 636 781 
600 602 781 744 
600 602 744 601 
602 604 603 638 
602 604 638 783 
602 604 783 746 
602 604 746 603 
604 606 605 640 
604 606 640 785 
604 606 785 748 
604 606 748 605 
606 608 607 642 
606 608 642 787 
606 608 787 750 
606 608 750 607 
608 610 609 644 
608 610 644 789 
608 610 789 752 
608 610 752 609 
610 612 611 646 
610 612 646 791 
610 612 791 754 
610 612 754 611 
612 614 613 648 
612 614 648 793 
612 614 793 756 
612 614 756 613 
614 616 615 650 
614 616 650 795 
614 616 795 758 
614 616 758 615 
631 633 632 668 
631 633 668 815 
631 633 815 777 
631 633 777 632 
633 635 634 670 
633 635 670 816 
633 635 816 779 
633 635 779 634 
635 637 636 672 
635 637 672 818 
635 637 818 781 
635 637 781 636 
637 639 638 674 
637 639 674 820 
637 639 820 783 
637 639 783 638 
639 641 640 676 
639 641 676 822 
639 641 822 785 
639 641 785 640 
641 643 642 678 
641 643 678 824 
641 643 824 787 
641 643 787 642 
643 645 644 680 
643 645 680 826 
643 645 826 789 
643 645 789 644 
645 647 646 682 
645 647 682 828 
645 647 828 791 
645 647 791 646 
647 649 648 684 
647 649 684 830 
647 649 830 793 
647 649 793 648 
671 673 853 818 
671 673 818 672 
675 677 854 822 
675 677 822 676 
677 679 855 824 
677 679 824 678 
679 681 856 826 
679 681 826 680 
681 683 857 828 
681 683 828 682 
683 685 858 830 
683 685 830 684 
714 716 715 742 
714 716 742 891 
716 718 717 744 
716 718 744 893 
716 718 893 878 
718 720 719 746 
718 720 746 895 
718 720 895 880 
720 722 721 748 
720 722 748 897 
720 722 897 882 
722 724 723 750 
722 724 750 899 
724 726 725 752 
724 726 752 901 
726 728 727 754 
726 728 754 903 
728 730 729 756 
728 730 756 905 
730 732 731 758 
730 732 758 907 
741 743 742 779 
741 743 779 928 
741 743 891 742 
743 745 744 781 
743 745 781 929 
743 745 929 893 
743 745 893 744 
745 747 746 783 
745 747 783 931 
745 747 931 895 
745 747 895 746 
747 749 748 785 
747 749 785 933 
747 749 933 897 
747 749 897 748 
749 751 750 787 
749 751 787 935 
749 751 935 899 
749 751 899 750 
751 753 752 789 
751 753 789 937 
751 753 937 901 
751 753 901 752 
753 755 754 791 
753 755 791 939 
753 755 939 903 
753 755 903 754 
755 757 756 793 
755 757 793 941 
755 757 941 905 
755 757 905 756 
778 780 779 816 
778 780 928 779 
780 782 781 818 
780 782 818 966 
780 782 966 929 
780 782 929 781 
782 784 783 820 
782 784 820 968 
782 784 968 931 
782 784 931 783 
784 786 785 822 
784 786 822 970 
784 786 970 933 
784 786 933 785 
786 788 787 824 
786 788 824 972 
786 788 972 935 
786 788 935 787 
788 790 789 826 
788 790 826 974 
788 790 974 937 
788 790 937 789 
790 792 791 828 
790 792 828 976 
790 792 976 939 
790 792 939 791 
792 794 793 830 
792 794 830 978 
792 794 978 941 
792 794 941 793 
817 819 818 853 
817 819 966 818 
819 821 1004 968 
819 821 968 820 
821 823 822 854 
821 823 1005 970 
821 823 970 822 
823 825 824 855 
823 825 1007 972 
823 825 972 824 
825 827 826 856 
825 827 1008 974 
825 827 974 826 
827 829 828 857 
827 829 1010 976 
827 829 976 828 
877 879 878 893 
877 879 893 1042 
879 881 880 895 
879 881 895 1043 
881 883 882 897 
881 883 897 1045 
892 894 893 929 
892 894 1042 893 
894 896 895 931 
894 896 931 1078 
894 896 1078 1043 
894 896 1043 895 
896 898 897 933 
896 898 933 1080 
896 898 1080 1045 
896 898 1045 897 
898 900 899 935 
898 900 935 1082 
898 900 1082 1047 
898 900 1047 899 
900 902 901 937 
900 902 937 1084 
900 902 1084 1049 
900 902 1049 901 
902 904 903 939 
902 904 939 1086 
902 904 1086 1051 
902 904 1051 903 
904 906 905 941 
904 906 941 1088 
904 906 1088 1053 
904 906 1053 905 
930 932 931 968 
930 932 968 1116 
930 932 1116 1078 
930 932 1078 931 
932 934 933 970 
932 934 970 1117 
932 934 1117 1080 
932 934 1080 933 
934 936 935 972 
934 936 972 1119 
934 936 1119 1082 
934 936 1082 935 
936 938 937 974 
936 938 974 1121 
936 938 1121 1084 
936 938 1084 937 
938 940 939 976 
938 940 976 1123 
938 940 1123 1086 
938 940 1086 939 
967 969 968 1004 
967 969 1116 968 
969 971 970 1005 
969 971 1005 1153 
969 971 1153 1117 
969 971 1117 970 
971 973 972 1007 
971 973 1007 1154 
971 973 1154 1119 
971 973 1119 972 
973 975 974 1008 
973 975 1008 1156 
973 975 1156 1121 
973 975 1121 974 
975 977 976 1010 
975 977 1010 1158 
975 977 1158 1123 
975 977 1123 976 
1044 1046 1045 1080 
1044 1046 1080 1227 
1044 1046 1227 1197 
1044 1046 1197 1045 
1046 1048 1047 1082 
1046 1048 1082 1228 
1046 1048 1228 1199 
1046 1048 1199 1047 
1048 1050 1049 1084 
1048 1050 1084 1230 
1048 1050 1230 1201 
1048 1050 1201 1049 
1050 1052 1051 1086 
1050 1052 1086 1232 
1050 1052 1232 1203 
1050 1052 1203 1051 
1079 1081 1080 1117 
1079 1081 1227 1080 
1081 1083 1082 1119 
1081 1083 1119 1264 
1081 1083 1264 1228 
1081 1083 1228 1082 
1083 1085 1084 1121 
1083 1085 1121 1266 
1083 1085 1266 1230 
1083 1085 1230 1084 
1085 1087 1086 1123 
1085 1087 1123 1268 
1085 1087 1268 1232 
1085 1087 1232 1086 
1118 1120 1119 1154 
1118 1120 1154 1301 
1118 1120 1301 1264 
1118 1120 1264 1119 
1120 1122 1121 1156 
1120 1122 1156 1302 
1120 1122 1302 1266 
1120 1122 1266 1121 
1200 1202 1201 1230 
1200 1202 1230 1378 
1229 1231 1230 1266 
1229 1231 1266 1415 
1229 1231 1415 1378 
1229 1231 1378 1230 
1265 1267 1266 1302 
1265 1267 1302 1453 
1265 1267 1453 1415 
1265 1267 1415 1266 
5 9 8 36 
5 9 36 38 
5 9 38 10 
5 9 10 8 
9 15 14 45 
9 15 45 47 
9 15 47 16 
9 15 16 14 
15 22 21 55 
15 22 55 57 
15 22 57 23 
15 22 23 21 
22 28 27 65 
22 28 65 67 
22 28 67 29 
22 28 29 27 
6 11 10 38 
6 11 38 40 
6 11 40 12 
6 11 12 10 
11 17 16 47 
11 17 47 49 
11 17 49 18 
11 17 18 16 
17 24 23 57 
17 24 57 59 
17 24 59 25 
17 24 25 23 
24 30 29 67 
24 30 67 69 
24 30 69 31 
24 30 31 29 
13 19 18 49 
13 19 49 51 
19 26 25 59 
19 26 59 61 
35 44 88 90 
35 44 90 45 
44 54 103 105 
44 54 105 55 
32 37 36 77 
32 37 77 79 
32 37 79 38 
32 37 38 36 
37 46 45 90 
37 46 90 92 
37 46 92 47 
37 46 47 45 
46 56 55 105 
46 56 105 107 
46 56 107 57 
46 56 57 55 
56 66 65 119 
56 66 119 121 
56 66 121 67 
56 66 67 65 
33 39 38 79 
33 39 79 81 
33 39 81 40 
33 39 40 38 
39 48 47 92 
39 48 92 94 
39 48 94 49 
39 48 49 47 
48 58 57 107 
48 58 107 109 
48 58 109 59 
48 58 59 57 
58 68 67 121 
58 68 121 123 
58 68 123 69 
58 68 69 67 
34 41 40 81 
34 41 81 83 
34 41 83 42 
34 41 42 40 
41 50 49 94 
41 50 94 96 
41 50 96 51 
41 50 51 49 
50 60 59 109 
50 60 109 111 
50 60 111 61 
50 60 61 59 
60 70 69 123 
60 70 123 125 
60 70 125 71 
60 70 71 69 
43 52 51 96 
43 52 96 98 
52 62 61 111 
52 62 111 113 
52 62 113 63 
62 72 71 125 
62 72 125 127 
53 64 63 113 
53 64 113 115 
76 89 150 152 
76 89 152 90 
76 89 90 88 
89 104 103 170 
89 104 170 172 
89 104 172 105 
89 104 105 103 
104 118 117 189 
104 118 189 191 
104 118 191 119 
104 118 119 117 
73 78 77 136 
73 78 136 138 
73 78 138 79 
73 78 79 77 
78 91 90 152 
78 91 152 154 
78 91 154 92 
78 91 92 90 
91 106 105 172 
91 106 172 174 
91 106 174 107 
91 106 107 105 
106 120 119 191 
106 120 191 193 
106 120 193 121 
106 120 121 119 
74 80 79 138 
74 80 138 140 
74 80 140 81 
74 80 81 79 
80 93 92 154 
80 93 154 156 
80 93 156 94 
80 93 94 92 
93 108 107 174 
93 108 174 176 
93 108 176 109 
93 108 109 107 
108 122 121 193 
108 122 193 195 
108 122 195 123 
108 122 123 121 
82 95 94 156 
82 95 156 158 
82 95 158 96 
82 95 96 94 
95 110 109 176 
95 110 176 178 
95 110 178 111 
95 110 111 109 
110 124 123 195 
110 124 195 197 
110 124 197 125 
110 124 125 123 
75 84 83 142 
75 84 142 144 
75 84 144 85 
75 84 85 83 
84 97 96 158 
84 97 158 160 
84 97 160 98 
84 97 98 96 
97 112 111 178 
97 112 178 180 
97 112 180 113 
97 112 113 111 
112 126 125 197 
112 126 197 199 
112 126 199 127 
112 126 127 125 
86 99 98 160 
86 99 160 162 
86 99 162 100 
99 114 113 180 
99 114 180 182 
99 114 182 115 
99 114 115 113 
114 128 127 199 
114 128 199 201 
114 128 201 129 
114 128 129 127 
87 101 100 162 
87 101 162 164 
101 116 115 182 
101 116 182 184 
116 130 129 201 
116 130 201 203 
133 149 228 230 
133 149 230 150 
149 169 168 251 
149 169 251 253 
149 169 253 170 
149 169 170 168 
169 188 187 274 
169 188 274 276 
169 188 276 189 
169 188 189 187 
132 135 134 211 
132 135 211 213 
132 135 213 136 
132 135 136 134 
135 151 150 230 
135 151 230 232 
135 151 232 152 
135 151 152 150 
151 171 170 253 
151 171 253 255 
151 171 255 172 
151 171 172 170 
171 190 189 276 
171 190 276 278 
171 190 278 191 
171 190 191 189 
137 153 152 232 
137 153 232 234 
137 153 234 154 
137 153 154 152 
153 173 172 255 
153 173 255 257 
153 173 257 174 
153 173 174 172 
173 192 191 278 
173 192 278 280 
173 192 280 193 
173 192 193 191 
139 155 154 234 
139 155 234 236 
139 155 236 156 
139 155 156 154 
155 175 174 257 
155 175 257 259 
155 175 259 176 
155 175 176 174 
175 194 193 280 
175 194 280 282 
175 194 282 195 
175 194 195 193 
141 157 156 236 
141 157 236 238 
141 157 238 158 
141 157 158 156 
157 177 176 259 
157 177 259 261 
157 177 261 178 
157 177 178 176 
177 196 195 282 
177 196 282 284 
177 196 284 197 
177 196 197 195 
143 159 158 238 
143 159 238 240 
143 159 240 160 
143 159 160 158 
159 179 178 261 
159 179 261 263 
159 179 263 180 
159 179 180 178 
179 198 197 284 
179 198 284 286 
179 198 286 199 
179 198 199 197 
145 161 160 240 
145 161 240 242 
145 161 242 162 
145 161 162 160 
161 181 180 263 
161 181 263 265 
161 181 265 182 
161 181 182 180 
181 200 199 286 
181 200 286 288 
181 200 288 201 
181 200 201 199 
147 163 162 242 
147 163 242 244 
147 163 244 164 
147 163 164 162 
163 183 182 265 
163 183 265 267 
163 183 267 184 
163 183 184 182 
183 202 201 288 
183 202 288 290 
183 202 290 203 
183 202 203 201 
148 165 164 244 
148 165 244 246 
165 185 184 267 
165 185 267 269 
185 204 203 290 
185 204 290 292 
185 204 292 205 
186 206 205 292 
209 227 322 324 
209 227 324 228 
227 250 349 351 
227 250 351 251 
250 273 377 379 
250 273 379 274 
210 229 228 324 
210 229 324 326 
210 229 326 230 
210 229 230 228 
229 252 251 351 
229 252 351 353 
229 252 353 253 
229 252 253 251 
252 275 274 379 
252 275 379 381 
252 275 381 276 
252 275 276 274 
212 231 230 326 
212 231 326 328 
212 231 328 232 
212 231 232 230 
231 254 253 353 
231 254 353 355 
231 254 355 255 
231 254 255 253 
254 277 276 381 
254 277 381 383 
254 277 383 278 
254 277 278 276 
214 233 232 328 
214 233 328 330 
214 233 330 234 
214 233 234 232 
233 256 255 355 
233 256 355 357 
233 256 357 257 
233 256 257 255 
256 279 278 383 
256 279 383 385 
256 279 385 280 
256 279 280 278 
216 235 234 330 
216 235 330 332 
216 235 332 236 
216 235 236 234 
235 258 257 357 
235 258 357 359 
235 258 359 259 
235 258 259 257 
258 281 280 385 
258 281 385 387 
258 281 387 282 
258 281 282 280 
218 237 236 332 
218 237 332 334 
218 237 334 238 
218 237 238 236 
237 260 259 359 
237 260 359 361 
237 260 361 261 
237 260 261 259 
260 283 282 387 
260 283 387 389 
260 283 389 284 
260 283 284 282 
220 239 238 334 
220 239 334 336 
220 239 336 240 
220 239 240 238 
239 262 261 361 
239 262 361 363 
239 262 363 263 
239 262 263 261 
262 285 284 389 
262 285 389 391 
262 285 391 286 
262 285 286 284 
222 241 240 336 
222 241 336 338 
222 241 338 242 
222 241 242 240 
241 264 263 363 
241 264 363 365 
241 264 365 265 
241 264 265 263 
264 287 286 391 
264 287 391 393 
264 287 393 288 
264 287 288 286 
223 243 242 338 
223 243 338 340 
223 243 340 244 
223 243 244 242 
243 266 265 365 
243 266 365 367 
243 266 367 267 
243 266 267 265 
266 289 288 393 
266 289 393 395 
266 289 395 290 
266 289 290 288 
225 245 244 340 
225 245 340 342 
225 245 342 246 
225 245 246 244 
245 268 267 367 
245 268 367 369 
245 268 369 269 
245 268 269 267 
268 291 290 395 
268 291 395 397 
268 291 397 292 
268 291 292 290 
226 247 246 342 
226 247 248 246 
247 270 269 369 
247 270 271 269 
348 376 495 497 
348 376 497 377 
307 323 322 434 
307 323 434 436 
307 323 436 324 
307 323 324 322 
323 350 349 464 
323 350 464 466 
323 350 466 351 
323 350 351 349 
350 378 377 497 
350 378 497 499 
350 378 499 379 
350 378 379 377 
309 325 324 436 
309 325 436 438 
309 325 438 326 
309 325 326 324 
325 352 351 466 
325 352 466 468 
325 352 468 353 
325 352 353 351 
352 380 379 499 
352 380 499 501 
352 380 501 381 
352 380 381 379 
311 327 326 438 
311 327 438 440 
311 327 440 328 
311 327 328 326 
327 354 353 468 
327 354 468 470 
327 354 470 355 
327 354 355 353 
354 382 381 501 
354 382 501 503 
354 382 503 383 
354 382 383 381 
312 329 328 440 
312 329 440 442 
312 329 442 330 
312 329 330 328 
329 356 355 470 
329 356 470 472 
329 356 472 357 
329 356 357 355 
356 384 383 503 
356 384 503 505 
356 384 505 385 
356 384 385 383 
313 331 330 442 
313 331 442 444 
313 331 444 332 
313 331 332 330 
331 358 357 472 
331 358 472 474 
331 358 474 359 
331 358 359 357 
358 386 385 505 
358 386 505 507 
358 386 507 387 
358 386 387 385 
386 408 407 538 
386 408 538 540 
386 408 540 409 
386 408 409 407 
314 333 332 444 
314 333 444 446 
314 333 446 334 
314 333 334 332 
333 360 359 474 
333 360 474 476 
333 360 476 361 
333 360 361 359 
360 388 387 507 
360 388 507 509 
360 388 509 389 
360 388 389 387 
388 410 409 540 
388 410 540 542 
388 410 542 411 
388 410 411 409 
315 335 334 446 
315 335 446 448 
315 335 448 336 
315 335 336 334 
335 362 361 476 
335 362 476 478 
335 362 478 363 
335 362 363 361 
362 390 389 509 
362 390 509 511 
362 390 511 391 
362 390 391 389 
390 412 411 542 
390 412 542 544 
390 412 544 413 
390 412 413 411 
316 337 336 448 
316 337 448 450 
316 337 450 338 
316 337 338 336 
337 364 363 478 
337 364 478 480 
337 364 480 365 
337 364 365 363 
364 392 391 511 
364 392 511 513 
364 392 513 393 
364 392 393 391 
392 414 413 544 
392 414 544 546 
392 414 546 415 
392 414 415 413 
317 339 338 450 
317 339 450 452 
317 339 452 340 
317 339 340 338 
339 366 365 480 
339 366 480 482 
339 366 482 367 
339 366 367 365 
366 394 393 513 
366 394 513 515 
366 394 515 395 
366 394 395 393 
394 416 415 546 
394 416 546 548 
394 416 548 417 
394 416 417 415 
318 341 340 452 
318 341 452 454 
318 341 454 342 
318 341 342 340 
341 368 367 482 
341 368 369 367 
368 396 395 515 
368 396 397 395 
433 463 597 599 
433 463 599 464 
463 496 495 632 
463 496 632 634 
463 496 634 497 
463 496 497 495 
496 529 528 668 
496 529 668 670 
496 529 670 530 
496 529 530 528 
427 435 434 566 
427 435 566 568 
427 435 568 436 
427 435 436 434 
435 465 464 599 
435 465 599 601 
435 465 601 466 
435 465 466 464 
465 498 497 634 
465 498 634 636 
465 498 636 499 
465 498 499 497 
498 531 530 670 
498 531 670 672 
498 531 672 532 
498 531 532 530 
428 437 436 568 
428 437 568 570 
428 437 570 438 
428 437 438 436 
437 467 466 601 
437 467 601 603 
437 467 603 468 
437 467 468 466 
467 500 499 636 
467 500 636 638 
467 500 638 501 
467 500 501 499 
500 533 532 672 
500 533 672 674 
500 533 674 534 
500 533 534 532 
429 439 438 570 
429 439 570 572 
429 439 572 440 
429 439 440 438 
439 469 468 603 
439 469 603 605 
439 469 605 470 
439 469 470 468 
469 502 501 638 
469 502 638 640 
469 502 640 503 
469 502 503 501 
502 535 534 674 
502 535 674 676 
502 535 676 536 
502 535 536 534 
430 441 440 572 
430 441 572 574 
430 441 574 442 
430 441 442 440 
441 471 470 605 
441 471 605 607 
441 471 607 472 
441 471 472 470 
471 504 503 640 
471 504 640 642 
471 504 642 505 
471 504 505 503 
504 537 536 676 
504 537 676 678 
504 537 678 538 
504 537 538 536 
431 443 442 574 
431 443 574 576 
431 443 576 444 
431 443 444 442 
443 473 472 607 
443 473 607 609 
443 473 609 474 
443 473 474 472 
473 506 505 642 
473 506 642 644 
473 506 644 507 
473 506 507 505 
506 539 538 678 
506 539 678 680 
506 539 680 540 
506 539 540 538 
445 475 474 609 
445 475 609 611 
445 475 611 476 
445 475 476 474 
475 508 507 644 
475 508 644 646 
475 508 646 509 
475 508 509 507 
508 541 540 680 
508 541 680 682 
508 541 682 542 
508 541 542 540 
447 477 476 611 
447 477 611 613 
447 477 613 478 
447 477 478 476 
477 510 509 646 
477 510 646 648 
477 510 648 511 
477 510 511 509 
510 543 542 682 
510 543 682 684 
510 543 684 544 
510 543 544 542 
449 479 478 613 
449 479 613 615 
449 479 615 480 
449 479 480 478 
479 512 511 648 
479 512 648 650 
479 512 650 513 
479 512 513 511 
512 545 544 684 
512 545 684 686 
512 545 686 546 
512 545 546 544 
451 481 480 615 
451 481 615 617 
451 481 617 482 
451 481 482 480 
481 514 513 650 
481 514 515 513 
514 547 546 686 
514 547 548 546 
562 565 564 713 
562 565 713 715 
562 565 715 566 
562 565 566 564 
565 598 597 740 
565 598 740 742 
565 598 742 599 
565 598 599 597 
598 633 632 777 
598 633 777 779 
598 633 779 634 
598 633 634 632 
633 669 668 815 
633 669 815 816 
633 669 816 670 
633 669 670 668 
567 600 599 742 
567 600 742 744 
567 600 744 601 
567 600 601 599 
600 635 634 779 
600 635 779 781 
600 635 781 636 
600 635 636 634 
635 671 670 816 
635 671 816 818 
635 671 818 672 
635 671 672 670 
569 602 601 744 
569 602 744 746 
569 602 746 603 
569 602 603 601 
602 637 636 781 
602 637 781 783 
602 637 783 638 
602 637 638 636 
637 673 672 818 
637 673 818 820 
637 673 820 674 
637 673 674 672 
571 604 603 746 
571 604 746 748 
571 604 748 605 
571 604 605 603 
604 639 638 783 
604 639 783 785 
604 639 785 640 
604 639 640 638 
639 675 674 820 
639 675 820 822 
639 675 822 676 
639 675 676 674 
573 606 605 748 
573 606 748 750 
573 606 750 607 
573 606 607 605 
606 641 640 785 
606 641 785 787 
606 641 787 642 
606 641 642 640 
641 677 676 822 
641 677 822 824 
641 677 824 678 
641 677 678 676 
575 608 607 750 
575 608 750 752 
575 608 752 609 
575 608 609 607 
608 643 642 787 
608 643 787 789 
608 643 789 644 
608 643 644 642 
643 679 678 824 
643 679 824 826 
643 679 826 680 
643 679 680 678 
577 610 609 752 
577 610 752 754 
577 610 754 611 
577 610 611 609 
610 645 644 789 
610 645 789 791 
610 645 791 646 
610 645 646 644 
645 681 680 826 
645 681 826 828 
645 681 828 682 
645 681 682 680 
579 612 611 754 
579 612 754 756 
579 612 756 613 
579 612 613 611 
612 647 646 791 
612 647 791 793 
612 647 793 648 
612 647 648 646 
647 683 682 828 
647 683 828 830 
647 683 830 684 
647 683 684 682 
581 614 613 756 
581 614 756 758 
581 614 758 615 
581 614 615 613 
614 649 648 793 
614 649 793 795 
614 649 795 650 
614 649 650 648 
649 685 684 830 
649 685 686 684 
583 616 615 758 
583 616 617 615 
714 741 891 742 
714 741 742 740 
741 778 928 779 
741 778 779 777 
716 743 742 891 
716 743 891 893 
716 743 893 744 
716 743 744 742 
743 780 779 928 
743 780 929 781 
743 780 781 779 
780 817 966 818 
780 817 818 816 
718 745 744 893 
718 745 893 895 
718 745 895 746 
718 745 746 744 
745 782 781 929 
745 782 929 931 
745 782 931 783 
745 782 783 781 
782 819 818 966 
782 819 966 968 
782 819 968 820 
782 819 820 818 
720 747 746 895 
720 747 895 897 
720 747 897 748 
720 747 748 746 
747 784 783 931 
747 784 931 933 
747 784 933 785 
747 784 785 783 
784 821 820 968 
784 821 968 970 
784 821 970 822 
784 821 822 820 
722 749 748 897 
722 749 897 899 
722 749 899 750 
722 749 750 748 
749 786 785 933 
749 786 933 935 
749 786 935 787 
749 786 787 785 
786 823 822 970 
786 823 970 972 
786 823 972 824 
786 823 824 822 
724 751 750 899 
724 751 899 901 
724 751 901 752 
724 751 752 750 
751 788 787 935 
751 788 935 937 
751 788 937 789 
751 788 789 787 
788 825 824 972 
788 825 972 974 
788 825 974 826 
788 825 826 824 
726 753 752 901 
726 753 901 903 
726 753 903 754 
726 753 754 752 
753 790 789 937 
753 790 937 939 
753 790 939 791 
753 790 791 789 
790 827 826 974 
790 827 974 976 
790 827 976 828 
790 827 828 826 
728 755 754 903 
728 755 903 905 
728 755 905 756 
728 755 756 754 
755 792 791 939 
755 792 939 941 
755 792 941 793 
755 792 793 791 
792 829 828 976 
792 829 976 978 
792 829 978 830 
792 829 830 828 
730 757 756 905 
730 757 905 907 
730 757 907 758 
730 757 758 756 
757 794 793 941 
757 794 795 793 
877 892 1042 893 
877 892 893 891 
879 894 893 1042 
879 894 1043 895 
879 894 895 893 
894 930 1078 931 
894 930 931 929 
930 967 1116 968 
930 967 968 966 
881 896 895 1043 
881 896 1043 1045 
881 896 1045 897 
881 896 897 895 
896 932 931 1078 
896 932 1078 1080 
896 932 1080 933 
896 932 933 931 
932 969 968 1116 
932 969 1116 1117 
932 969 1117 970 
932 969 970 968 
883 898 897 1045 
883 898 1045 1047 
883 898 1047 899 
883 898 899 897 
898 934 933 1080 
898 934 1080 1082 
898 934 1082 935 
898 934 935 933 
934 971 970 1117 
934 971 1117 1119 
934 971 1119 972 
934 971 972 970 
971 1006 1005 1153 
971 1006 1153 1154 
971 1006 1154 1007 
971 1006 1007 1005 
884 900 899 1047 
884 900 1047 1049 
884 900 1049 901 
884 900 901 899 
900 936 935 1082 
900 936 1082 1084 
900 936 1084 937 
900 936 937 935 
936 973 972 1119 
936 973 1119 1121 
936 973 1121 974 
936 973 974 972 
885 902 901 1049 
885 902 1049 1051 
885 902 1051 903 
885 902 903 901 
902 938 937 1084 
902 938 1084 1086 
902 938 1086 939 
902 938 939 937 
938 975 974 1121 
938 975 1121 1123 
938 975 1123 976 
938 975 976 974 
975 1009 1008 1156 
975 1009 1156 1158 
975 1009 1158 1010 
975 1009 1010 1008 
886 904 903 1051 
886 904 1051 1053 
886 904 1053 905 
886 904 905 903 
904 940 939 1086 
904 940 1086 1088 
904 940 1088 941 
904 940 941 939 
940 977 976 1123 
940 977 978 976 
887 906 905 1053 
887 906 907 905 
1044 1079 1227 1080 
1044 1079 1080 1078 
1039 1046 1045 1197 
1039 1046 1197 1199 
1039 1046 1199 1047 
1039 1046 1047 1045 
1046 1081 1080 1227 
1046 1081 1227 1228 
1046 1081 1228 1082 
1046 1081 1082 1080 
1081 1118 1264 1119 
1081 1118 1119 1117 
1040 1048 1047 1199 
1040 1048 1199 1201 
1040 1048 1201 1049 
1040 1048 1049 1047 
1048 1083 1082 1228 
1048 1083 1228 1230 
1048 1083 1230 1084 
1048 1083 1084 1082 
1083 1120 1119 1264 
1083 1120 1264 1266 
1083 1120 1266 1121 
1083 1120 1121 1119 
1120 1155 1154 1301 
1120 1155 1301 1302 
1120 1155 1302 1156 
1120 1155 1156 1154 
1041 1050 1049 1201 
1041 1050 1201 1203 
1041 1050 1203 1051 
1041 1050 1051 1049 
1050 1085 1084 1230 
1050 1085 1230 1232 
1050 1085 1232 1086 
1050 1085 1086 1084 
1085 1122 1121 1266 
1085 1122 1266 1268 
1085 1122 1268 1123 
1085 1122 1123 1121 
1122 1157 1156 1302 
1122 1157 1158 1156 
1052 1087 1086 1232 
1052 1087 1088 1086 
1200 1229 1378 1230 
1200 1229 1230 1228 
1229 1265 1415 1266 
1229 1265 1266 1264 
1202 1231 1230 1378 
1202 1231 1232 1230 
1231 1267 1266 1415 
1231 1267 1268 1266 
209 307 308 324 
209 307 324 322 
133 210 211 230 
133 210 230 228 
210 309 310 326 
210 309 326 324 
210 309 324 308 
35 76 77 90 
35 76 90 88 
76 135 134 136 
76 135 136 152 
76 135 152 150 
76 135 150 134 
135 212 211 213 
135 212 213 232 
135 212 232 230 
135 212 230 211 
212 311 328 326 
212 311 326 310 
0 9 8 10 
0 9 10 16 
0 9 16 14 
0 9 14 8 
9 37 36 38 
9 37 38 47 
9 37 47 45 
9 37 45 36 
37 78 77 79 
37 78 79 92 
37 78 92 90 
37 78 90 77 
78 137 136 138 
78 137 138 154 
78 137 154 152 
78 137 152 136 
137 214 215 234 
137 214 234 232 
137 214 232 213 
1 11 10 12 
1 11 12 18 
1 11 18 16 
1 11 16 10 
11 39 38 40 
11 39 40 49 
11 39 49 47 
11 39 47 38 
39 80 79 81 
39 80 81 94 
39 80 94 92 
39 80 92 79 
80 139 138 140 
80 139 140 156 
80 139 156 154 
80 139 154 138 
139 216 217 236 
139 216 236 234 
139 216 234 215 
13 41 40 42 
13 41 42 51 
13 41 51 49 
13 41 49 40 
41 82 81 83 
41 82 83 96 
41 82 96 94 
41 82 94 81 
82 141 142 158 
82 141 158 156 
82 141 156 140 
141 218 219 238 
141 218 238 236 
141 218 236 217 
43 84 83 85 
43 84 85 98 
43 84 98 96 
43 84 96 83 
84 143 142 144 
84 143 144 160 
84 143 160 158 
84 143 158 142 
143 220 221 240 
143 220 240 238 
143 220 238 219 
86 145 146 162 
86 145 162 160 
86 145 160 144 
145 222 242 240 
145 222 240 221 
87 147 164 162 
87 147 162 146 
147 223 224 244 
147 223 244 242 
148 225 246 244 
148 225 244 224 
433 565 564 566 
433 565 566 599 
433 565 599 597 
433 565 597 564 
565 714 713 715 
565 714 715 742 
565 714 742 740 
565 714 740 713 
227 323 322 324 
227 323 324 351 
227 323 351 349 
227 323 349 322 
323 435 434 436 
323 435 436 466 
323 435 466 464 
323 435 464 434 
435 567 566 568 
435 567 568 601 
435 567 601 599 
435 567 599 566 
567 716 717 744 
567 716 744 742 
567 716 742 715 
716 877 878 893 
716 877 893 891 
149 229 228 230 
149 229 230 253 
149 229 253 251 
149 229 251 228 
229 325 324 326 
229 325 326 353 
229 325 353 351 
229 325 351 324 
325 437 436 438 
325 437 438 468 
325 437 468 466 
325 437 466 436 
437 569 568 570 
437 569 570 603 
437 569 603 601 
437 569 601 568 
569 718 719 746 
569 718 746 744 
569 718 744 717 
718 879 880 895 
718 879 895 893 
718 879 893 878 
44 89 88 90 
44 89 90 105 
44 89 105 103 
89 151 150 152 
89 151 152 172 
89 151 172 170 
89 151 170 150 
151 231 230 232 
151 231 232 255 
151 231 255 253 
151 231 253 230 
231 327 326 328 
231 327 328 355 
231 327 355 353 
231 327 353 326 
327 439 438 440 
327 439 440 470 
327 439 470 468 
327 439 468 438 
439 571 570 572 
439 571 572 605 
439 571 605 603 
439 571 603 570 
571 720 721 748 
571 720 748 746 
571 720 746 719 
720 881 882 897 
720 881 897 895 
720 881 895 880 
15 46 45 47 
15 46 47 57 
15 46 57 55 
15 46 55 45 
46 91 90 92 
46 91 92 107 
46 91 107 105 
46 91 105 90 
91 153 152 154 
91 153 154 174 
91 153 174 172 
91 153 172 152 
153 233 232 234 
153 233 234 257 
153 233 257 255 
153 233 255 232 
233 329 328 330 
233 329 330 357 
233 329 357 355 
233 329 355 328 
329 441 440 442 
329 441 442 472 
329 441 472 470 
329 441 470 440 
441 573 572 574 
441 573 574 607 
441 573 607 605 
441 573 605 572 
573 722 723 750 
573 722 750 748 
573 722 748 721 
722 883 899 897 
722 883 897 882 
2 17 16 18 
2 17 18 25 
2 17 25 23 
2 17 23 16 
17 48 47 49 
17 48 49 59 
17 48 59 57 
17 48 57 47 
48 93 92 94 
48 93 94 109 
48 93 109 107 
48 93 107 92 
93 155 154 156 
93 155 156 176 
93 155 176 174 
93 155 174 154 
155 235 234 236 
155 235 236 259 
155 235 259 257 
155 235 257 234 
235 331 330 332 
235 331 332 359 
235 331 359 357 
235 331 357 330 
331 443 442 444 
331 443 444 474 
331 443 474 472 
331 443 472 442 
443 575 574 576 
443 575 576 609 
443 575 609 607 
443 575 607 574 
575 724 725 752 
575 724 752 750 
575 724 750 723 
19 50 49 51 
19 50 51 61 
19 50 61 59 
19 50 59 49 
50 95 94 96 
50 95 96 111 
50 95 111 109 
50 95 109 94 
95 157 156 158 
95 157 158 178 
95 157 178 176 
95 157 176 156 
157 237 236 238 
157 237 238 261 
157 237 261 259 
157 237 259 236 
237 333 332 334 
237 333 334 361 
237 333 361 359 
237 333 359 332 
333 445 444 446 
333 445 446 476 
333 445 476 474 
333 445 474 444 
445 577 578 611 
445 577 611 609 
445 577 609 576 
577 726 727 754 
577 726 754 752 
577 726 752 725 
52 97 96 98 
52 97 98 113 
52 97 113 111 
52 97 111 96 
97 159 158 160 
97 159 160 180 
97 159 180 178 
97 159 178 158 
159 239 238 240 
159 239 240 263 
159 239 263 261 
159 239 261 238 
239 335 334 336 
239 335 336 363 
239 335 363 361 
239 335 361 334 
335 447 446 448 
335 447 448 478 
335 447 478 476 
335 447 476 446 
447 579 580 613 
447 579 613 611 
447 579 611 578 
579 728 729 756 
579 728 756 754 
579 728 754 727 
53 99 115 113 
53 99 113 98 
99 161 160 162 
99 161 162 182 
99 161 182 180 
99 161 180 160 
161 241 240 242 
161 241 242 265 
161 241 265 263 
161 241 263 240 
241 337 336 338 
241 337 338 365 
241 337 365 363 
241 337 363 336 
337 449 448 450 
337 449 450 480 
337 449 480 478 
337 449 478 448 
449 581 582 615 
449 581 615 613 
449 581 613 580 
581 730 731 758 
581 730 758 756 
581 730 756 729 
101 163 162 164 
101 163 164 184 
101 163 184 182 
101 163 182 162 
163 243 242 244 
163 243 244 267 
163 243 267 265 
163 243 265 242 
243 339 338 340 
243 339 340 367 
243 339 367 365 
243 339 365 338 
339 451 450 452 
339 451 452 482 
339 451 482 480 
339 451 480 450 
451 583 584 617 
451 583 617 615 
451 583 615 582 
165 245 244 246 
165 245 246 269 
165 245 269 267 
165 245 267 244 
245 341 340 342 
245 341 342 369 
245 341 369 367 
245 341 367 340 
341 453 452 454 
341 453 482 452 
166 247 246 248 
166 247 248 271 
166 247 271 269 
166 247 269 246 
348 463 464 497 
348 463 497 495 
463 598 597 599 
463 598 599 634 
463 598 634 632 
463 598 632 597 
598 741 740 742 
598 741 742 779 
598 741 779 777 
598 741 777 740 
250 350 349 351 
250 350 351 379 
250 350 379 377 
250 350 377 349 
350 465 464 466 
350 465 466 499 
350 465 499 497 
350 465 497 464 
465 600 599 601 
465 600 601 636 
465 600 636 634 
465 600 634 599 
600 743 742 744 
600 743 744 781 
600 743 781 779 
600 743 779 742 
743 892 891 893 
743 892 893 929 
102 169 168 170 
102 169 170 189 
102 169 189 187 
102 169 187 168 
169 252 251 253 
169 252 253 276 
169 252 276 274 
169 252 274 251 
252 352 351 353 
252 352 353 381 
252 352 381 379 
252 352 379 351 
352 467 466 468 
352 467 468 501 
352 467 501 499 
352 467 499 466 
467 602 601 603 
467 602 603 638 
467 602 638 636 
467 602 636 601 
602 745 744 746 
602 745 746 783 
602 745 783 781 
602 745 781 744 
745 894 893 895 
745 894 895 931 
745 894 931 929 
745 894 929 893 
54 104 103 105 
54 104 105 119 
54 104 119 117 
54 104 117 103 
104 171 170 172 
104 171 172 191 
104 171 191 189 
104 171 189 170 
171 254 253 255 
171 254 255 278 
171 254 278 276 
171 254 276 253 
254 354 353 355 
254 354 355 383 
254 354 383 381 
254 354 381 353 
354 469 468 470 
354 469 470 503 
354 469 503 501 
354 469 501 468 
469 604 603 605 
469 604 605 640 
469 604 640 638 
469 604 638 603 
604 747 746 748 
604 747 748 785 
604 747 785 783 
604 747 783 746 
747 896 895 897 
747 896 897 933 
747 896 933 931 
747 896 931 895 
896 1044 1043 1045 
896 1044 1045 1080 
896 1044 1080 1078 
896 1044 1078 1043 
3 22 21 23 
3 22 23 29 
3 22 29 27 
3 22 27 21 
22 56 55 57 
22 56 57 67 
22 56 67 65 
22 56 65 55 
56 106 105 107 
56 106 107 121 
56 106 121 119 
56 106 119 105 
106 173 172 174 
106 173 174 193 
106 173 193 191 
106 173 191 172 
173 256 255 257 
173 256 257 280 
173 256 280 278 
173 256 278 255 
256 356 355 357 
256 356 357 385 
256 356 385 383 
256 356 383 355 
356 471 470 472 
356 471 472 505 
356 471 505 503 
356 471 503 470 
471 606 605 607 
471 606 607 642 
471 606 642 640 
471 606 640 605 
606 749 748 750 
606 749 750 787 
606 749 787 785 
606 749 785 748 
749 898 897 899 
749 898 899 935 
749 898 935 933 
749 898 933 897 
898 1046 1045 1047 
898 1046 1047 1082 
898 1046 1082 1080 
898 1046 1080 1045 
1046 1198 1197 1199 
1046 1198 1199 1228 
1046 1198 1228 1227 
1046 1198 1227 1197 
4 24 23 25 
4 24 25 31 
4 24 31 29 
4 24 29 23 
24 58 57 59 
24 58 59 69 
24 58 69 67 
24 58 67 57 
58 108 107 109 
58 108 109 123 
58 108 123 121 
58 108 121 107 
108 175 174 176 
108 175 176 195 
108 175 195 193 
108 175 193 174 
175 258 257 259 
175 258 259 282 
175 258 282 280 
175 258 280 257 
258 358 357 359 
258 358 359 387 
258 358 387 385 
258 358 385 357 
358 473 472 474 
358 473 474 507 
358 473 507 505 
358 473 505 472 
473 608 607 609 
473 608 609 644 
473 608 644 642 
473 608 642 607 
608 751 750 752 
608 751 752 789 
608 751 789 787 
608 751 787 750 
751 900 899 901 
751 900 901 937 
751 900 937 935 
751 900 935 899 
900 1048 1047 1049 
900 1048 1049 1084 
900 1048 1084 1082 
900 1048 1082 1047 
1048 1200 1199 1201 
1048 1200 1201 1230 
1048 1200 1230 1228 
1048 1200 1228 1199 
26 60 59 61 
26 60 61 71 
26 60 71 69 
26 60 69 59 
60 110 109 111 
60 110 111 125 
60 110 125 123 
60 110 123 109 
110 177 176 178 
110 177 178 197 
110 177 197 195 
110 177 195 176 
177 260 259 261 
177 260 261 284 
177 260 284 282 
177 260 282 259 
260 360 359 361 
260 360 361 389 
260 360 389 387 
260 360 387 359 
360 475 474 476 
360 475 476 509 
360 475 509 507 
360 475 507 474 
475 610 609 611 
475 610 611 646 
475 610 646 644 
475 610 644 609 
610 753 752 754 
610 753 754 791 
610 753 791 789 
610 753 789 752 
753 902 901 903 
753 902 903 939 
753 902 939 937 
753 902 937 901 
902 1050 1049 1051 
902 1050 1051 1086 
902 1050 1086 1084 
902 1050 1084 1049 
1050 1202 1201 1203 
1050 1202 1203 1232 
1050 1202 1232 1230 
1050 1202 1230 1201 
62 112 111 113 
62 112 113 127 
62 112 127 125 
62 112 125 111 
112 179 178 180 
112 179 180 199 
112 179 199 197 
112 179 197 178 
179 262 261 263 
179 262 263 286 
179 262 286 284 
179 262 284 261 
262 362 361 363 
262 362 363 391 
262 362 391 389 
262 362 389 361 
362 477 476 478 
362 477 478 511 
362 477 511 509 
362 477 509 476 
477 612 611 613 
477 612 613 648 
477 612 648 646 
477 612 646 611 
612 755 754 756 
612 755 756 793 
612 755 793 791 
612 755 791 754 
755 904 903 905 
755 904 905 941 
755 904 941 939 
755 904 939 903 
904 1052 1051 1053 
904 1052 1053 1088 
904 1052 1088 1086 
904 1052 1086 1051 
64 114 113 115 
64 114 115 129 
64 114 129 127 
64 114 127 113 
114 181 180 182 
114 181 182 201 
114 181 201 199 
114 181 199 180 
181 264 263 265 
181 264 265 288 
181 264 288 286 
181 264 286 263 
264 364 363 365 
264 364 365 393 
264 364 393 391 
264 364 391 363 
364 479 478 480 
364 479 480 513 
364 479 513 511 
364 479 511 478 
479 614 613 615 
479 614 615 650 
479 614 650 648 
479 614 648 613 
614 757 756 758 
614 757 758 795 
614 757 795 793 
614 757 793 756 
757 906 905 907 
757 906 941 905 
116 183 182 184 
116 183 184 203 
116 183 203 201 
116 183 201 182 
183 266 265 267 
183 266 267 290 
183 266 290 288 
183 266 288 265 
266 366 365 367 
266 366 367 395 
266 366 395 393 
266 366 393 365 
366 481 480 482 
366 481 482 515 
366 481 515 513 
366 481 513 480 
481 616 615 617 
481 616 650 615 
185 268 267 269 
185 268 269 292 
185 268 292 290 
185 268 290 267 
268 368 367 369 
268 368 369 397 
268 368 397 395 
268 368 395 367 
186 270 269 271 
186 270 292 269 
376 496 495 497 
376 496 497 530 
376 496 530 528 
376 496 528 495 
496 633 632 634 
496 633 634 670 
496 633 670 668 
496 633 668 632 
633 778 777 779 
633 778 779 816 
633 778 816 815 
633 778 815 777 
273 378 377 379 
273 378 379 404 
378 498 497 499 
378 498 499 532 
378 498 532 530 
378 498 530 497 
498 635 634 636 
498 635 636 672 
498 635 672 670 
498 635 670 634 
635 780 779 781 
635 780 781 818 
635 780 818 816 
635 780 816 779 
188 275 274 276 
188 275 276 296 
275 380 379 381 
275 380 381 405 
275 380 404 379 
380 500 499 501 
380 500 501 534 
380 500 534 532 
380 500 532 499 
500 637 636 638 
500 637 638 674 
500 637 674 672 
500 637 672 636 
637 782 781 783 
637 782 783 820 
637 782 820 818 
637 782 818 781 
782 930 929 931 
782 930 931 968 
782 930 968 966 
782 930 966 929 
190 277 276 278 
190 277 278 297 
190 277 296 276 
277 382 381 383 
277 382 383 406 
277 382 405 381 
382 502 501 503 
382 502 503 536 
382 502 536 534 
382 502 534 501 
502 639 638 640 
502 639 640 676 
502 639 676 674 
502 639 674 638 
639 784 783 785 
639 784 785 822 
639 784 822 820 
639 784 820 783 
784 932 931 933 
784 932 933 970 
784 932 970 968 
784 932 968 931 
932 1079 1078 1080 
932 1079 1080 1117 
932 1079 1117 1116 
932 1079 1116 1078 
192 279 278 280 
192 279 280 298 
192 279 297 278 
279 384 383 385 
279 384 385 407 
279 384 406 383 
384 504 503 505 
384 504 505 538 
384 504 538 536 
384 504 536 503 
504 641 640 642 
504 641 642 678 
504 641 678 676 
504 641 676 640 
641 786 785 787 
641 786 787 824 
641 786 824 822 
641 786 822 785 
786 934 933 935 
786 934 935 972 
786 934 972 970 
786 934 970 933 
934 1081 1080 1082 
934 1081 1082 1119 
934 1081 1119 1117 
934 1081 1117 1080 
194 281 280 282 
194 281 282 299 
194 281 298 280 
281 386 385 387 
281 386 387 409 
281 386 409 407 
281 386 407 385 
386 506 505 507 
386 506 507 540 
386 506 540 538 
386 506 538 505 
506 643 642 644 
506 643 644 680 
506 643 680 678 
506 643 678 642 
643 788 787 789 
643 788 789 826 
643 788 826 824 
643 788 824 787 
788 936 935 937 
788 936 937 974 
788 936 974 972 
788 936 972 935 
936 1083 1082 1084 
936 1083 1084 1121 
936 1083 1121 1119 
936 1083 1119 1082 
1083 1229 1228 1230 
1083 1229 1230 1266 
1083 1229 1266 1264 
1083 1229 1264 1228 
70 124 123 125 
70 124 125 131 
196 283 282 284 
196 283 284 300 
196 283 299 282 
283 388 387 389 
283 388 389 411 
283 388 411 409 
283 388 409 387 
388 508 507 509 
388 508 509 542 
388 508 542 540 
388 508 540 507 
508 645 644 646 
508 645 646 682 
508 645 682 680 
508 645 680 644 
645 790 789 791 
645 790 791 828 
645 790 828 826 
645 790 826 789 
790 938 937 939 
790 938 939 976 
790 938 976 974 
790 938 974 937 
938 1085 1084 1086 
938 1085 1086 1123 
938 1085 1123 1121 
938 1085 1121 1084 
1085 1231 1230 1232 
1085 1231 1232 1268 
1085 1231 1268 1266 
1085 1231 1266 1230 
72 126 125 127 
72 126 131 125 
126 198 197 199 
126 198 199 207 
198 285 284 286 
198 285 286 301 
198 285 300 284 
285 390 389 391 
285 390 391 413 
285 390 413 411 
285 390 411 389 
390 510 509 511 
390 510 511 544 
390 510 544 542 
390 510 542 509 
510 647 646 648 
510 647 648 684 
510 647 684 682 
510 647 682 646 
647 792 791 793 
647 792 793 830 
647 792 830 828 
647 792 828 791 
792 940 939 941 
792 940 941 978 
792 940 978 976 
792 940 976 939 
940 1087 1086 1088 
940 1087 1123 1086 
128 200 199 201 
128 200 201 208 
128 200 207 199 
200 287 286 288 
200 287 288 302 
200 287 301 286 
287 392 391 393 
287 392 393 415 
287 392 415 413 
287 392 413 391 
392 512 511 513 
392 512 513 546 
392 512 546 544 
392 512 544 511 
512 649 648 650 
512 649 650 686 
512 649 686 684 
512 649 684 648 
649 794 793 795 
649 794 830 793 
130 202 201 203 
130 202 208 201 
202 289 288 290 
202 289 290 303 
202 289 302 288 
289 394 393 395 
289 394 395 417 
289 394 417 415 
289 394 415 393 
394 514 513 515 
394 514 515 548 
394 514 548 546 
394 514 546 513 
204 291 290 292 
204 291 292 304 
204 291 303 290 
291 396 395 397 
291 396 417 395 
671 817 816 818 
671 817 818 853 
673 819 818 820 
673 819 853 818 
819 967 966 968 
819 967 968 1004 
675 821 820 822 
675 821 822 854 
821 969 968 970 
821 969 970 1005 
821 969 1004 968 
677 823 822 824 
677 823 824 855 
677 823 854 822 
823 971 970 972 
823 971 972 1007 
823 971 1007 1005 
823 971 1005 970 
971 1118 1117 1119 
971 1118 1119 1154 
971 1118 1154 1153 
971 1118 1153 1117 
679 825 824 826 
679 825 826 856 
679 825 855 824 
825 973 972 974 
825 973 974 1008 
825 973 1007 972 
973 1120 1119 1121 
973 1120 1121 1156 
973 1120 1156 1154 
973 1120 1154 1119 
1120 1265 1264 1266 
1120 1265 1266 1302 
1120 1265 1302 1301 
1120 1265 1301 1264 
681 827 826 828 
681 827 828 857 
681 827 856 826 
827 975 974 976 
827 975 976 1010 
827 975 1010 1008 
827 975 1008 974 
975 1122 1121 1123 
975 1122 1123 1158 
975 1122 1158 1156 
975 1122 1156 1121 
1122 1267 1266 1268 
1122 1267 1302 1266 
683 829 828 830 
683 829 830 858 
683 829 857 828 
829 977 976 978 
829 977 1010 976 
545 685 684 686 
545 685 686 704 
