81
-0.597311 15.1961 0.597854 18.1501
1.82873 -0.727512 -7.87218 18.1501
4.25477 29.8948 -9.08219 18.1501
-9.08845 31.1197 4.22787 18.1501
-0.597311 -0.727512 10.2779 18.1501
9.10685 32.3446 9.06789 17.2956
-15.1536 -3.1773 -0.612152 14.9418
15.172 5.39695 3.01787 14.506
-11.5145 21.3206 -12.7122 12.8183
13.9589 13.9712 -10.2922 12.7637
-11.5145 38.4691 -12.7122 12.5387
17.598 -8.07687 -1.82216 12.2865
-13.9405 7.84674 -11.5022 11.8961
10.3199 15.1961 15.1179 11.8429
-15.1536 10.2965 10.2779 11.6609
-0.597311 15.1961 -18.7622 11.3957
-18.7926 15.1961 -0.612152 11.3287
-0.597311 20.0957 18.7479 11.2086
18.811 21.3206 -0.612152 11.1568
-12.7275 -10.5267 -13.9222 10.9655
15.172 -10.5267 10.2779 10.9655
18.811 39.694 -4.24217 10.6954
-4.23637 40.9189 18.7479 10.0889
-15.1536 -11.7516 12.6979 9.74065
15.172 -11.7516 -13.9222 9.37141
-1.81033 42.1438 -21.1822 8.71658
-3.02335 -12.9764 -21.1822 8.51575
7.89383 -12.9764 -19.9722 8.49314
-21.2187 42.1438 -4.24217 8.33426
-9.08845 12.7463 19.9579 8.05769
9.10685 -12.9764 19.9579 8.03067
16.385 42.1438 -15.1322 7.66433
-15.1536 43.3686 16.3279 7.63915
-3.02335 31.1197 22.378 7.52358
20.024 1.72227 -10.2922 7.46186
10.3199 43.3686 -19.9722 7.46003
-12.7275 20.0957 18.7479 7.31871
-9.08845 -14.2013 19.9579 7.29086
0.615709 -14.2013 22.378 7.29086
5.46779 43.3686 22.378 6.93331
-22.4317 43.3686 5.43788 6.88628
22.4501 43.3686 5.43788 6.87075
-18.7926 -1.95241 13.9079 6.80941
-22.4317 24.9952 -6.66218 6.57547
-22.4317 -14.2013 6.64788 6.54085
21.2371 16.421 10.2779 6.43918
-10.3015 1.72227 -21.1822 6.40646
-22.4317 33.5695 -7.87218 6.30051
16.385 -1.95241 17.5379 6.22578
-22.4317 -14.2013 -7.87218 6.19229
22.4501 29.8948 -7.87218 6.16269
-6.66241 -15.4262 0.597854 6.06597
6.68081 -15.4262 1.80786 6.06597
-23.6447 -15.4262 -1.82216 6.06571
15.172 4.17206 18.7479 5.85547
-9.08845 29.8948 -22.3923 5.82188
9.10685 7.84674 -22.3923 5.79806
-5.44939 5.39695 -23.6023 5.75008
13.9589 5.39695 -19.9722 5.61084
-6.66241 -4.40219 -23.6023 5.50103
24.8761 32.3446 1.80786 5.47473
-10.3015 33.5695 22.378 5.4441
17.598 -3.1773 -17.5522 5.44256
10.3199 16.421 -22.3923 5.41251
-10.3015 26.2201 22.378 5.34074
-22.4317 20.0957 10.2779 5.30109
13.9589 45.8184 19.9579 5.18962
20.024 45.8184 13.9079 5.18957
-4.23637 45.8184 -5.45217 5.18937
9.10685 45.8184 -1.82216 5.18937
0.615709 45.8184 -0.612152 5.18937
0.615709 10.2965 24.798 5.16635
-20.0056 -1.95241 -15.1322 5.12391
3.04175 37.2442 24.798 4.99115
-4.23637 33.5695 -24.8123 4.95089
-20.0056 20.0957 15.1179 4.89654
-9.08845 -16.6511 -5.45217 4.84108
-0.597311 -16.6511 0.597854 4.84108
-10.3015 -16.6511 5.43788 4.84108
23.6631 -16.6511 5.43788 4.84054
22.4501 -16.6511 -10.2922 4.84027
