2
0.5525 0.6325 0.70149 0.740809 0.5064
12
0 0 0 1 0 0 0
0 0 0 1 0 0 0
0 0 0 1 0 0 0
0 0 0 1 0 0 0
0 0 0 1 0 0 0
0 0 0 1 0 0 0
0 0 0 1 0 0 0
0 0 0 1 0 0 0
0 0 0 1 0 0 0
0 0 0 1 0 0 0
0 0 0 1 0 0 0
0 0 0 1 0 0 0
0.5275 0.2425 0.995653 0.523876 0.640618
12
1.33166 -4.78631 -0.205681 1 0 0 0
0.685307 -6.4025 -0.88956 1 0 0 0
0.387925 -4.88722 -0.754815 1 0 0 0
1.13096 -7.00904 -0.760391 1 0 0 0
26.3135 0.0889496 -14.8759 1 0 0 0
-2.96424 -0.780743 -4.7375 1 0 0 0
-1.18073 1.2394 1.99826 1 0 0 0
-20.3913 -2.88213 11.3099 1 0 0 0
0.847655 7.18957 -1.41531 1 0 0 0
-0.0526978 4.56989 -1.18899 1 0 0 0
0.513087 5.40848 -1.12563 1 0 0 0
0.308283 4.60546 -1.02144 1 0 0 0
1
2
0 1 
