6
0.689772 0.115327 0.774598 0.652934 0.879904
64
0 0 0 1 0 0 0
0 0 0 1 0 0 0
0 0 0 1 0 0 0
0 0 0 1 0 0 0
0 0 0 1 0 0 0
0 0 0 1 0 0 0
0 0 0 1 0 0 0
0 0 0 1 0 0 0
0 0 0 1 0 0 0
0 0 0 1 0 0 0
0 0 0 1 0 0 0
0 0 0 1 0 0 0
0 0 0 1 0 0 0
0 0 0 1 0 0 0
0 0 0 1 0 0 0
0 0 0 1 0 0 0
0 0 0 1 0 0 0
0 0 0 1 0 0 0
0 0 0 1 0 0 0
0 0 0 1 0 0 0
0 0 0 1 0 0 0
0 0 0 1 0 0 0
0 0 0 1 0 0 0
0 0 0 1 0 0 0
0 0 0 1 0 0 0
0 0 0 1 0 0 0
0 0 0 1 0 0 0
0 0 0 1 0 0 0
0 0 0 1 0 0 0
0 0 0 1 0 0 0
0 0 0 1 0 0 0
0 0 0 1 0 0 0
0 0 0 1 0 0 0
0 0 0 1 0 0 0
0 0 0 1 0 0 0
0 0 0 1 0 0 0
0 0 0 1 0 0 0
0 0 0 1 0 0 0
0 0 0 1 0 0 0
0 0 0 1 0 0 0
0 0 0 1 0 0 0
0 0 0 1 0 0 0
0 0 0 1 0 0 0
0 0 0 1 0 0 0
0 0 0 1 0 0 0
0 0 0 1 0 0 0
0 0 0 1 0 0 0
0 0 0 1 0 0 0
0 0 0 1 0 0 0
0 0 0 1 0 0 0
0 0 0 1 0 0 0
0 0 0 1 0 0 0
0 0 0 1 0 0 0
0 0 0 1 0 0 0
0 0 0 1 0 0 0
0 0 0 1 0 0 0
0 0 0 1 0 0 0
0 0 0 1 0 0 0
0 0 0 1 0 0 0
0 0 0 1 0 0 0
0 0 0 1 0 0 0
0 0 0 1 0 0 0
0 0 0 1 0 0 0
0 0 0 1 0 0 0

0.662808 0.793969 0.576121 0.592994 0.673219
64
0.861926 -1.21798 0.988802 1 0 0 0
-0.00383775 0.745145 -0.374654 1 0 0 0
-0.5281 1.14837 0.482461 1 0 0 0
0 0 0 1 0 0 0
0.537906 -0.750602 0.686883 1 0 0 0
-0.396702 0.776632 0.0881738 1 0 0 0
-0.435965 0.735108 0.0733579 1 0 0 0
-0.232738 0.0842721 0.946248 1 0 0 0
0 0 0 1 0 0 0
0 0 0 1 0 0 0
0 0 0 1 0 0 0
0.364722 -0.726252 -0.675273 1 0 0 0
-0.424933 0.674759 0.0577549 1 0 0 0
-0.355023 -0.968874 0.630767 1 0 0 0
0 0 0 1 0 0 0
0.764872 -1.29949 0.345305 1 0 0 0
0 0 0 1 0 0 0
0.52146 -0.797739 0.151493 1 0 0 0
0 0 0 1 0 0 0
1.02981 -0.02357 0.632093 1 0 0 0
-0.484084 0.104195 0.212438 1 0 0 0
0.138052 0.40939 0.128751 1 0 0 0
0.185469 -0.823265 0.715757 1 0 0 0
-0.30398 0.577839 0.221547 1 0 0 0
-0.412036 0.695682 0.0707392 1 0 0 0
-0.391474 -0.849656 0.0376216 1 0 0 0
0.0581459 0.726762 0.0204512 1 0 0 0
-0.469699 -0.882161 0.438066 1 0 0 0
0.033716 -0.650061 0.046564 1 0 0 0
0.432535 0.557194 0.278443 1 0 0 0
0.225471 -0.810181 -0.336645 1 0 0 0
0 0 0 1 0 0 0
0.247843 -0.0894358 -0.487418 1 0 0 0
0 0 0 1 0 0 0
-0.36293 0.502839 -0.349777 1 0 0 0
0.406928 -1.19569 -0.11917 1 0 0 0
0 0 0 1 0 0 0
0 0 0 1 0 0 0
0.286432 -0.313292 0.0637982 1 0 0 0
-0.366098 0.681238 0.0692214 1 0 0 0
0 0 0 1 0 0 0
0.0667134 0.023306 0.20242 1 0 0 0
-0.0323264 -0.577771 -0.1387 1 0 0 0
-1.00094 0.112653 -0.368825 1 0 0 0
0.623389 -1.18453 -0.487858 1 0 0 0
0 0 0 1 0 0 0
0 0 0 1 0 0 0
0.602841 0.367846 -1.02676 1 0 0 0
0.437123 -1.12243 -0.0160807 1 0 0 0
0.0484602 0.450504 0.142666 1 0 0 0
0 0 0 1 0 0 0
0.198741 0.328642 -0.288876 1 0 0 0
-0.0715762 -0.255265 -0.158538 1 0 0 0
-0.313379 -0.727265 0.150529 1 0 0 0
0.436663 -0.617755 0.608767 1 0 0 0
0.331111 0.177552 -0.507986 1 0 0 0
0.239561 -0.81472 1.37053 1 0 0 0
-0.450425 0.34649 0.967283 1 0 0 0
-1.59903 0.36748 0.720754 1 0 0 0
0.0857998 -0.552829 -0.0889294 1 0 0 0
0.229637 -0.494632 -0.0546474 1 0 0 0
0.154462 0.62652 -0.117971 1 0 0 0
0 0 0 1 0 0 0
0 0 0 1 0 0 0

0.956454 0.47768 0.649934 0.877059 0.846085
64
1.8208 -1.16178 1.69495 1 0 0 0
-0.076816 0.768365 0.271011 1 0 0 0
0 0 0 1 0 0 0
-0.227184 -0.588673 -0.408198 1 0 0 0
0.386473 0.54576 0.387385 1 0 0 0
0 0 0 1 0 0 0
-0.135404 -0.469193 -0.40584 1 0 0 0
-0.47305 -0.201305 1.27166 1 0 0 0
0 0 0 1 0 0 0
0.330289 0.687267 -0.254055 1 0 0 0
-0.465811 -0.325589 -0.571309 1 0 0 0
-1.17684 -1.28099 -0.961226 1 0 0 0
-0.255057 -0.802724 0.886227 1 0 0 0
0.0158515 0.444213 0.437903 1 0 0 0
-0.649174 -0.0365669 1.37038 1 0 0 0
-0.700607 -0.587374 -0.883833 1 0 0 0
-0.909254 0.605308 0.441539 1 0 0 0
0.183872 -0.206541 -0.106138 1 0 0 0
0.213029 0.387771 0.286799 1 0 0 0
0.768593 0.569631 0.253451 1 0 0 0
0 0 0 1 0 0 0
0.149778 -0.244562 -0.0997018 1 0 0 0
0.663469 0.374272 -0.1352 1 0 0 0
-0.868694 0.407194 -1.1992 1 0 0 0
0 0 0 1 0 0 0
-0.0835257 0.401863 -0.785639 1 0 0 0
0 0 0 1 0 0 0
0.461059 0.161956 0.490715 1 0 0 0
-0.855602 -0.559085 -1.0162 1 0 0 0
-0.0188949 -0.577939 0.160908 1 0 0 0
-0.563753 -0.222752 -1.11361 1 0 0 0
0.0556632 2.69985 0.967642 1 0 0 0
0 0 0 1 0 0 0
-0.218959 -1.03229 0.035886 1 0 0 0
-0.334258 -0.36383 0.614103 1 0 0 0
-0.307133 -0.3243 0.297085 1 0 0 0
-0.982946 -0.0460777 0.960652 1 0 0 0
0 0 0 1 0 0 0
-0.0569065 0.503045 -0.0704782 1 0 0 0
-1.13423 0.215978 0.966166 1 0 0 0
-1.01907 0.296971 1.59718 1 0 0 0
0 0 0 1 0 0 0
-0.128633 -0.159458 -0.468143 1 0 0 0
0 0 0 1 0 0 0
0.851683 1.09346 1.13946 1 0 0 0
0 0 0 1 0 0 0
0 0 0 1 0 0 0
-0.132145 0.713048 -1.8176 1 0 0 0
0.251059 -0.234842 -0.309011 1 0 0 0
-0.0158717 1.06966 0.710415 1 0 0 0
0.0221813 0.725705 -0.233703 1 0 0 0
-0.267308 -0.289711 0.164268 1 0 0 0
0 0 0 1 0 0 0
-0.756712 0.0999929 -1.07787 1 0 0 0
0.498718 0.599295 0.684563 1 0 0 0
0.0769906 0.884627 -1.51937 1 0 0 0
0.010581 0.541861 -0.249405 1 0 0 0
-0.658839 0.0855142 0.59199 1 0 0 0
0.0406638 1.19589 1.51875 1 0 0 0
-0.527877 0.749303 -1.54503 1 0 0 0
-0.575302 -0.657931 -0.452284 1 0 0 0
-1.35002 0.150481 -2.46735 1 0 0 0
0.0902663 1.84526 0.691546 1 0 0 0
-1.02923 -0.580924 -2.05781 1 0 0 0

0.196801 0.0897912 0.585789 0.570577 0.997453
64
0.611904 0.43793 1.11635 1 0 0 0
0.520539 -0.303613 0.281935 1 0 0 0
-0.316751 0.286491 0.0192761 1 0 0 0
0 0 0 1 0 0 0
0 0 0 1 0 0 0
0.59415 -0.394759 -0.179103 1 0 0 0
0.660928 -0.436937 -0.17244 1 0 0 0
0 0 0 1 0 0 0
0.242555 -1.31388 0.132455 1 0 0 0
0.48006 1.60997 0.205027 1 0 0 0
-0.0842095 -1.14823 -0.0708208 1 0 0 0
0 0 0 1 0 0 0
0 0 0 1 0 0 0
0.0916965 0.39748 0.820762 1 0 0 0
0.144038 -0.759143 1.27804 1 0 0 0
0 0 0 1 0 0 0
-0.37337 -0.159699 1.2654 1 0 0 0
0.0765319 1.21495 -0.0364599 1 0 0 0
0.148327 -1.29363 -0.00814531 1 0 0 0
0.326175 0.928387 0.527111 1 0 0 0
0 0 0 1 0 0 0
-0.031493 -0.170818 0.0294509 1 0 0 0
0 0 0 1 0 0 0
-0.0576691 0.0934868 -0.190272 1 0 0 0
0 0 0 1 0 0 0
0 0 0 1 0 0 0
0 0 0 1 0 0 0
0 0 0 1 0 0 0
-0.251481 -0.64466 0.235103 1 0 0 0
-0.384399 0.430117 -0.208276 1 0 0 0
0 0 0 1 0 0 0
0.798342 -0.578571 0.292946 1 0 0 0
0 0 0 1 0 0 0
-0.399165 1.5994 -0.282631 1 0 0 0
-0.80513 0.966913 -1.32279 1 0 0 0
-0.163992 1.34688 -0.00523102 1 0 0 0
-0.378964 -1.72601 -0.457845 1 0 0 0
0.296884 -0.802495 -0.763397 1 0 0 0
-0.041431 -0.00549408 -0.00664559 1 0 0 0
-0.833318 -1.08734 0.0238587 1 0 0 0
0 0 0 1 0 0 0
0.268618 -0.482413 -0.275892 1 0 0 0
0.114864 0.101572 -0.0136658 1 0 0 0
-0.164277 -0.739524 -0.187808 1 0 0 0
1.02856 -0.87566 0.0674501 1 0 0 0
0.359027 -0.881715 -0.580279 1 0 0 0
-0.339256 0.874542 0.942998 1 0 0 0
0.250392 -0.610404 -0.250041 1 0 0 0
-0.165942 1.96906 0.803807 1 0 0 0
0.110921 -0.595666 0.0491862 1 0 0 0
0.42435 -1.70338 -0.680886 1 0 0 0
0 0 0 1 0 0 0
0.232419 -0.309885 -0.199951 1 0 0 0
0 0 0 1 0 0 0
0.0833245 -0.470849 0.39427 1 0 0 0
0.432889 0.729516 -0.582324 1 0 0 0
1.58007 2.05758 0.560565 1 0 0 0
-0.293344 -0.651639 0.410791 1 0 0 0
0.0388608 -0.875659 1.49242 1 0 0 0
-0.183325 0.525195 -0.253999 1 0 0 0
-0.0601417 0.68294 -0.23715 1 0 0 0
0.628063 0.362403 -0.594094 1 0 0 0
1.04744 -0.117785 1.9106 1 0 0 0
-0.602395 1.28222 -0.313215 1 0 0 0

0.766643 0.0544308 0.50719 0.695266 0.507138
64
-0.651579 1.96189 4.7302 1 0 0 0
0 0 0 1 0 0 0
0 0 0 1 0 0 0
-0.928043 1.62832 2.71433 1 0 0 0
-1.09772 1.66543 2.31146 1 0 0 0
-0.213818 0.767413 -0.271595 1 0 0 0
0.824733 -0.582187 0.0574916 1 0 0 0
0.0877852 -0.0795024 1.15506 1 0 0 0
0 0 0 1 0 0 0
0 0 0 1 0 0 0
0 0 0 1 0 0 0
-0.137294 -1.10171 0.343182 1 0 0 0
-0.880137 1.36279 1.94808 1 0 0 0
0.141717 -0.762543 1.10698 1 0 0 0
-0.21857 -0.496352 0.337364 1 0 0 0
-1.06098 -1.58519 0.557645 1 0 0 0
-0.183627 0.638588 0.197417 1 0 0 0
-0.478671 0.692201 1.00429 1 0 0 0
0.163163 -0.890172 0.35587 1 0 0 0
0.213931 0.467718 0.397389 1 0 0 0
0 0 0 1 0 0 0
0 0 0 1 0 0 0
0 0 0 1 0 0 0
0 0 0 1 0 0 0
0 0 0 1 0 0 0
-0.168278 -0.893293 0.274034 1 0 0 0
0 0 0 1 0 0 0
0.245204 0.567653 0.38225 1 0 0 0
0.159471 -0.99243 0.274841 1 0 0 0
0.205651 -0.894056 0.367877 1 0 0 0
-0.189876 -0.704486 0.209898 1 0 0 0
3.0395 -1.78317 2.49357 1 0 0 0
0 0 0 1 0 0 0
0 0 0 1 0 0 0
-1.1156 0.860668 0.586518 1 0 0 0
-0.0520418 -0.802465 -0.502029 1 0 0 0
-0.642478 0.21792 -1.09199 1 0 0 0
0.244348 0.74526 -1.71746 1 0 0 0
0 0 0 1 0 0 0
-0.142749 0.650004 -0.0849157 1 0 0 0
-0.631025 -0.128017 0.38113 1 0 0 0
0.631465 1.24803 -1.12474 1 0 0 0
-0.0458433 -0.766602 0.259836 1 0 0 0
0 0 0 1 0 0 0
3.26513 -3.0832 2.18452 1 0 0 0
0 0 0 1 0 0 0
0 0 0 1 0 0 0
-0.372642 -1.20909 0.262878 1 0 0 0
-0.187018 -1.42804 0.502589 1 0 0 0
-0.0224467 -0.685543 1.07572 1 0 0 0
0 0 0 1 0 0 0
0 0 0 1 0 0 0
0 0 0 1 0 0 0
0 0 0 1 0 0 0
0.175856 0.352167 0.759958 1 0 0 0
0.00420499 -0.404846 -0.592849 1 0 0 0
0 0 0 1 0 0 0
-0.169726 0.689471 0.155191 1 0 0 0
-0.256471 0.517424 0.116645 1 0 0 0
0 0 0 1 0 0 0
0.221002 -0.574469 0.142286 1 0 0 0
0 0 0 1 0 0 0
1.92956 -0.766457 1.77062 1 0 0 0
-0.579339 -0.0036391 -0.11338 1 0 0 0

0.455508 0.776471 0.715535 0.536069 0.600386
64
0 0 0 1 0 0 0
-0.261897 0.00309895 0.864092 1 0 0 0
0 0 0 1 0 0 0
-0.763633 -0.863801 -0.476173 1 0 0 0
0 0 0 1 0 0 0
-0.173001 -0.987267 0.325908 1 0 0 0
-0.737086 -0.638437 -0.19864 1 0 0 0
0.345678 -1.5505 0.00112688 1 0 0 0
0 0 0 1 0 0 0
0 0 0 1 0 0 0
0 0 0 1 0 0 0
-0.209023 0.415265 0.0547286 1 0 0 0
-1.18918 -0.90259 -0.466647 1 0 0 0
0.331618 1.03896 -1.01449 1 0 0 0
-0.159693 -0.950192 0.141784 1 0 0 0
0 0 0 1 0 0 0
0 0 0 1 0 0 0
-1.66616 -0.146596 -0.086436 1 0 0 0
-0.751807 1.08276 -0.916959 1 0 0 0
0 0 0 1 0 0 0
0 0 0 1 0 0 0
0.483362 0.605899 -0.00772148 1 0 0 0
-1.17319 -0.0735075 0.0198537 1 0 0 0
-0.335064 -1.05019 0.815228 1 0 0 0
-1.20953 -1.04416 -0.259718 1 0 0 0
0.355705 -0.546961 0.496946 1 0 0 0
0 0 0 1 0 0 0
0.172086 0.667244 -0.0647846 1 0 0 0
0.111087 1.15241 0.740558 1 0 0 0
-0.126454 -0.752414 0.112273 1 0 0 0
0.321924 -0.491372 -0.324515 1 0 0 0
0 0 0 1 0 0 0
0 0 0 1 0 0 0
0 0 0 1 0 0 0
0.201077 1.13619 0.715098 1 0 0 0
0 0 0 1 0 0 0
0 0 0 1 0 0 0
0 0 0 1 0 0 0
-0.343017 0.618988 0.183737 1 0 0 0
0 0 0 1 0 0 0
0 0 0 1 0 0 0
0 0 0 1 0 0 0
-0.029902 0.908025 0.0179405 1 0 0 0
0 0 0 1 0 0 0
0 0 0 1 0 0 0
0 0 0 1 0 0 0
0 0 0 1 0 0 0
0.383259 -0.33426 -0.0153842 1 0 0 0
-1.26446 -0.529708 -0.324232 1 0 0 0
-0.319917 -1.0875 0.0280378 1 0 0 0
0 0 0 1 0 0 0
-0.0196506 0.523885 0.879858 1 0 0 0
0 0 0 1 0 0 0
-0.353561 1.03284 0.497624 1 0 0 0
0 0 0 1 0 0 0
0 0 0 1 0 0 0
-0.800144 0.313867 0.0282958 1 0 0 0
0.236807 -0.959208 0.626531 1 0 0 0
0 0 0 1 0 0 0
-0.856944 -0.957275 0.656359 1 0 0 0
-0.124954 -0.874976 0.64501 1 0 0 0
0 0 0 1 0 0 0
0.682573 -0.681739 -0.159699 1 0 0 0
-0.397776 1.26607 -0.848124 1 0 0 0

0
