6
320
0.167915 0.0679442 0.187693 0.465395
-0.208782 0.0679442 0.466929 0.465395
-0.208782 0.0208841 -0.0915442 0.465395
0.262089 0.0208841 0.653087 0.465395
-0.114608 0.0208841 0.932324 0.465395
0.262089 0.0208841 -0.277702 0.465395
0.356264 -0.0261761 1.11848 0.465395
-0.397131 -0.0732362 -0.510399 0.465395
-0.444218 -0.0732362 1.2581 0.465395
0.0737408 -0.120296 -0.696557 0.465395
0.0266536 -0.120296 1.44426 0.465395
0.497525 -0.167356 1.58388 0.452976
-0.397131 -0.167356 1.7235 0.430614
-0.538393 -0.120296 0.792706 0.429281
-0.538393 -0.167356 0.234232 0.427111
0.497525 -0.167356 -0.929255 0.421268
0.544613 -0.167356 0.327311 0.420645
-0.302957 -0.167356 -0.975794 0.414908
0.0266536 -0.167356 1.90965 0.409941
0.167915 -0.214417 -1.20849 0.390412
-0.208782 -0.214417 -1.39465 0.381375
0.544613 -0.214417 -1.34811 0.377477
0.450438 -0.167356 2.04927 0.376708
0.544613 -0.261477 -1.76696 0.37552
-0.538393 -0.261477 -1.8135 0.373535
-0.58548 -0.214417 -1.30157 0.369938
0.5917 -0.214417 -0.510399 0.369779
-0.302957 -0.167356 2.18889 0.369771
0.120828 -0.214417 -1.62735 0.366036
-0.302957 0.444425 0.187693 0.356065
0.5917 -0.261477 -0.0915442 0.342971
-0.161695 -0.214417 -1.90658 0.334233
0.638787 -0.214417 0.792706 0.327367
0.0737408 -0.214417 2.32851 0.326685
0.167915 -0.214417 -1.99966 0.320671
0.497525 -0.261477 -2.18582 0.302198
0.403351 0.444425 0.327311 0.301641
-0.491305 0.303245 0.885785 0.300178
-0.491305 -0.261477 -2.18582 0.298955
-0.632567 -0.308537 -0.184623 0.295045
0.450438 0.397365 0.00153478 0.292459
-0.0675208 -0.261477 -2.23236 0.285627
0.638787 -0.402657 1.21156 0.285317
0.215002 -0.261477 -2.32544 0.281725
0.0737408 0.538546 0.187693 0.280087
-0.679654 -0.308537 -0.836176 0.279088
-0.632567 -0.261477 2.32851 0.272741
-0.679654 -0.449717 1.39772 0.272291
0.0737408 0.444425 0.466929 0.265813
-0.679654 0.0208841 -0.138084 0.262015
0.5917 0.162064 -0.603478 0.261197
-0.491305 0.350305 -0.277702 0.259907
0.638787 -0.261477 2.37505 0.259294
0.638787 0.115004 0.00153476 0.258783
-0.679654 -0.308537 2.04927 0.258176
-0.302957 -0.261477 -2.41852 0.253958
-0.0675208 0.303245 -0.46386 0.249663
0.262089 -0.355597 0.00153477 0.248882
-0.0204336 -0.355597 0.141153 0.248306
0.0737408 -0.355597 0.37385 0.24801
-0.0204336 -0.355597 0.606548 0.247542
0.167915 0.397365 0.932324 0.247226
-0.58548 0.256185 0.0480742 0.243549
-0.726741 0.0208841 -0.836176 0.242071
0.497525 0.397365 0.792706 0.237655
-0.679654 -0.449717 1.11848 0.23596
-0.491305 0.444425 0.513469 0.230954
0.120828 0.444425 -0.0915442 0.225253
-0.0204336 0.444425 0.746166 0.222976
-0.726741 -0.496778 -1.58081 0.222857
0.0737408 0.350305 1.21156 0.222614
0.356264 -0.308537 2.46813 0.221318
-0.679654 -0.0261761 2.04927 0.221156
-0.25587 0.444425 0.746166 0.216363
0.732961 0.0208841 -0.231163 0.211807
-0.632567 0.256185 0.327311 0.20645
-0.161695 0.303245 1.30464 0.205748
-0.632567 0.256185 0.560008 0.203296
0.0266536 -0.402657 -0.138084 0.201531
0.732961 -0.496778 -1.53427 0.201473
-0.114608 -0.402657 -0.324241 0.200924
-0.208782 -0.402657 0.37385 0.200708
0.638787 0.256185 0.280772 0.200449
-0.726741 -0.402657 -0.46386 0.200428
-0.302957 -0.402657 0.560008 0.200404
0.732961 -0.590898 -1.72043 0.200276
0.356264 -0.402657 0.839245 0.200115
0.120828 -0.402657 0.839245 0.200076
-0.302957 0.397365 1.16502 0.200073
-0.726741 -0.449717 1.67696 0.198481
0.0266536 -0.402657 1.07194 0.198239
0.732961 0.0679442 0.653087 0.198114
0.638787 0.256185 0.513469 0.19786
0.685874 0.162064 0.839245 0.196424
0.732961 -0.543838 1.44426 0.196009
0.544613 0.397365 -0.277702 0.194773
-0.0675208 0.444425 -0.231163 0.191296
0.544613 0.397365 1.07194 0.190161
0.780049 -0.402657 1.86311 0.186707
-0.773829 -0.590898 -1.8135 0.186223
-0.0204336 -0.308537 -2.5116 0.185738
0.356264 -0.0732362 2.42159 0.185417
-0.773829 -0.402657 0.513469 0.184744
0.262089 0.491486 0.653087 0.178655
0.780049 0.115004 -0.789636 0.177041
-0.161695 -0.355597 2.51467 0.170766
-0.350044 -0.355597 2.51467 0.170746
-0.773829 0.0208841 1.58388 0.170147
0.450438 -0.308537 -2.5116 0.168766
0.356264 0.444425 1.11848 0.168644
0.732961 -0.496778 -1.99966 0.166295
-0.25587 0.444425 -0.370781 0.163246
0.356264 0.256185 -0.696557 0.163243
0.685874 0.209125 -0.324241 0.162935
-0.726741 -0.449717 -2.09274 0.160432
0.780049 -0.355597 2.04927 0.159763
0.827136 -0.402657 -1.11541 0.156933
0.780049 0.0679442 1.30464 0.156592
-0.632567 0.0208841 2.28197 0.155026
-0.208782 -0.449717 -0.138084 0.154304
0.309177 -0.449717 -0.231163 0.154182
-0.350044 -0.449717 -0.231163 0.1541
0.780049 -0.449717 0.560008 0.154083
0.780049 -0.449717 -0.743097 0.154064
-0.350044 -0.449717 -0.0450047 0.154061
0.167915 -0.449717 -0.324241 0.153879
0.309177 -0.449717 -0.46386 0.153854
0.262089 -0.449717 0.513469 0.153781
0.403351 -0.449717 0.606548 0.153677
-0.820916 -0.449717 -1.11541 0.153456
-0.208782 -0.449717 0.746166 0.153141
-0.114608 -0.449717 0.885785 0.15282
-0.302957 -0.449717 0.978864 0.152355
-0.773829 0.0208841 1.81657 0.151718
0.685874 0.0208841 2.28197 0.151116
-0.773829 -0.0261761 -1.58081 0.15111
-0.0675208 0.491486 0.978864 0.151068
-0.208782 -0.449717 1.11848 0.150758
-0.25587 0.491486 -0.184623 0.150168
-0.161695 0.538546 0.560008 0.149703
0.544613 0.0208841 2.37505 0.149344
0.685874 0.209125 1.35118 0.148316
-0.773829 0.209125 -0.650018 0.147305
0.780049 -0.0261761 -1.58081 0.1472
0.5917 0.350305 1.2581 0.145039
-0.25587 0.491486 0.978864 0.144976
0.827136 -0.120296 1.16502 0.144914
0.780049 -0.0261761 1.90965 0.144878
-0.538393 0.397365 1.21156 0.143842
-0.820916 -0.449717 1.86311 0.143086
-0.773829 0.115004 0.466929 0.140992
-0.820916 -0.167356 1.58388 0.140205
-0.820916 -0.308537 1.81657 0.139859
0.356264 0.679726 0.141153 0.139715
-0.820916 -0.120296 -1.02233 0.139566
0.827136 -0.0732362 1.0254 0.139419
0.167915 -0.261477 -2.60468 0.136414
0.167915 0.350305 -0.603478 0.136091
0.309177 0.256185 1.4908 0.13485
-0.538393 0.538546 -0.0915442 0.134692
-0.679654 0.303245 -0.510399 0.134296
0.215002 0.0679442 2.23543 0.133885
-0.350044 0.397365 -0.510399 0.133659
0.780049 -0.496778 0.978864 0.133477
0.403351 0.444425 -0.41732 0.133444
0.262089 0.491486 -0.277702 0.133135
0.827136 -0.449717 -0.929255 0.132169
-0.538393 0.0208841 2.42159 0.131857
-0.161695 0.303245 -0.696557 0.130681
-0.820916 -0.449717 0.0480742 0.129112
0.120828 0.491486 -0.324241 0.129092
0.732961 -0.685018 1.30464 0.128257
-0.820916 0.0208841 -1.06887 0.128061
-0.726741 0.209125 -0.324241 0.128016
0.685874 0.303245 0.978864 0.127994
-0.820916 -0.449717 0.699627 0.127945
-0.820916 -0.449717 0.839245 0.127476
-0.538393 -0.308537 -2.5116 0.127221
0.497525 0.679726 0.141153 0.127159
0.309177 -0.261477 -2.60468 0.126644
0.732961 -0.0732362 -2.0462 0.126408
0.780049 -0.496778 -1.25503 0.125946
-0.114608 0.491486 1.16502 0.125361
-0.444218 0.0208841 -1.58081 0.125153
0.780049 0.0208841 2.04927 0.124803
-0.632567 -0.402657 -2.41852 0.124425
0.827136 -0.0261761 -1.16195 0.123826
0.167915 0.444425 -0.46386 0.123775
-0.820916 -0.167356 1.81657 0.123692
-0.773829 0.162064 1.0254 0.12336
-0.773829 -0.543838 -1.34811 0.122982
0.827136 -0.449717 0.187693 0.12237
0.827136 -0.449717 -0.277702 0.121068
0.5917 0.491486 0.560008 0.12054
-0.726741 -0.685018 1.2581 0.120125
0.638787 -0.402657 -2.41852 0.119351
0.497525 0.397365 -0.510399 0.118573
-0.726741 -0.0732362 -2.09274 0.118224
0.827136 0.0679442 1.11848 0.116987
-0.350044 -0.496778 1.44426 0.116912
0.827136 -0.214417 1.90965 0.116355
-0.0675208 0.0679442 2.42159 0.115845
0.780049 -0.543838 1.67696 0.115664
-0.25587 0.256185 1.53734 0.115306
-0.679654 0.162064 1.63042 0.115282
-0.538393 -0.402657 2.56121 0.1149
0.544613 0.303245 1.39772 0.114845
0.780049 0.162064 1.0254 0.11431
0.356264 -0.496778 1.30464 0.113885
-0.444218 -0.496778 1.0254 0.113594
0.497525 -0.496778 0.978864 0.11341
0.827136 0.0679442 0.978864 0.113111
0.309177 0.397365 -0.556939 0.112954
-0.25587 -0.214417 2.56121 0.112829
0.215002 0.350305 1.39772 0.111502
0.215002 0.0679442 2.42159 0.111294
-0.444218 -0.496778 -1.53427 0.11122
-0.820916 0.0679442 -0.370781 0.111217
0.403351 -0.496778 1.07194 0.110669
0.827136 0.0679442 -1.06887 0.110103
-0.0204336 0.115004 -1.11541 0.110082
0.638787 -0.261477 -2.46506 0.109765
-0.820916 -0.543838 -1.99966 0.109545
0.685874 -0.449717 2.14235 0.108785
0.215002 -0.449717 2.14235 0.108734
-0.632567 0.303245 -0.650018 0.108375
0.827136 -0.496778 0.0480742 0.108183
0.685874 -0.496778 -1.11541 0.107907
0.827136 -0.496778 0.327311 0.107786
-0.491305 -0.120296 2.51467 0.107734
-0.679654 -0.261477 -2.41852 0.107687
0.827136 -0.496778 0.839245 0.107325
0.262089 -0.496778 0.234232 0.107293
0.356264 -0.496778 -0.696557 0.107213
-0.820916 -0.685018 1.35118 0.107206
0.780049 -0.355597 -2.09274 0.107157
0.0266536 -0.496778 -0.975794 0.107118
-0.208782 -0.496778 0.0480742 0.107044
-0.0675208 -0.496778 -1.06887 0.107027
-0.25587 -0.496778 0.187693 0.1068
0.638787 -0.496778 0.606548 0.106785
0.827136 -0.496778 -0.603478 0.106722
0.732961 0.256185 1.11848 0.106705
0.827136 -0.496778 0.699627 0.106584
-0.161695 -0.496778 -0.510399 0.106583
-0.208782 -0.496778 -0.650018 0.1065
-0.820916 -0.496778 0.187693 0.10641
0.215002 -0.496778 0.653087 0.106401
-0.820916 -0.496778 0.327311 0.106328
-0.491305 -0.496778 0.513469 0.106235
0.827136 -0.496778 -0.46386 0.106208
-0.58548 -0.496778 -0.603478 0.10609
-0.632567 -0.496778 0.606548 0.10609
-0.444218 -0.496778 -0.743097 0.106082
0.732961 -0.449717 -2.23236 0.106056
-0.444218 -0.214417 2.56121 0.105709
-0.773829 -0.496778 -0.650018 0.105703
-0.679654 -0.496778 -1.06887 0.105694
-0.820916 -0.685018 1.4908 0.105469
-0.726741 0.0208841 2.42159 0.104981
-0.820916 -0.637958 1.16502 0.10485
0.262089 -0.496778 1.0254 0.104764
0.450438 0.397365 1.30464 0.104687
-0.868003 -0.167356 1.07194 0.104342
0.309177 -0.496778 1.16502 0.104318
0.827136 0.0679442 -0.41732 0.103678
-0.679654 0.350305 1.11848 0.1035
0.638787 0.397365 -0.46386 0.103398
0.215002 -0.496778 1.21156 0.102735
-0.91509 0.209125 -0.743097 0.102395
-0.25587 -0.496778 1.30464 0.102341
-0.25587 -0.0261761 -2.18582 0.10208
-0.161695 0.256185 -0.836176 0.101823
-0.491305 0.209125 -0.882715 0.10162
0.356264 0.350305 1.39772 0.101518
0.732961 -0.685018 1.16502 0.100472
0.780049 -0.449717 2.23543 0.100286
0.827136 -0.685018 -1.53427 0.0995796
-0.868003 -0.120296 0.513469 0.0990336
0.309177 -0.496778 -1.44119 0.0988098
-0.726741 -0.449717 -2.2789 0.098744
-0.632567 0.115004 -1.06887 0.0980231
-0.773829 -0.0261761 2.32851 0.0978235
-0.868003 -0.120296 -0.277702 0.0977649
-0.491305 0.397365 -0.556939 0.0976515
0.827136 -0.261477 2.18889 0.0975857
-0.868003 -0.120296 -0.41732 0.0972051
-0.773829 -0.637958 1.58388 0.0969817
-0.868003 -0.167356 -0.0450047 0.0969778
0.215002 -0.496778 1.7235 0.0969222
0.356264 -0.496778 -1.53427 0.0968897
0.827136 -0.637958 -1.90658 0.096771
-0.302957 0.256185 -0.836176 0.0967079
0.262089 0.162064 1.81657 0.0966661
0.262089 0.209125 1.67696 0.0964862
0.827136 0.0208841 -1.44119 0.0963399
0.309177 -0.449717 2.28197 0.0961321
-0.868003 -0.120296 -0.556939 0.0960639
-0.820916 0.0679442 -1.20849 0.0959749
0.732961 0.115004 1.86311 0.0958828
-0.868003 -0.0732362 -0.650018 0.0957229
0.262089 0.632666 0.00153476 0.0957
0.827136 -0.167356 2.09581 0.0956615
0.874223 -0.214417 1.0254 0.0953633
-0.868003 -0.214417 -0.370781 0.0952106
0.309177 0.0679442 -1.44119 0.0949869
0.167915 -0.355597 2.60774 0.0948326
-0.868003 -0.214417 -0.510399 0.0944483
-0.58548 0.256185 -0.789636 0.0944003
-0.114608 0.585606 -0.0915442 0.0943464
-0.868003 -0.308537 -1.06887 0.0940577
-0.868003 -0.0261761 0.466929 0.0938989
-0.679654 -0.732078 -1.67389 0.0937841
-0.632567 0.491486 0.327311 0.0936674
-0.868003 -0.214417 -0.650018 0.0935875
0.827136 -0.637958 1.21156 0.0935366
-0.868003 -0.0261761 -0.324241 0.0934722
0.780049 -0.590898 -1.34811 0.0934456
0.0266536 0.350305 -0.696557 0.0933965
-0.679654 -0.402657 2.56121 0.0931275
-0.236898 0.109223 0.0645735 0.465395
-0.441154 0.0627955 0.378495 0.465395
-0.468135 0.0891323 -0.287381 0.42401
-0.157754 0.0661278 0.619982 0.465395
-0.373875 -0.0107286 0.876323 0.449531
-0.181675 0.0941546 -0.485786 0.346599
-0.144969 0.0945093 1.15308 0.394247
-0.583909 0.0351306 -0.783895 0.381845
-0.568579 -0.126641 1.20512 0.392489
-0.227244 -0.060938 -0.957687 0.40794
-0.316209 -0.0743687 1.43432 0.305614
-0.182396 0.0607329 1.67251 0.153796
-0.500513 -0.171024 1.6974 0.356257
-0.621985 -0.154148 0.750851 0.365351
-0.658128 -0.114252 0.138508 0.358274
0.15316 -0.108362 -1.11863 0.330806
-0.0408628 -0.0746994 0.218675 0.298481
-0.439778 -0.15061 -1.21297 0.39198
-0.242237 -0.11559 1.91424 0.187307
-0.00139571 -0.289336 -1.38478 0.364779
-0.276629 -0.312138 -1.53121 0.392002
0.359622 -0.227755 -1.46811 0.278723
-0.0335109 -0.0250377 2.11574 0.034666
0.469037 -0.302392 -1.82694 0.254672
-0.532873 -0.300115 -1.81022 0.323107
-0.631108 -0.230172 -1.41663 0.323002
0.0253253 -0.0745953 -0.745184 0.186363
-0.33604 -0.151588 2.17972 0.318613
0.0532138 -0.327324 -1.7183 0.0702284
-0.53457 0.430652 0.0459136 0.346447
-0.13374 -0.0884175 -0.337152 0.202624
-0.158947 -0.278335 -1.90221 0.0689301
0.0782507 -0.05395 0.831096 0.261824
-0.0286471 -0.189017 2.33448 0.223497
0.154015 -0.266759 -2.00735 0
0.480709 -0.279881 -2.19673 0.244142
-0.0565501 0.458404 0.280465 0.27893
-0.677948 0.182517 0.775934 0.255846
-0.40388 -0.273216 -2.00593 0.100598
-0.795872 -0.133292 -0.371676 0.247094
-0.02161 0.390469 -0.0887806 0.249943
0.0188901 -0.281504 -2.05268 0
0.00230347 -0.0949346 1.28841 0.15539
0.256673 -0.274884 -2.2323 0.0172549
-0.275051 0.526101 0.0778589 0.274051
-0.800315 -0.188731 -1.03964 0.229892
-0.583805 -0.238344 2.32239 0.24816
-0.689353 -0.453468 1.3907 0.258414
-0.282064 0.429209 0.39083 0.251051
-0.813325 0.115326 -0.322643 0.234143
0.148731 0.218294 -0.778364 0.241808
-0.655571 0.39255 -0.528032 0.240421
0.345475 -0.169837 2.42547 0.0964437
0.0476279 0.172754 -0.116649 0.223587
-0.643873 -0.28969 2.04028 0.237289
-0.0847798 -0.26153 -1.96469 0
-0.333355 0.339687 -0.743012 0.241842
-0.275013 -0.226364 -0.214745 0.155658
-0.36134 -0.27024 -0.0172304 0.233965
-0.267019 -0.305013 0.26097 0.240131
-0.263299 -0.332899 0.544259 0.239314
-0.255098 0.391963 0.899198 0.205658
-0.736589 0.284334 -0.110057 0.221064
-0.810631 0.0892471 -1.06785 0.210082
-0.0178647 0.474624 0.828118 0.214674
-0.69035 -0.456191 1.11237 0.229883
-0.681416 0.383407 0.404608 0.209205
-0.234978 0.447125 -0.247214 0.212388
-0.359701 0.39623 0.672133 0.198469
-0.729077 -0.51913 -1.58975 0.217225
-0.350645 0.315433 1.15374 0.155811
0.234778 -0.272488 2.48654 0.197738
-0.643018 -0.00260867 2.0307 0.169358
-0.517315 0.357183 0.643428 0.193582
0.111602 0.116556 -0.410378 0.147529
-0.761781 0.242041 0.226295 0.186982
-0.497607 0.194014 1.1958 0.128448
-0.762748 0.202241 0.477545 0.181268
-0.375777 -0.27168 -0.358407 0.0851767
0.615206 -0.500418 -1.6119 0.183474
-0.441801 -0.259015 -0.56425 0.0854847
-0.412391 -0.356204 0.282312 0.193276
0.0882427 0.309682 0.246825 0.180867
-0.904366 -0.155927 -0.695168 0.131561
-0.42845 -0.387046 0.509977 0.196175
0.672172 -0.608033 -1.76619 0.199202
-0.0578066 -0.29464 0.826995 0.1535
-0.15528 -0.353681 0.813929 0.164685
-0.58777 0.215055 1.01152 0.113752
-0.718453 -0.445157 1.67093 0.198351
-0.180831 -0.352747 1.06869 0.121019
0.134431 0.225876 0.728356 0.174313
0.0890267 0.345247 0.535844 0.179463
0.0930612 0.329511 0.943144 0.184026
-0.0279359 -0.128957 1.55284 0.131471
0.0771859 0.389362 -0.398396 0.167619
-0.351383 0.459867 -0.446622 0.180671
-0.0293847 0.509486 1.12934 0.172914
-0.11668 -0.0800043 2.02052 0.0769549
-0.758635 -0.608215 -1.78445 0.176463
0.16794 -0.308828 -2.11938 0
0.210387 -0.0331311 2.44055 0.160785
-0.795657 -0.384904 0.492917 0.179191
-0.166376 0.500486 0.623281 0.167057
0.371699 0.186871 -0.948183 0.165884
-0.157716 -0.349577 2.51292 0.172681
-0.331493 -0.345606 2.51207 0.172779
-0.825777 -0.0118115 1.54056 0.152047
0.466848 -0.310911 -2.47152 0.139821
-0.160445 0.499658 1.13081 0.138369
0.708529 -0.513784 -2.02047 0.161612
-0.470441 0.473058 -0.647991 0.155783
-0.00176749 0.290185 -0.904024 0.15894
0.162604 0.241719 -0.464216 0.148582
-0.675976 -0.46126 -1.98885 0.137984
0.0616674 -0.116969 2.17634 0.0369608
0.532555 -0.294699 -1.26444 0.130136
0.0365892 0.316693 1.42795 0.131114
-0.569643 0.0552436 2.26995 0.159269
-0.499065 -0.306904 -0.341532 0.144758
-0.273688 -0.284734 -0.494581 0
-0.593402 -0.276138 -0.444133 0.140454
0.187496 -0.369417 0.472347 0.143497
0.260332 -0.284561 -0.968431 0.0996414
-0.574049 -0.312386 -0.216828 0.142262
-0.308869 -0.303609 -0.580389 0.013161
-0.201827 -0.306454 -0.725532 0.0927911
-0.136095 -0.40543 0.416494 0.154913
-0.0418637 -0.398095 0.529419 0.16679
-0.883093 -0.392442 -1.22561 0.142391
-0.329031 -0.444786 0.711367 0.152231
-0.23986 -0.441863 0.862512 0.143106
-0.353763 -0.459107 0.963171 0.148299
-0.779672 0.0184123 1.78521 0.134547
0.266744 0.146899 2.34987 0.076472
-0.787757 -0.0445454 -1.62755 0.151435
-0.416507 0.402376 0.885129 0.12251
-0.276492 -0.447934 1.10953 0.155763
-0.486368 0.506406 -0.404392 0.142769
-0.447666 0.484707 0.460073 0.144791
0.266291 0.102448 2.41779 0.114852
-0.0227933 0.413031 1.45226 0.137573
-0.85729 0.273886 -0.892762 0.113917
0.63549 -0.0197925 -1.66229 0.145934
-0.0391967 0.495582 1.32894 0.128706
-0.542986 0.347922 0.849188 0.124445
0.118522 0.160128 1.28789 0.120235
-0.0457189 0.229562 2.04739 0.00149775
-0.753909 0.198135 1.05176 0.0859745
-0.790951 -0.437222 1.85738 0.139711
-0.844051 0.0955106 0.414909 0.116042
-0.83937 -0.178582 1.56082 0.123681
-0.800689 -0.29941 1.805 0.131364
-0.0718122 0.664076 0.0671634 0.140051
-0.888812 -0.0643714 -1.1877 0.131956
0.162839 0.181696 1.15317 0.119643
0.279317 -0.260881 -2.37155 0.0164179
-0.153153 0.378236 -0.845595 0.131099
-0.266225 0.345202 1.50599 0.105688
-0.715508 0.549468 -0.291121 0.133967
-0.790671 0.363799 -0.796536 0.128197
-0.00214018 0.113919 2.24747 0.127359
-0.519646 0.435955 -0.854072 0.128334
0.181469 -0.219506 1.01913 0.0881689
-0.00805285 0.4492 -0.581159 0.129253
-0.122833 0.491094 -0.440899 0.125912
0.426404 -0.3062 -1.11523 0.0906338
-0.490018 0.0494928 2.41251 0.132983
-0.365702 0.339734 -1.04621 0.127491
-0.921915 -0.321989 -0.0670164 0.123132
-0.21704 0.502579 -0.524935 0.120435
0.0473312 -0.205383 1.38552 0.0561211
-0.876204 0.0557165 -1.23327 0.124624
-0.850712 0.286548 -0.559572 0.121333
0.0851479 0.457312 1.07296 0.120894
-0.826881 -0.449494 0.6943 0.126117
-0.826579 -0.454675 0.835108 0.124239
-0.307248 -0.30541 -2.03029 0.0285098
0.0410855 0.663862 0.0829395 0.112859
0.36988 -0.2613 -2.47568 0.0447486
0.685999 -0.0868831 -2.07804 0.126762
0.562074 -0.44108 -1.37709 0.109254
-0.469136 0.360229 1.04402 0.0925276
-0.475416 -0.0287538 -1.66304 0.129539
0.0861838 0.231818 2.16378 0.0362424
-0.467493 -0.402948 -2.07515 0.0459572
0.547017 0.0384183 -1.29125 0.112927
-0.1703 0.461331 -0.684755 0.11933
-0.8065 -0.160686 1.79797 0.116713
-0.874651 0.0718898 0.951607 0.117284
-0.797632 -0.544546 -1.39488 0.104605
0.0363417 -0.286147 -0.045354 0.110718
-0.0322414 -0.189264 -0.597892 0.0587057
0.0819143 0.546337 0.574753 0.115564
-0.726853 -0.684948 1.25783 0.120165
0.633064 -0.407979 -2.4206 0.119107
0.0757351 0.41197 -0.671156 0.114575
-0.708053 -0.0833742 -2.05667 0.121997
0.133568 0.311355 1.25098 0.108973
-0.408968 -0.492788 1.43763 0.113676
-0.0831756 0.0805757 2.07042 0
-0.114709 0.0805342 2.41546 0.114927
-0.100685 -0.145796 1.82054 0.0914803
-0.538423 0.172146 1.44304 0.100513
-0.769339 0.11474 1.57195 0.106013
-0.509802 -0.390492 2.55867 0.114816
-0.113536 0.45815 1.46655 0.0955758
0.131408 0.370316 1.15083 0.109238
-0.13506 -0.269723 1.35429 0.0555856
-0.465271 -0.50517 1.017 0.110656
-0.000358097 -0.287084 1.00334 0.0768423
0.172561 0.300109 1.11901 0.104481
-0.0605221 0.420023 -0.759806 0.108194
-0.245292 -0.204225 2.55761 0.112891
-0.300979 0.382895 1.37938 0.0828578
0.11613 0.0900752 2.4269 0.105796
-0.464619 -0.566681 -1.58784 0.112484
-0.936212 0.174505 -0.58951 0.102481
-0.0589827 -0.292514 1.10095 0.0663108
0.511145 0.137554 -1.20651 0.104255
-0.185014 0.0915122 -1.34772 0.106534
0.632579 -0.265311 -2.46665 0.107074
-0.78929 -0.555805 -1.93561 0.0981392
0.126011 -0.265701 2.24049 0.0526868
-0.0314726 -0.3761 2.17296 0.0409467
-0.732127 0.359259 -0.97401 0.0983932
-0.0711441 -0.263796 -0.253338 0.0984981
0.406501 -0.428081 -1.26948 0.0965644
0.12689 -0.392906 0.142155 0.0881041
-0.453495 -0.0991342 2.50877 0.10786
-0.543205 -0.260485 -2.1345 0.0472532
0.249388 -0.292816 0.848631 0.0801063
-0.229811 -0.404955 0.0615999 0.110266
-0.075669 -0.391059 -0.938821 0.0902011
-0.818338 -0.683872 1.35063 0.106397
0.754381 -0.368411 -2.11219 0.107629
-0.188109 -0.522853 -1.19327 0.098929
-0.477048 -0.384606 -0.115127 0.102257
-0.229165 -0.560705 -1.27213 0.0962434
-0.476188 -0.410464 0.0613119 0.102695
0.116255 -0.465034 0.516812 0.107619
0.195348 -0.296773 -0.86181 0.0543738
0.0844158 0.440436 1.22223 0.102537
0.258628 -0.37071 0.667665 0.0853316
-0.452814 -0.353989 -0.763109 0.0931825
-0.460407 -0.374094 -0.90087 0.0932559
-0.894174 -0.406256 0.108209 0.0999501
-0.125917 -0.456238 0.587872 0.100133
-0.866512 -0.439893 0.278562 0.102489
-0.549331 -0.479639 0.48284 0.101758
0.0855188 -0.264265 -0.756558 0.0505924
-0.773431 -0.268711 -0.841628 0.0639638
-0.646271 -0.493446 0.598086 0.106803
-0.625301 -0.349003 -0.977549 0.0924882
0.719554 -0.460249 -2.24369 0.106368
-0.414421 -0.198384 2.55695 0.105773
-0.932078 -0.281842 -0.867713 0.0824291
-0.758614 -0.44047 -1.20654 0.0944286
-0.814798 -0.682403 1.48998 0.104486
-0.638074 0.0603155 2.41251 0.0949545
-0.821041 -0.638051 1.16454 0.103745
-0.0847653 -0.372955 1.03532 0.049807
-0.137164 0.501179 1.34433 0.0882161
-0.886068 -0.182958 1.05919 0.096088
-0.113655 -0.312363 1.19557 0.0543517
0.265641 0.155027 -0.592431 0.0869487
-0.84515 0.197758 0.994674 0.100144
0.178922 0.409107 -0.602562 0.096427
-0.143831 -0.350375 1.2358 0.0401468
-0.970364 0.258579 -0.916324 0.0655842
-0.332915 -0.492275 1.29657 0.100774
-0.194056 -0.0352636 -2.05883 0
-0.340829 0.281069 -1.19292 0.0941786
-0.585802 0.245198 -1.23368 0.0874449
-0.216257 0.436465 1.41824 0.0807693
0.109123 -0.20793 1.22395 0.0316457
0.289885 -0.289027 2.32359 0.0291022
0.729591 -0.681011 -1.59841 0.0999068
-0.893242 -0.119949 0.491572 0.0930584
0.196108 -0.636628 -1.56808 0.0942734
-0.625792 -0.454001 -2.06951 0.0760868
-0.697641 0.135696 -1.28806 0.0989135
-0.677342 0.0157593 2.31871 0.0777301
-0.995903 0.0294659 -0.474318 0.0931273
-0.626466 0.44215 -0.90497 0.0920489
0.262718 -0.0812314 2.28889 0.025132
-0.994828 0.0326929 -0.630143 0.0948023
-0.765904 -0.634375 1.58199 0.0969309
-0.974293 -0.0493467 -0.187268 0.0908387
-0.198647 -0.351572 1.76959 0.0147966
0.262898 -0.624882 -1.64058 0.100613
0.809358 -0.647092 -1.92129 0.0951222
-0.43658 0.286091 -1.25176 0.0796666
-0.256886 0.256217 1.83466 0.0768035
-0.299494 0.299083 1.68787 0.0728022
0.639868 0.0469013 -1.53817 0.0940343
0.0973353 -0.385287 2.31281 0.0679012
-0.988204 0.0249959 -0.775829 0.0891234
-0.864973 0.0838062 -1.34591 0.0882183
-0.0673652 0.354628 1.98867 0.0378885
-0.972862 0.0482028 -0.865831 0.089192
-0.136431 0.614942 -0.104243 0.0962405
0.147934 0.0469956 2.21421 0.0254444
0.216831 0.0576125 1.13424 0.0819082
-1.00665 -0.0356291 -0.578058 0.0907044
0.165358 0.0226255 -1.55819 0.0979903
0.140449 -0.34714 2.61118 0.0940297
-1.00468 -0.0364818 -0.729281 0.0866251
-0.675258 0.305088 -1.13528 0.0857377
-0.394401 0.584036 -0.268427 0.091811
-0.935104 -0.245701 -1.20157 0.0878917
-0.900463 -0.0286317 0.440096 0.0720676
-0.67409 -0.75796 -1.66605 0.0910209
-0.799188 0.457289 0.204016 0.0881037
-0.992852 -0.0596111 -0.865705 0.0873005
0.158521 -0.187227 1.28469 0.0537811
-0.989157 0.102446 -0.53089 0.0851408
0.608852 -0.560313 -1.45099 0.0749106
-0.237293 0.378826 -0.988809 0.0911058
-0.647541 -0.389464 2.55857 0.0940512
0.11569 0.252231 0.106953 0.465395
-0.180057 0.263951 0.381702 0.242478
-0.222578 0.136188 -0.130991 0.449798
0.212987 0.268644 0.530902 0.395632
-0.0743571 0.211445 0.817286 0.249578
0.170188 0.107316 -0.313653 0.465395
0.230949 0.175838 1.01563 0.334082
-0.402254 -0.0409424 -0.517227 0.465395
-0.341247 0.0193949 1.20084 0.246737
0.0171726 -0.0937185 -0.698734 0.465395
-0.0380509 0.0165632 1.37608 0.284424
0.195621 -0.0379672 1.58901 0.247944
-0.321328 -0.160897 1.71805 0.346149
-0.428122 0.143707 0.725177 0.152527
-0.477868 0.0815366 0.186674 0.18278
0.371364 -0.157342 -0.900672 0.314502
0.502374 0.116543 0.232764 0.273787
-0.30857 -0.151686 -0.969209 0.426892
-0.0588534 -0.165607 1.90606 0.332779
0.126795 -0.180924 -1.18245 0.419535
-0.19879 -0.12466 -1.36338 0.391866
0.412395 -0.193361 -1.27199 0.301801
0.152326 -0.166713 2.0589 0.162358
0.417753 -0.197702 -1.57057 0.282549
-0.520339 -0.105883 -1.74686 0.342734
-0.575735 -0.179498 -1.28755 0.371648
0.460843 -0.183996 -0.504345 0.325217
-0.219751 -0.219253 2.21471 0.322233
0.10956 -0.0540349 -1.52433 0.356053
-0.312545 0.495144 0.13134 0.332121
0.530845 -0.140895 -0.126136 0.287197
-0.12694 0.102892 -1.75051 0.307028
0.541548 0.10602 0.667618 0.19416
-0.00336673 -0.314996 2.32175 0.210713
0.174753 0.0659352 -1.72116 0.249619
0.450074 -0.133368 -1.74015 0.217848
0.27211 0.576948 0.220694 0.279443
-0.330693 0.286939 0.809884 0.212785
-0.492397 -0.0562217 -2.00633 0.153094
-0.603562 -0.191053 -0.202175 0.229517
0.281201 0.518295 -0.0832637 0.24628
-0.0444663 0.0685321 -1.85642 0.193932
0.455929 -0.193391 1.16396 0.228157
0.236654 -0.0303756 -1.79295 0.206849
-0.00451557 0.623835 0.107268 0.263458
-0.672053 -0.312465 -0.831324 0.273067
-0.38919 -0.278439 2.37707 0.206352
-0.625499 -0.385245 1.39333 0.212942
0.0307201 0.547322 0.368773 0.230053
-0.663117 0.0916875 -0.153265 0.249445
0.415856 0.181003 -0.617197 0.22685
-0.501202 0.376025 -0.296756 0.247847
0.3188 -0.266796 2.35241 0.0447108
0.48591 0.260885 -0.0740808 0.218784
-0.490543 -0.331905 2.08505 0.209552
-0.343682 -0.0340385 -2.02405 0.109621
-0.128677 0.343225 -0.489566 0.239804
0.251053 -0.159434 -0.0464684 0.199182
0.00217227 -0.0762872 0.0748045 0.187903
0.101103 0.0124871 0.276178 0.185883
0.00550495 0.0864573 0.476252 0.179406
0.146047 0.47498 0.819086 0.186442
-0.577923 0.305874 0.0186763 0.231599
-0.705443 0.00924851 -0.824997 0.231927
0.365202 0.538215 0.662759 0.211538
-0.607318 -0.226558 1.08539 0.183672
-0.429797 0.45798 0.450631 0.199996
0.0201558 0.52816 -0.15463 0.211025
0.00223841 0.502032 0.640112 0.174421
-0.722249 -0.454537 -1.56112 0.227355
0.101966 0.374096 1.11507 0.108873
0.169484 -0.392791 2.43409 0.0700311
-0.44894 -0.0796541 2.08219 0.149248
-0.17012 0.459256 0.652924 0.166
0.575548 0.102678 -0.270107 0.183057
-0.596997 0.303728 0.289099 0.189032
-0.0275598 0.252006 1.21663 0.0391014
-0.551497 0.297898 0.511268 0.17655
0.0204231 -0.240444 -0.173174 0.169839
0.474135 -0.529422 -1.41143 0.166252
-0.126432 -0.300108 -0.343895 0.184143
-0.14461 0.0120263 0.281342 0.121084
0.480546 0.430112 0.168509 0.179404
-0.71515 -0.379364 -0.464961 0.190924
-0.217001 0.102765 0.447024 0.0840265
0.441517 -0.654679 -1.56943 0.14342
0.309473 -0.0105243 0.709882 0.154443
0.082848 0.0393374 0.681347 0.155335
-0.0848426 0.276169 1.05755 0.0899255
-0.64037 -0.45354 1.69448 0.188747
-0.0636459 0.0250898 0.895359 0.109706
0.563456 0.303515 0.500666 0.115748
0.481045 0.441371 0.379784 0.171847
0.492998 0.357544 0.692859 0.154151
0.459998 -0.417888 1.46832 0.145066
0.345583 0.482895 -0.339494 0.171643
-0.134823 0.500797 -0.274948 0.183828
0.385892 0.518515 0.965564 0.1719
0.244176 -0.275039 1.95789 0.112585
-0.770758 -0.526889 -1.77259 0.172167
-0.0320725 -0.0927809 -1.91737 0.140332
0.205319 -0.264992 2.33998 0.0426332
-0.625325 0.0902521 0.450972 0.0837668
0.188994 0.600223 0.53715 0.158432
0.574203 0.0973338 -0.777016 0.123092
-0.141268 -0.418142 2.55224 0.150823
-0.232125 -0.386502 2.56491 0.154554
-0.59276 -0.0279612 1.60212 0.157668
0.465862 -0.219846 -1.81977 0.122235
0.265417 0.532116 1.01585 0.14077
0.516374 -0.515662 -1.71797 0.0507617
-0.295068 0.476804 -0.397605 0.157786
0.232139 0.281189 -0.712993 0.159885
0.482807 0.276618 -0.368883 0.146355
-0.730382 -0.345051 -1.99849 0.161162
0.286491 -0.260245 2.11361 0.0956193
0.55631 -0.381033 -1.0098 0.0955798
0.47825 0.230262 1.26057 0.135158
-0.375506 -0.0343424 2.32049 0.131324
-0.194103 -0.277673 -0.171069 0.127864
0.272798 -0.345696 -0.250479 0.13941
-0.334546 -0.3182 -0.25409 0.133579
0.822367 -0.0104963 0.465948 0
0.592979 -0.429577 -0.687422 0.127009
-0.312857 -0.232487 -0.083475 0.124961
0.132094 -0.358809 -0.339701 0.138644
0.241151 -0.397129 -0.46345 0.149267
0.290228 -0.0203607 0.401912 0.126775
0.431381 -0.00144125 0.494304 0.108548
-0.815387 -0.453197 -1.11236 0.152338
-0.173937 0.0689715 0.597394 0.111706
-0.144654 0.0611186 0.701225 0.100612
-0.301934 0.013797 0.823355 0.0228815
-0.563617 -0.0333956 1.84205 0.138676
0.357388 -0.0335301 2.25678 0.0735362
-0.759185 0.0517947 -1.55508 0.149045
0.0161913 0.480787 0.869878 0.0997979
-0.269181 -0.0139913 0.942055 0.0472
-0.294205 0.531595 -0.222766 0.144617
-0.138598 0.579705 0.471672 0.132691
0.302738 -0.115214 2.31006 0.0453635
0.414729 0.346432 1.30471 0.131454
-0.743864 0.192956 -0.636726 0.140894
0.633278 -9.23537e-05 -1.44745 0.140803
0.393485 0.469823 1.18153 0.129587
-0.0967455 0.423803 0.872222 0.104579
0.571078 0.0795114 1.09703 0.124808
0.290669 0.0579821 1.97257 0.0451335
-0.270318 0.23737 1.12889 0.11062
-0.680505 -0.465671 1.89068 0.128593
-0.716141 0.193868 0.438432 0.124571
-0.675183 -0.190745 1.61053 0.126977
-0.666609 -0.332851 1.84475 0.123416
0.209806 0.781732 0.0481328 0.13278
-0.805255 -0.127461 -1.01324 0.137835
0.602612 0.14691 0.915399 0.112456
0.190441 -0.102271 -1.9061 0.101742
0.0692967 0.385392 -0.62787 0.134003
0.178429 0.328362 1.44822 0.112197
-0.548103 0.558607 -0.122993 0.131372
-0.667599 0.303345 -0.509397 0.12728
0.107975 -0.0880837 2.18186 0.110018
-0.371888 0.415416 -0.525371 0.130334
0.703078 -0.219354 0.905074 0.117424
0.23771 0.506811 -0.464827 0.127924
0.123719 0.564562 -0.334096 0.131462
0.581411 -0.423212 -0.840979 0.0823955
-0.316072 -0.0349031 2.45862 0.123963
-0.199716 0.322868 -0.707607 0.128607
-0.751177 -0.202456 0.0159841 0.103493
0.0157415 0.552474 -0.370964 0.125985
0.587644 -0.589001 1.30841 0.132015
-0.79964 0.0161462 -1.05561 0.124501
-0.716273 0.228846 -0.329849 0.123619
0.490598 0.457227 0.854579 0.111624
-0.665475 0.0456967 0.64064 0.0711209
-0.685954 -0.0531969 0.795632 0.087895
-0.604755 -0.180625 -2.19324 0.0489637
0.328823 0.791239 0.0431279 0.116256
0.338908 -0.143731 -1.87923 0.0924795
0.6312 0.008445 -1.71372 0.126353
0.514491 -0.500009 -1.15173 0.117504
0.0289279 0.417944 1.05421 0.0614761
-0.421637 0.164159 -1.53446 0.126931
0.337894 0.0582055 2.08636 0.0727881
-0.677406 -0.292017 -2.18761 0.0691932
0.644301 -0.0332075 -1.10238 0.111057
0.0562022 0.494029 -0.501323 0.118365
-0.638357 -0.204051 1.84627 0.11154
-0.590566 0.158706 1.00672 0.0980336
-0.771246 -0.53467 -1.34277 0.125143
0.846463 -0.188528 0.132942 0.108156
0.752745 -0.419835 -0.273323 0.113851
0.440567 0.633074 0.431394 0.113857
-0.711401 -0.623245 1.24819 0.117431
0.602745 -0.346014 -1.81702 0.0705676
0.320117 0.445096 -0.548618 0.11391
-0.714532 0.0568083 -2.02857 0.118719
0.56404 0.252016 1.02635 0.109739
-0.369201 -0.329471 1.37856 0.0824284
0.265118 -0.0975915 2.00322 0.0265023
-0.0452635 -0.0844412 2.39449 0.0827278
0.352142 -0.420779 1.75268 0.105055
-0.120452 0.200432 1.48677 0.0809808
-0.488054 0.0966756 1.63605 0.102119
-0.309841 -0.40116 2.61755 0.0834666
0.326183 0.413557 1.34802 0.108779
0.547666 0.341329 0.905852 0.100751
0.188065 -0.258495 1.23485 0.0984661
-0.41173 -0.0933162 0.912626 0.0838812
0.418437 -0.175782 0.876276 0.0961782
0.591454 0.269375 0.84822 0.0967383
0.175789 0.439129 -0.588657 0.110172
-0.176911 -0.282829 2.59197 0.0971598
0.158378 0.396653 1.33206 0.0851069
0.147456 -0.189537 2.32107 0.0695743
-0.435079 -0.421079 -1.5013 0.1138
-0.801517 0.0891934 -0.370653 0.106823
0.296975 -0.182728 0.966761 0.0920905
0.641902 0.049744 -1.02718 0.0911202
-0.0357798 0.153118 -1.10443 0.11135
0.618313 -0.18751 -1.85172 0.0770669
-0.821161 -0.463417 -1.93579 0.110827
0.255517 -0.372249 2.18398 0.0970227
0.0268334 -0.453002 2.1614 0.0938855
-0.618104 0.296889 -0.644988 0.103316
0.834243 -0.336695 0.0153979 0.0787818
0.454865 -0.484933 -1.02787 0.113185
0.877631 -0.132038 0.258017 0.0734223
-0.290342 -0.162939 2.55594 0.10424
-0.715599 -0.161607 -2.2279 0.0713717
0.795702 -0.148801 0.747997 0.0865912
0.290664 -0.173051 0.16002 0.0765513
0.257653 -0.472767 -0.676323 0.106333
-0.796474 -0.657176 1.3528 0.102117
0.626099 -0.334786 -1.73587 0.0912871
-0.0130423 -0.485315 -0.965488 0.108537
-0.170961 -0.233967 -0.00343993 0.0835581
-0.0903374 -0.486406 -1.06091 0.108511
-0.197728 -0.154225 0.120238 0.0760142
0.717678 0.00781868 0.51258 0.0493125
0.67156 -0.47977 -0.562911 0.0934917
0.505287 0.409213 1.02126 0.0978231
0.839515 -0.0806989 0.600116 0.0464061
-0.180324 -0.443164 -0.517788 0.103956
-0.228373 -0.470424 -0.651461 0.105685
-0.724979 -0.157118 0.143745 0.0679961
0.227313 -0.0331196 0.521058 0.0983754
-0.694174 -0.0558845 0.271198 0.0680922
-0.334288 0.124646 0.417462 0.0544591
0.710308 -0.481647 -0.438699 0.0972312
-0.583051 -0.489625 -0.602962 0.111378
-0.449026 0.150823 0.519723 0.0314178
-0.448983 -0.492984 -0.741229 0.105387
0.613329 -0.421902 -1.78512 0.0721156
-0.268812 -0.251608 2.60491 0.101785
-0.76591 -0.495332 -0.647316 0.104465
-0.674818 -0.496894 -1.06507 0.106094
-0.787584 -0.677279 1.49843 0.100497
-0.427153 -0.026668 2.46688 0.0857457
-0.774167 -0.50799 1.15349 0.0918098
0.163152 -0.0981619 0.875587 0.0839039
0.301776 0.492601 1.22858 0.0992964
-0.725675 -0.0506035 1.10321 0.092706
0.183004 -0.192953 1.05664 0.0797925
0.634515 0.102756 -0.436687 0.0870992
-0.450145 0.250169 1.06431 0.0865843
0.432081 0.449504 -0.506207 0.0940126
0.0841935 -0.176681 1.08925 0.0801214
-0.864858 0.174321 -0.717724 0.0916185
-0.303791 -0.210777 1.18506 0.0572684
-0.211449 0.40862 -1.95663 0.0833292
-0.18973 0.272408 -0.839993 0.101205
-0.482332 0.210813 -0.876045 0.10101
0.230343 0.43093 1.335 0.0877462
0.669978 -0.578584 1.14267 0.0896765
0.348825 -0.363933 2.26402 0.0799771
0.502641 -0.757059 -1.41683 0.0832905
-0.778591 0.108136 0.483623 0.0672492
0.216028 -0.472851 -1.37452 0.107565
-0.749016 -0.346166 -2.12734 0.105909
-0.614583 0.122553 -1.05528 0.0966485
-0.46623 -0.0749551 2.37376 0.0629331
-0.845359 -0.0644544 -0.283093 0.0971419
-0.496671 0.404556 -0.563835 0.0942231
0.383602 -0.198672 2.22004 0.0617606
-0.847404 -0.0925707 -0.416631 0.0964357
-0.726521 -0.630908 1.59301 0.0996648
-0.831812 -0.0416531 -0.0619451 0.0968415
0.0104934 -0.379826 1.71316 0.0901473
0.245479 -0.468316 -1.44289 0.0996379
0.492877 -0.740723 -1.71745 0.0474904
-0.313535 0.265057 -0.836647 0.0967659
0.100657 0.174607 1.81239 0.0866331
0.120878 0.251984 1.66414 0.0812492
0.676225 0.0315923 -1.34394 0.0916252
0.0975766 -0.474891 2.28981 0.0831608
-0.847448 -0.114591 -0.551093 0.0939145
-0.802769 0.078607 -1.19418 0.0924437
0.291226 0.190281 1.91001 0.0763653
-0.844363 -0.0792897 -0.640372 0.0937256
0.127015 0.723259 -0.0788417 0.0922902
0.356164 -0.105996 2.14235 0.0560765
0.682144 0.0245006 0.92823 0.0769204
-0.846881 -0.170682 -0.373448 0.0941873
0.27985 0.156768 -1.37623 0.0893635
0.0628494 -0.460228 2.59145 0.0918794
-0.850192 -0.199418 -0.507597 0.0936722
-0.570067 0.247995 -0.781751 0.0903306
-0.175477 0.639588 -0.144954 0.0893829
-0.858792 -0.313462 -1.06368 0.0934994
-0.805908 0.107531 0.445124 0.0563835
-0.676096 -0.682696 -1.64605 0.0943651
-0.599902 0.502892 0.281039 0.0892484
-0.851959 -0.214682 -0.644187 0.0912128
0.704161 -0.510858 1.19809 0.0753287
-0.84843 0.00926803 -0.326602 0.0907313
0.496756 -0.615493 -1.2405 0.0908188
-0.0416382 0.377022 -0.713354 0.0925823
-0.37828 -0.381093 2.61976 0.0633095
0.170078 0.00168495 0.173631 0.465395
-0.235195 -0.132809 0.367504 0.465395
-0.190466 0.0127182 -0.0750953 0.465395
0.217087 -0.18842 0.560245 0.465395
-0.237661 -0.357102 0.707586 0.465395
0.2766 0.079288 -0.238248 0.465395
0.235943 -0.350342 0.912411 0.465395
-0.380871 -0.0204023 -0.417037 0.380714
-0.564589 -0.623732 0.869638 0.280462
0.0786581 -0.0552269 -0.638422 0.446157
-0.179146 -0.630129 1.06593 0.339571
0.327103 -0.579176 1.22524 0.244462
-0.585671 -0.891814 1.13033 0.396323
-0.526592 -0.502065 0.560856 0.336935
-0.477839 -0.291149 0.192513 0.35488
0.501349 -0.101828 -0.900226 0.389189
0.59251 -0.203918 0.368975 0.266258
-0.350338 -0.21913 -0.830261 0.378657
-0.199775 -0.80573 1.25703 0.18623
0.149782 -0.199918 -1.17412 0.358685
-0.300834 -0.331151 -1.25096 0.368079
0.511027 -0.136906 -1.35985 0.330982
0.176455 -0.788478 1.37661 0.128002
0.44227 -0.0747071 -1.78713 0.330274
-0.799672 -0.434364 -1.52427 0.321618
-0.762249 -0.497384 -0.99662 0.354461
0.608507 -0.070838 -0.439025 0.318166
-0.510811 -0.919017 1.34406 0.309729
0.0647345 -0.194721 -1.593 0.312831
-0.335912 0.353647 0.139293 0.307697
0.629221 -0.0976157 0.0109513 0.143345
-0.281498 -0.231607 -1.79357 0.268269
0.662955 -0.410509 0.731583 0.347409
-0.161853 -0.951795 1.37213 0.0454358
0.0650589 -0.093126 -1.9562 0.240064
0.313478 0.0177372 -2.13728 0.243447
0.370904 0.362989 0.28429 0.270241
-0.611183 -0.0445997 0.653284 0.281939
-0.790298 -0.161209 -1.94879 0.240203
-0.579588 -0.238584 -0.0987699 0.162785
0.442243 0.376944 -0.00676325 0.289169
-0.232302 -0.0973388 -2.1158 0.194584
0.622397 -0.756472 0.968659 0.266823
0.0222351 0.000826215 -2.22089 0.149384
0.0382079 0.454644 0.141093 0.254587
-0.734696 -0.362198 -0.592205 0.209467
-0.866749 -1.07832 1.46294 0.241475
-0.660181 -1.2015 0.812715 0.190943
0.0125694 0.291715 0.379861 0.242594
-0.641445 0.0428812 -0.0887896 0.263537
0.603081 0.227109 -0.573445 0.248418
-0.477609 0.349874 -0.253905 0.248854
0.260672 -1.06609 1.5074 0.138039
0.655875 0.158345 0.0379459 0.248121
-0.879011 -1.15657 1.28625 0.232559
-0.568389 0.00860158 -2.22717 0.206959
-0.0642801 0.322736 -0.446927 0.246006
0.304361 -0.300556 0.0641185 0.192633
0.024381 -0.428625 0.142739 0.202361
0.105226 -0.530407 0.334734 0.200353
-0.032346 -0.668268 0.484095 0.218568
0.0316822 0.12643 0.757188 0.23632
-0.582894 0.221146 0.0444668 0.248965
-0.729803 -0.0561737 -0.641456 0.197406
0.415249 0.227418 0.685422 0.22207
-0.591529 -1.07855 0.657338 0.187474
-0.562028 0.259882 0.397708 0.192979
0.108122 0.414316 -0.105218 0.223071
-0.135923 0.195647 0.590433 0.209278
-1.03948 -0.915294 -1.15204 0.253826
-0.118088 -0.00520575 0.970241 0.208316
0.0338223 -1.12897 1.47306 0.110072
-0.875778 -0.839087 1.34876 0.215281
-0.375798 0.169772 0.570851 0.192215
0.753211 0.131034 -0.17042 0.198736
-0.652792 0.150902 0.269797 0.215946
-0.38389 -0.135041 1.00109 0.180845
-0.677807 0.0588444 0.435684 0.205216
0.0660032 -0.34729 -0.079214 0.177755
0.640912 -0.296909 -1.59404 0.181556
-0.0838163 -0.313012 -0.242589 0.177748
-0.152976 -0.630613 0.292227 0.159299
0.635688 0.224249 0.276812 0.199804
-0.701949 -0.246136 -0.28015 0.12851
-0.248927 -0.751673 0.405449 0.169433
0.596825 -0.300772 -1.80518 0.1699
0.333412 -0.725005 0.710335 0.194471
0.0328414 -0.787643 0.667078 0.195799
-0.531849 -0.0429048 0.865517 0.164795
-0.80541 -1.29979 1.00184 0.138278
-0.164277 -0.899828 0.797458 0.196968
0.728949 -0.0105896 0.630446 0.214988
0.616647 0.179456 0.480801 0.201405
0.634858 0.0253361 0.756959 0.19442
0.715055 -0.945402 1.11208 0.187119
0.546176 0.413698 -0.270173 0.188955
-0.0746401 0.429185 -0.234786 0.183829
0.424568 0.173743 0.913416 0.191268
0.568283 -0.843252 1.4176 0.0976249
-1.113 -0.901105 -1.40606 0.165313
-0.257391 0.00902639 -2.34573 0.140045
-0.000886124 -0.959599 1.42303 0.0278168
-0.614811 -0.737197 0.349221 0.16774
0.179755 0.315836 0.546226 0.170217
0.793381 0.176776 -0.764802 0.171389
-0.345109 -1.06345 1.48198 0.141378
-0.552345 -1.08787 1.52457 0.153842
-0.877834 -0.635581 1.07552 0.139369
0.182699 0.0552333 -2.37443 0.132412
0.210777 0.177231 0.933951 0.164454
0.554186 -0.16254 -2.04388 0.144035
-0.2545 0.442128 -0.361951 0.159305
0.362199 0.298236 -0.674465 0.160259
0.69662 0.267982 -0.294961 0.158623
-1.08393 -0.499975 -1.76182 0.154878
0.496152 -0.910882 1.4681 0.0821084
0.81231 -0.340845 -1.11803 0.155226
0.668658 -0.191031 1.09998 0.15375
-0.856109 -0.806229 1.49007 0.146707
-0.161189 -0.410511 -0.0821618 0.130667
0.342592 -0.304169 -0.139524 0.133267
-0.305215 -0.370596 -0.146708 0.122164
0.90838 -0.588279 0.622959 0.126913
0.790306 -0.319132 -0.683438 0.139563
-0.28825 -0.454781 -0.00974069 0.124436
0.196708 -0.325455 -0.239934 0.154154
0.330851 -0.303899 -0.379791 0.143396
0.298363 -0.665858 0.482601 0.125316
0.459308 -0.683085 0.58441 0.129824
-1.00443 -0.753122 -0.743655 0.0981446
-0.239941 -0.883727 0.536866 0.138701
-0.247385 -0.926186 0.649066 0.148576
-0.398996 -1.00587 0.657203 0.142832
-0.925808 -0.728772 1.22421 0.140277
0.327058 -0.735903 1.48829 0.0677687
-1.04087 -0.355772 -1.21669 0.150773
-0.240493 0.164508 0.763148 0.138751
-0.397912 -1.04592 0.763649 0.122079
-0.264661 0.466344 -0.190517 0.145732
-0.249068 0.342935 0.439218 0.137945
0.169203 -0.825438 1.4712 0.0534776
0.547919 -0.061081 1.13694 0.145366
-0.704407 0.193932 -0.515918 0.0988098
0.710287 0.110021 -1.604 0.137807
0.452636 0.093743 1.0658 0.131414
-0.441696 0.129092 0.737737 0.133454
0.779441 -0.367031 0.989771 0.139786
0.524825 -0.492993 1.43946 0.0542438
-0.743672 -0.075704 0.878227 0.122335
-0.958035 -1.32349 1.14782 0.105167
-0.773226 -0.023303 0.384698 0.152174
-0.890463 -0.878799 1.02615 0.0909397
-0.953541 -1.14254 1.1437 0.109827
0.327143 0.619329 0.105323 0.142825
-0.912591 -0.32011 -0.73519 0.131994
0.798237 -0.269848 0.900034 0.138016
-0.0922751 0.0877582 -2.43531 0.112409
0.170816 0.379976 -0.586217 0.133749
0.117756 -0.0929721 1.22393 0.130928
-0.547707 0.503848 -0.0984695 0.135521
-0.636585 0.311357 -0.437114 0.120394
-0.091372 -0.712143 1.37509 0.0391975
-0.342524 0.403985 -0.493503 0.132291
0.858142 -0.798997 0.828082 0.117747
0.405133 0.464997 -0.407776 0.131679
0.256441 0.489112 -0.279117 0.126039
0.828069 -0.370023 -0.902003 0.136442
-0.76612 -0.786778 1.56625 0.114622
-0.160698 0.323119 -0.672988 0.128541
-0.730592 -0.496479 0.0613905 0.113741
0.116007 0.490872 -0.32318 0.121643
0.812237 -1.11046 0.969348 0.148618
-0.896352 -0.185274 -0.795722 0.113047
-0.688441 0.233244 -0.258857 0.120459
0.596291 0.123771 0.853305 0.131123
-0.6467 -0.893352 0.445682 0.1157
-0.66109 -0.948259 0.51734 0.109657
-0.893508 0.00433014 -2.26618 0.110774
0.471328 0.62568 0.108758 0.129612
0.036211 0.102831 -2.44153 0.108469
0.578529 0.182552 -2.03715 0.115423
0.738969 -0.392656 -1.28302 0.117731
-0.3347 0.100013 0.900665 0.113816
-0.618998 -0.173604 -1.34834 0.125934
0.484931 -0.546476 1.46615 0.0364006
-1.00889 -0.167941 -2.14698 0.11307
0.816157 0.0289312 -1.16403 0.123635
0.16776 0.46071 -0.454687 0.12224
-0.960569 -0.965009 1.17905 0.110152
-0.818004 -0.228728 0.741762 0.105108
-1.04809 -0.986278 -0.914793 0.0908333
0.914292 -0.336622 0.322994 0.108214
0.853289 -0.165422 -0.139883 0.112573
0.541952 0.386109 0.497612 0.119376
-0.545937 -1.48286 0.60603 0.0915698
0.388457 -0.0412504 -2.32677 0.0973707
0.502845 0.430335 -0.495541 0.116777
-1.09497 -0.0481433 -1.7928 0.0930872
0.753503 -0.137004 0.967855 0.113226
-0.505879 -1.26029 0.892288 0.0893039
0.578255 -0.659771 1.45559 0.0454511
-0.326109 -0.732164 1.46392 0.0632096
0.676141 -0.950313 1.3014 0.119508
-0.476476 -0.25772 1.15443 0.10149
-0.822373 -0.473911 1.13751 0.100501
-0.783644 -1.17297 1.59495 0.109835
0.386147 0.0128225 1.17135 0.100835
0.707044 -0.01445 0.900567 0.110689
0.248399 -0.949152 0.986872 0.11998
-0.456785 -1.10099 0.639419 0.0974206
0.501425 -0.842474 0.804126 0.111513
0.77901 -0.0911874 0.872118 0.1083
0.31274 0.427886 -0.541731 0.110904
-0.46303 -0.958986 1.56625 0.0965237
0.0214387 0.00751665 1.15021 0.108153
-0.132094 -0.841865 1.40376 0.0251851
-0.656451 -0.763409 -1.23951 0.107677
-0.770692 0.106141 -0.270103 0.105676
0.354028 -0.889489 0.847918 0.11235
0.828397 0.114158 -1.06211 0.110829
-0.0456993 0.0914887 -1.05383 0.10384
0.389856 0.0923234 -2.36576 0.098003
-1.17564 -0.727383 -1.6245 0.114121
0.379078 -1.07882 1.46369 0.0540509
-0.00709471 -1.10572 1.31269 0.0868951
-0.59266 0.299317 -0.568596 0.0969715
0.891104 -0.268995 0.203957 0.0589836
0.667474 -0.417274 -1.11701 0.0944969
0.944283 -0.491319 0.449531 0.0788228
-0.721542 -0.908421 1.59945 0.0994006
-1.08478 0.00451802 -2.14546 0.117733
0.928524 -0.749884 0.76529 0.101472
0.319802 -0.552482 0.270363 0.0815947
0.367944 -0.375892 -0.628525 0.101082
-0.666912 -1.50298 0.679944 0.0862521
0.592376 -0.0331671 -2.09834 0.101771
0.0122024 -0.464639 -0.895449 0.0976665
-0.148332 -0.543765 0.0608458 0.0924948
-0.0988406 -0.505384 -0.970234 0.0992474
-0.186419 -0.626539 0.158561 0.0825538
0.778093 -0.708052 0.656477 0.094879
0.841852 -0.31345 -0.517861 0.0938357
0.629899 0.0454683 0.962737 0.105895
0.947665 -0.700081 0.70179 0.0968547
-0.145215 -0.385131 -0.401178 0.0963196
-0.209347 -0.403249 -0.520171 0.0938002
-0.7064 -0.632345 0.148892 0.084575
0.214133 -0.794996 0.568545 0.0924159
-0.676427 -0.730103 0.231954 0.0781722
-0.330761 -0.879169 0.344162 0.0671398
0.845708 -0.258697 -0.352269 0.0929577
-0.589598 -0.364947 -0.395814 0.0617177
-0.434475 -0.94184 0.387822 0.0867619
-0.470244 -0.435035 -0.549268 0.089289
0.517551 -0.101767 -2.20701 0.0991027
-0.669891 -0.984531 1.60978 0.099822
-0.791168 -0.415566 -0.416739 0.0759483
-0.827528 -0.721475 -0.746853 0.0812396
-0.725112 -1.53002 0.803213 0.0878682
-0.961386 -0.822517 1.60059 0.100159
-0.645834 -1.36602 0.586976 0.0622069
0.148503 -0.919963 0.805778 0.103107
0.294167 0.115871 1.09744 0.0968703
-0.771208 -0.613733 0.731552 0.0744459
0.205258 -0.935229 0.894194 0.109478
0.84381 0.1706 -0.367725 0.0999353
-0.81763 -0.0810362 0.810049 0.0938597
0.646077 0.434993 -0.447312 0.0981703
0.06146 -0.977163 0.909504 0.108402
-0.802094 0.162076 -0.559545 0.0559976
-0.436222 -1.17302 0.847533 0.0516557
-0.404263 0.0516625 -2.07125 0.0771118
-0.169456 0.261556 -0.801288 0.0986284
-0.500015 0.163078 -0.782343 0.0910382
0.18054 0.0339404 1.16422 0.0976227
0.860863 -1.1036 0.855678 0.0649061
0.433244 -1.13799 1.50768 0.0395233
0.714303 -0.43247 -1.62167 0.0869824
-0.796339 -0.324949 0.400535 0.0942885
0.273373 -0.422467 -1.45183 0.0888304
-1.10429 -0.346243 -1.97575 0.107917
-0.690695 -0.0366184 -0.860099 0.0859376
-1.00447 -0.881219 1.5322 0.095798
-0.819003 -0.051711 -0.175371 0.0973621
-0.471108 0.404997 -0.524722 0.0925572
0.491875 -0.918741 1.50003 0.0583917
-0.825928 -0.0548041 -0.280983 0.094634
-0.750188 -1.49487 0.897457 0.0969621
-0.809718 -0.152587 0.00138783 0.0964087
0.0118982 -1.07462 1.18832 0.0896998
0.303569 -0.392061 -1.55565 0.0803372
0.644235 -0.253289 -2.01307 0.0906966
-0.309935 0.252534 -0.801298 0.0925642
0.0268415 -0.317909 1.3662 0.0274357
0.0470775 -0.194812 1.33385 0.0445264
0.780769 0.11915 -1.46046 0.0965499
0.0506611 -1.15503 1.37796 0.0645718
-0.835884 -0.0790878 -0.386724 0.0905762
-0.947086 -0.194166 -0.906721 0.089166
0.489827 -0.331649 1.42253 0.03367
-0.838166 -0.0693101 -0.464555 0.0846767
0.238767 0.584911 -0.0262952 0.097167
0.520539 -0.756351 1.48259 0.046532
0.87886 -0.439563 0.892516 0.095495
-0.826528 -0.126908 -0.234532 0.0940209
0.277912 0.094367 -1.42963 0.092572
-0.0932251 -1.14452 1.54146 0.0871406
-0.840401 -0.138915 -0.337743 0.0941739
-0.562773 0.229718 -0.692845 0.0828706
-0.133838 0.542377 -0.112398 0.0945417
-1.01466 -0.564708 -0.72944 0.0918421
-0.832397 -0.162623 0.390572 0.0890338
-1.00208 -1.11213 -1.25389 0.095831
-0.676667 0.374109 0.257428 0.095408
-0.865736 -0.19073 -0.444904 0.0869765
0.917917 -1.03619 0.915778 0.0913683
-0.821657 0.0285 -0.220886 0.0874805
0.715537 -0.440768 -1.39655 0.0858206
0.0275918 0.375434 -0.677126 0.092169
-0.956043 -1.19902 1.61122 0.078932
0.157899 0.04763 0.207007 0.465395
-0.213876 0.055075 0.475945 0.465395
-0.232025 -0.0297664 -0.0459261 0.465395
0.261825 0.0163641 0.648963 0.465395
-0.115532 0.0181131 0.922237 0.465395
0.218853 -0.0448972 -0.188546 0.465395
0.365424 -0.0323081 1.06298 0.465395
-0.441338 -0.181906 -0.39957 0.431829
-0.447526 -0.0758186 1.20418 0.465395
-0.0182921 -0.247588 -0.49091 0.408915
0.0237763 -0.123591 1.34121 0.465395
0.533571 -0.186681 1.35902 0.450514
-0.412481 -0.177177 1.5097 0.401561
-0.539563 -0.122111 0.790675 0.428142
-0.543916 -0.183997 0.244802 0.424222
0.355452 -0.327566 -0.615191 0.367137
0.542339 -0.171843 0.331605 0.422079
-0.383615 -0.34566 -0.67161 0.330893
0.0163011 -0.16946 1.63309 0.400029
0.0328188 -0.421263 -0.781477 0.33606
-0.279667 -0.471421 -0.872033 0.299119
0.450296 -0.44249 -0.863026 0.330061
0.510876 -0.184627 1.63617 0.384736
0.623749 -0.575901 -1.0826 0.319773
-0.402998 -0.647444 -1.10332 0.250573
-0.614874 -0.457375 -0.83468 0.307945
0.503738 -0.301025 -0.330331 0.333471
-0.343381 -0.178357 1.80974 0.349289
0.0917517 -0.527805 -0.99882 0.264125
-0.317119 0.407153 0.213955 0.338001
0.569509 -0.286516 -0.0454419 0.326402
-0.0428331 -0.63715 -1.14299 0.240926
0.64294 -0.217175 0.772647 0.327017
0.0586427 -0.2068 1.90527 0.286111
0.306246 -0.623313 -1.18426 0.23524
0.719448 -0.642098 -1.27437 0.243946
0.399413 0.434875 0.333749 0.301411
-0.492991 0.299067 0.886885 0.299904
-0.150025 -0.7574 -1.2902 0.190083
-0.641461 -0.342186 -0.16411 0.273999
0.441553 0.379333 0.0189565 0.285559
0.209488 -0.733042 -1.27332 0.211104
0.656449 -0.413314 1.1143 0.2699
0.483611 -0.686654 -1.31267 0.214979
0.062659 0.512306 0.208013 0.269602
-0.715051 -0.460947 -0.613908 0.220003
-0.661125 -0.297167 1.84771 0.223023
-0.687982 -0.452097 1.30204 0.256927
0.0683272 0.430757 0.475922 0.265201
-0.697209 -0.0452293 -0.102056 0.256262
0.499468 0.0224799 -0.405457 0.207522
-0.524362 0.24897 -0.214386 0.245153
0.691427 -0.28884 1.79743 0.213392
0.627415 0.0982865 0.0258432 0.262205
-0.689968 -0.340206 1.67218 0.228713
0.142472 -0.768845 -1.35248 0.155258
-0.120421 0.197193 -0.359859 0.227717
0.244543 -0.379279 0.0376217 0.244623
-0.0312939 -0.373711 0.16293 0.244982
0.0695991 -0.363527 0.381834 0.246678
-0.0218207 -0.359148 0.608459 0.246721
0.169869 0.392477 0.918982 0.247131
-0.602055 0.20404 0.0796895 0.241399
-0.768099 -0.197413 -0.637223 0.202554
0.500401 0.392966 0.776511 0.237174
-0.682517 -0.449844 1.09463 0.225105
-0.498081 0.426156 0.52598 0.230543
0.0990404 0.397731 -0.0494599 0.217955
-0.0226935 0.43663 0.747735 0.221764
-0.681111 -0.78911 -0.968754 0.197824
0.0772063 0.347022 1.19052 0.222001
0.378768 -0.313157 1.94088 0.194977
-0.644614 -0.0751681 1.7096 0.144105
-0.259209 0.435698 0.751474 0.215098
0.693069 -0.0314812 -0.145089 0.180933
-0.640936 0.23101 0.343074 0.206297
-0.161261 0.301236 1.28549 0.208118
-0.636612 0.245107 0.567513 0.203213
-0.000456022 -0.43893 -0.0818657 0.198462
0.765076 -0.733189 -0.929467 0.159505
-0.153324 -0.455863 -0.239624 0.192677
-0.212393 -0.409985 0.380762 0.199528
0.637236 0.252655 0.28337 0.201561
-0.736459 -0.456597 -0.416466 0.168474
-0.304343 -0.405738 0.562317 0.199593
0.882298 -0.873825 -1.04283 0.173161
0.359085 -0.405292 0.822361 0.199678
0.121907 -0.404758 0.830519 0.199741
-0.30328 0.395716 1.1596 0.203162
-0.739953 -0.459646 1.45898 0.180741
0.0269819 -0.404409 1.04364 0.197893
0.734457 0.0664243 0.645475 0.197794
0.638823 0.253511 0.510643 0.198292
0.691288 0.158284 0.813334 0.196517
0.763943 -0.563076 1.26813 0.193271
0.51305 0.341809 -0.20989 0.185053
-0.099992 0.372322 -0.169126 0.189419
0.555093 0.390636 1.02283 0.190007
0.843873 -0.444386 1.43271 0.182205
-0.644189 -0.939678 -1.12981 0.164675
0.376169 -0.765286 -1.38015 0.0873632
0.505679 -0.0734689 1.90243 0.162928
-0.774092 -0.403843 0.514022 0.184708
0.260708 0.484232 0.651505 0.17794
0.644933 -0.0759638 -0.495842 0.125055
-0.272366 -0.346425 2.06641 0.163031
-0.452293 -0.359909 2.03454 0.158616
-0.760457 0.00206547 1.43932 0.163804
0.745534 -0.689716 -1.4212 0.131771
0.363919 0.438802 1.08157 0.16914
0.965551 -0.835477 -1.20508 0.153582
-0.29715 0.343936 -0.293137 0.154748
0.268156 0.111031 -0.510866 0.146003
0.63742 0.135421 -0.21775 0.138477
-0.445949 -0.894017 -1.28446 0.103894
0.838157 -0.395802 1.54963 0.153694
0.648655 -0.50826 -0.65614 0.119752
0.811908 0.0509064 1.15967 0.157753
-0.600218 -0.0334096 1.86102 0.141186
-0.229062 -0.480564 -0.0959526 0.151213
0.269872 -0.492132 -0.149907 0.150732
-0.369189 -0.481943 -0.189223 0.149539
0.780734 -0.450113 0.556848 0.153943
0.634136 -0.526715 -0.453846 0.131562
-0.361583 -0.470911 -0.0214757 0.149813
0.118893 -0.50448 -0.220803 0.151031
0.234671 -0.521056 -0.309045 0.147158
0.260629 -0.453398 0.515338 0.153398
0.403571 -0.451649 0.603576 0.153272
-0.847821 -0.64436 -0.733274 0.137192
-0.209606 -0.451208 0.745979 0.152928
-0.114856 -0.450724 0.883144 0.152685
-0.305228 -0.449723 0.967001 0.152302
-0.742614 -0.0160172 1.57925 0.136822
0.81109 -0.00294269 1.75096 0.155841
-0.715291 -0.345262 -0.986767 0.110595
-0.0679479 0.48707 0.975673 0.150989
-0.21269 -0.449566 1.09058 0.150737
-0.285399 0.417263 -0.129186 0.147193
-0.167709 0.523206 0.570557 0.148972
0.70308 0.00795729 1.8385 0.151457
0.715958 0.193666 1.21733 0.147889
-0.812336 -0.0227476 -0.533735 0.118364
0.778773 -0.304396 -1.02427 0.13417
0.610571 0.339988 1.17294 0.140986
-0.25717 0.487556 0.979765 0.144752
0.849729 -0.133087 1.05847 0.145022
0.870144 -0.0627994 1.48629 0.148984
-0.537379 0.395039 1.19776 0.141293
-0.828067 -0.470829 1.5644 0.138753
-0.776941 0.105673 0.472793 0.141141
-0.81473 -0.183199 1.42384 0.13632
-0.817579 -0.332936 1.54456 0.131763
0.349188 0.663668 0.154026 0.136345
-0.855395 -0.339227 -0.721726 0.134502
0.841093 -0.0811428 0.96007 0.139562
0.521007 -0.680675 -1.45628 0.10295
0.0992659 0.227509 -0.462004 0.125669
0.328027 0.247456 1.40266 0.133681
-0.562825 0.465894 -0.0454273 0.127525
-0.720798 0.134535 -0.41861 0.124315
0.333401 0.0678749 1.8201 0.134719
-0.401652 0.269534 -0.414428 0.125872
0.787978 -0.501284 0.941307 0.12774
0.357473 0.361064 -0.320943 0.117522
0.229972 0.428749 -0.212905 0.133377
0.643793 -0.528565 -0.544658 0.0968112
-0.532125 -0.0200035 1.97376 0.120196
-0.233421 0.159995 -0.548773 0.114532
-0.823727 -0.463131 0.0540273 0.128341
0.0834628 0.416495 -0.250292 0.128614
0.749687 -0.695187 1.21467 0.109951
-0.854443 -0.227989 -0.761754 0.125175
-0.755683 0.0893924 -0.262049 0.123185
0.69539 0.297254 0.934049 0.128087
-0.820947 -0.449768 0.699472 0.127917
-0.821024 -0.449719 0.838461 0.127388
-0.0207284 -0.83661 -1.44327 0.0828246
0.492607 0.668668 0.150018 0.129329
0.634862 -0.658883 -1.46794 0.0990371
0.908904 -0.427467 -1.24487 0.115677
0.668705 -0.649278 -0.743108 0.104712
-0.11409 0.489297 1.15919 0.12528
-0.413954 -0.306711 -0.986206 0.101913
0.882361 -0.0123521 1.58163 0.125622
-0.164446 -0.92211 -1.4254 0.0848893
0.68709 -0.238231 -0.761208 0.118557
0.117357 0.348327 -0.361803 0.112186
-0.80381 -0.198392 1.55663 0.117056
-0.773403 0.160352 1.01716 0.123131
-0.783203 -0.780329 -0.830411 0.0818664
0.826333 -0.450655 0.189455 0.121545
0.783822 -0.479522 -0.191474 0.115951
0.591418 0.487248 0.556881 0.120883
-0.728658 -0.685054 1.24281 0.117835
0.915949 -0.772074 -1.39999 0.0918318
0.435966 0.29141 -0.378615 0.099938
-0.411276 -0.560827 -1.27814 0.0772073
0.84687 0.056801 1.02654 0.116652
-0.373212 -0.494672 1.30013 0.115215
0.90962 -0.258165 1.45057 0.118534
-0.0208854 0.069044 1.99454 0.113145
0.830153 -0.576098 1.37369 0.107532
-0.255946 0.251071 1.47516 0.113174
-0.665049 0.142362 1.48763 0.106284
-0.62074 -0.420568 2.01353 0.0980292
0.570742 0.290335 1.28386 0.10876
0.793212 0.154511 0.964272 0.114344
0.365638 -0.504935 1.19755 0.112675
-0.44716 -0.496378 1.00847 0.113552
0.503392 -0.500517 0.945897 0.112186
0.83861 0.0613919 0.925433 0.113124
0.245197 0.284536 -0.42392 0.101868
-0.324766 -0.216259 2.10166 0.101024
0.225349 0.344771 1.34942 0.110614
0.404586 0.0751799 1.93761 0.112051
-0.444463 -0.779179 -0.934072 0.0926687
-0.845713 -0.0609143 -0.30619 0.10588
0.410131 -0.501565 1.02439 0.110009
0.674164 -0.151063 -0.702258 0.098869
-0.12351 -0.0992633 -0.781962 0.0876844
0.914093 -0.635821 -1.4389 0.0903421
-0.612151 -0.941812 -1.2548 0.0708077
0.718546 -0.485016 1.62256 0.109154
0.166104 -0.449509 1.74363 0.107717
-0.681764 0.109977 -0.534199 0.0931065
0.825173 -0.498504 0.0521922 0.106822
0.531243 -0.622021 -0.661198 0.104418
0.826857 -0.49708 0.327913 0.107606
-0.522308 -0.147966 2.03304 0.10009
-0.190261 -0.804139 -1.43304 0.0755561
0.831208 -0.499084 0.820266 0.107311
0.256253 -0.506021 0.246073 0.106957
0.239992 -0.59464 -0.451389 0.102171
-0.82463 -0.686321 1.30556 0.1056
1.01111 -0.706187 -1.25214 0.110183
-0.11011 -0.640406 -0.626681 0.100843
-0.219905 -0.515374 0.0704561 0.1055
-0.205358 -0.655782 -0.679631 0.10059
-0.262056 -0.508358 0.199872 0.106057
0.639516 -0.497529 0.602823 0.106583
0.712047 -0.559508 -0.378601 0.0906149
0.749644 0.246677 1.0414 0.106633
0.828868 -0.497766 0.691597 0.106528
-0.216691 -0.568458 -0.378508 0.0988166
-0.274725 -0.589217 -0.472658 0.0940899
-0.822427 -0.503893 0.190855 0.104658
0.214872 -0.499124 0.651078 0.106374
-0.821627 -0.500324 0.328828 0.105651
-0.492109 -0.498629 0.514961 0.105992
0.744972 -0.545818 -0.302503 0.0970773
-0.60677 -0.564924 -0.502204 0.0585697
-0.632725 -0.497157 0.606725 0.105763
-0.492734 -0.600233 -0.55741 0.0887647
0.993194 -0.809924 -1.31999 0.110451
-0.50129 -0.232588 2.06877 0.0973656
-0.790426 -0.586791 -0.528132 0.0828113
-0.717273 -0.67916 -0.710445 0.0906676
-0.828564 -0.687708 1.39704 0.102901
-0.691578 -0.0406588 1.95625 0.0918689
-0.822089 -0.638221 1.15249 0.0969084
0.265816 -0.499782 0.99486 0.104803
0.466224 0.388869 1.23453 0.101914
-0.868482 -0.167645 1.06441 0.103902
0.3148 -0.501807 1.1015 0.104257
0.75329 -0.0323102 -0.255816 0.0760447
-0.678884 0.34778 1.10669 0.102804
0.580528 0.299108 -0.33588 0.0790248
0.217835 -0.501029 1.14223 0.102566
-0.949127 -0.100186 -0.613882 0.0494269
-0.269351 -0.495551 1.22102 0.101842
0.0181952 -0.551144 -1.29959 0.0892196
-0.245287 0.0881352 -0.640423 0.0867517
-0.55609 0.00614539 -0.679754 0.0833788
0.372519 0.342084 1.32584 0.0990757
0.739799 -0.688981 1.13116 0.0940471
0.80412 -0.489524 1.66861 0.100753
0.910509 -0.921528 -0.907686 0.0924251
-0.868635 -0.122625 0.51472 0.0987176
0.196297 -0.715646 -0.868894 0.0912062
-0.34227 -0.939824 -1.37837 0.0720411
-0.677923 -0.125827 -0.767985 0.0907498
-0.728187 -0.0925114 1.87737 0.0642217
-0.882839 -0.19687 -0.238354 0.0972032
-0.542698 0.248958 -0.458995 0.0892555
0.887029 -0.299697 1.64323 0.0940946
-0.887023 -0.22839 -0.351607 0.095805
-0.785436 -0.642353 1.43924 0.0725703
-0.876563 -0.205663 -0.0270729 0.0964763
0.206843 -0.50437 1.46794 0.0964895
0.290809 -0.739387 -0.92471 0.0873789
1.09376 -0.960986 -1.16473 0.0899943
-0.383438 0.0806716 -0.652774 0.0805572
0.303479 0.153342 1.61537 0.0925496
0.288554 0.200837 1.54855 0.0881949
0.769008 -0.237157 -0.954021 0.0902935
0.275578 -0.45292 1.81769 0.0959479
-0.8912 -0.263802 -0.457027 0.0952176
-0.844061 -0.191124 -0.830634 0.0795366
0.821841 0.0832819 1.48965 0.0984168
-0.895705 -0.252683 -0.521981 0.0949493
0.249712 0.605319 0.0249582 0.0921845
0.909223 -0.20516 1.58717 0.0936518
0.88753 -0.221939 0.963095 0.0957379
-0.881824 -0.293936 -0.321157 0.0947833
0.237895 -0.222055 -0.960687 0.0815516
0.133353 -0.346765 2.11494 0.0874379
-0.885768 -0.323802 -0.428817 0.0937212
-0.643005 0.0468899 -0.633716 0.0793603
-0.137232 0.531045 -0.0491208 0.0907225
-0.896797 -0.508741 -0.72371 0.0911353
-0.869024 -0.029644 0.468906 0.0933401
-0.605879 -1.04456 -1.03052 0.0897679
-0.643352 0.46058 0.347442 0.0935585
-0.891574 -0.354492 -0.5173 0.0912315
0.841675 -0.646324 1.14066 0.0947187
-0.887671 -0.126854 -0.271096 0.0922592
0.728913 -0.769023 -0.792019 0.0678774
-0.0475347 0.212962 -0.541742 0.0841705
-0.745884 -0.429139 1.96781 0.0621547
0.382136 -0.039109 0.185714 0.425464
0.154782 -0.140554 0.510426 0.125254
0.209281 -0.126636 -0.122622 0.361685
0.384308 -0.0878702 0.658272 0.334499
0.0586305 -0.15104 0.948863 0.221049
0.436421 -0.0299809 -0.315446 0.465395
0.406335 -0.104107 1.1155 0.391384
0.0561781 -0.167279 -0.638881 0.426743
-0.339201 -0.112489 1.29801 0.137119
0.286299 -0.15316 -0.781159 0.465395
0.0624898 -0.174278 1.44407 0.212094
0.503567 -0.180029 1.58268 0.446415
-0.360871 -0.192897 1.7362 0.293003
-0.261536 -0.219545 0.876638 0.0224871
0.00636347 -0.383079 0.290069 0.0657913
0.549294 -0.175368 -0.953283 0.419453
0.596884 -0.198244 0.325673 0.371143
-0.0090136 -0.172952 -1.09588 0.405462
0.036054 -0.189688 1.90906 0.393222
0.255413 -0.232575 -1.24528 0.378194
-0.0461617 -0.222186 -1.44903 0.337318
0.56027 -0.233262 -1.35355 0.372292
0.450775 -0.168575 2.04917 0.375384
0.56092 -0.317904 -1.76889 0.35601
-0.377389 -0.251098 -1.85035 0.294579
-0.300051 -0.143439 -1.39334 0.30905
0.647353 -0.224449 -0.532382 0.329739
-0.280403 -0.240065 2.18494 0.315107
0.178146 -0.291699 -1.6411 0.322932
0.206181 0.1827 0.232093 0.251136
0.639796 -0.275533 -0.102716 0.324524
-0.0662083 -0.348474 -1.92467 0.230756
0.657411 -0.236251 0.792383 0.308677
0.0777384 -0.229295 2.32731 0.312393
0.2194 -0.3611 -2.00678 0.234177
0.520885 -0.345602 -2.18843 0.272715
0.553094 0.334665 0.334376 0.270481
-0.100092 -0.0483607 0.944289 0.147553
-0.410235 -0.321374 -2.20154 0.257794
-0.0425838 -0.471163 -0.280598 0.257154
0.567885 0.335046 -0.000470983 0.232755
-0.00978089 -0.415196 -2.24043 0.172028
0.642512 -0.410387 1.21081 0.282804
0.248421 -0.379502 -2.32924 0.227606
0.37895 0.36313 0.20229 0.24514
-0.238385 -0.317825 -1.0053 0.238929
-0.597475 -0.38032 2.32075 0.223458
-0.644455 -0.142688 1.4725 0.0891609
0.352443 0.239856 0.488395 0.215826
-0.0285526 -0.19746 -0.154547 0.177855
0.647181 0.152456 -0.625293 0.259637
0.0566212 0.164856 -0.319956 0.206045
0.638803 -0.261442 2.37506 0.259294
0.68211 0.093834 -0.00178988 0.232706
-0.641957 -0.379252 2.05386 0.186454
-0.265725 -0.348354 -2.42401 0.221878
0.261144 0.215995 -0.541419 0.243712
0.408862 -0.402312 -0.0241267 0.23738
0.219875 -0.441046 0.118367 0.227285
0.230146 -0.428045 0.368914 0.184703
0.10018 -0.424525 0.611795 0
0.340499 0.176021 0.932327 0.174142
0.0808042 -0.0217904 0.10238 0.149681
-0.295142 -0.011619 -0.985741 0.230724
0.597288 0.277156 0.793776 0.213038
-0.630488 -0.162052 1.19948 0.109548
0.0762387 0.0881693 0.603856 0.128435
0.391594 0.324989 -0.103776 0.198407
0.257788 0.168972 0.764164 0.157139
-0.476674 -0.358343 -1.64091 0.184461
0.217005 0.106733 1.19811 0.109224
0.356525 -0.309378 2.46807 0.220616
-0.622139 -0.183251 2.04729 0.119242
0.124278 0.0993568 0.785156 0.16144
0.760154 0.014233 -0.239377 0.196515
0.0904475 -0.0920432 0.457771 0.0897149
0.0125014 -0.00958021 1.28711 0.00374453
0.00580665 -0.0976318 0.697084 0.0535925
0.283765 -0.471873 -0.195865 0.190366
0.73708 -0.509535 -1.53494 0.198114
0.216324 -0.476098 -0.424426 0.192679
0.015901 -0.495369 0.37333 0.110898
0.702556 0.205809 0.283757 0.18729
-0.13056 -0.514406 -0.669827 0.198136
-0.14093 -0.476224 0.573828 0.0176074
0.737442 -0.607058 -1.72092 0.196143
0.387787 -0.432269 0.838694 0.170636
0.173902 -0.446646 0.840676 0.0703151
-0.0235315 -0.0714658 1.14431 0.0518723
-0.694492 -0.275188 1.72424 0.111863
0.0566714 -0.428107 1.07489 0.180706
0.76384 0.0326565 0.653916 0.191287
0.705667 0.190809 0.516601 0.188525
0.728303 0.105057 0.838674 0.192555
0.733542 -0.545068 1.44414 0.195426
0.619905 0.371346 -0.2909 0.163142
0.293097 0.309984 -0.263574 0.169165
0.615399 0.288385 1.0678 0.176715
0.780058 -0.402645 1.86311 0.186707
-0.564588 -0.483085 -1.86119 0.168506
0.00568568 -0.397707 -2.51465 0.159977
0.357041 -0.0760855 2.42136 0.186623
-0.462307 -0.497594 0.58391 0.0144693
0.446764 0.313246 0.66205 0.14936
0.801102 0.112276 -0.799722 0.176492
-0.15381 -0.385248 2.51223 0.161016
-0.335703 -0.409483 2.51025 0.158583
-0.712749 0.0239737 1.63082 0.133971
0.464016 -0.357559 -2.51311 0.156332
0.458195 0.285205 1.11181 0.135295
0.743232 -0.533863 -2.0008 0.160751
0.179901 0.306569 -0.43399 0.149635
0.4777 0.233524 -0.741617 0.162363
0.717963 0.201904 -0.33467 0.151354
-0.59763 -0.418203 -2.12113 0.152236
0.780061 -0.355578 2.04927 0.159764
0.834296 -0.404934 -1.11866 0.15201
0.794257 0.0398204 1.30228 0.155835
-0.577353 -0.175317 2.26799 0.112591
0.160712 -0.54781 -0.216452 0.144158
0.44762 -0.482592 -0.27131 0.151323
0.101026 -0.558942 -0.346945 0.144881
0.78133 -0.451144 0.560002 0.152672
0.804709 -0.453394 -0.754678 0.154268
0.0700434 -0.569773 -0.110623 0.14031
0.365102 -0.49273 -0.387167 0.150609
0.444609 -0.47551 -0.514388 0.153015
0.337172 -0.490178 0.509863 0.146662
0.44294 -0.475503 0.605103 0.146895
-0.444292 -0.356507 -1.24269 0.141879
-0.128729 -0.476255 0.757445 0.0696262
-0.0606414 -0.47485 0.893802 0.134779
-0.25544 -0.40284 1.00371 0.110616
-0.712658 -0.0649229 1.83722 0.131312
0.685926 0.0207628 2.28196 0.15104
-0.532734 0.0569983 -1.64385 0.131893
0.187171 0.149124 0.976746 0.0875957
-0.18259 -0.40364 1.13606 0.115185
0.206182 0.310387 -0.204888 0.136669
0.227913 0.241328 0.599265 0.126154
0.544794 0.0202761 2.375 0.149421
0.709653 0.163673 1.34767 0.148404
-0.289607 0.10986 -0.779224 0.135805
0.788606 -0.0568169 -1.58177 0.147583
0.639583 0.266117 1.25284 0.142186
0.0700221 0.0606771 0.982056 0.0965265
0.834883 -0.135916 1.16366 0.142295
0.780562 -0.027247 1.90954 0.144664
-0.249282 -0.0489193 1.2105 0.0651254
-0.786947 -0.382782 1.8921 0.0764196
0.0313539 -0.250519 0.668829 0
-0.783225 -0.0534922 1.64301 0.128832
-0.782637 -0.266758 1.84745 0.134326
0.538011 0.566561 0.148388 0.135646
-0.430487 -0.0851029 -1.1601 0.126282
0.837239 -0.0918162 1.02411 0.135213
0.186749 -0.329519 -2.60678 0.138999
0.37698 0.301427 -0.665275 0.139563
0.349606 0.177084 1.48432 0.129194
0.048529 0.292952 -0.0763774 0.113667
-0.150497 0.166676 -0.615222 0.122055
0.218487 0.0550262 2.23443 0.132731
0.10395 0.280051 -0.616337 0.12774
0.781113 -0.499044 0.978641 0.132238
0.531905 0.407043 -0.445938 0.132903
0.457285 0.418631 -0.302377 0.121648
0.841826 -0.451962 -0.936169 0.129299
-0.495358 -0.137934 2.40916 0.115807
0.175766 0.241136 -0.818241 0.131643
-0.243842 -0.63506 0.0322319 0.0913591
0.381185 0.400674 -0.360619 0.115141
0.733151 -0.685414 1.3046 0.127868
-0.44875 0.0492726 -1.19725 0.118005
-0.123287 0.0244027 -0.384607 0.112754
0.737241 0.225656 0.976379 0.126468
-0.653949 -0.414066 0.770964 0.0243114
-0.702017 -0.308658 0.921697 0.0445793
-0.512021 -0.340294 -2.51632 0.122912
0.635947 0.587756 0.147643 0.110738
0.324118 -0.315437 -2.60634 0.128232
0.751507 -0.140239 -2.04826 0.122397
0.784656 -0.500144 -1.25691 0.12455
0.121466 0.085151 1.14133 0.0530545
-0.253591 0.0197729 -1.63489 0.107566
0.780079 0.0208494 2.04927 0.124814
-0.585142 -0.417396 -2.4282 0.124277
0.831959 -0.0298306 -1.16396 0.122939
0.393348 0.380162 -0.514199 0.120225
-0.77484 -0.179606 1.84429 0.118607
-0.484567 0.0239169 1.12826 0.0533315
-0.467821 -0.39428 -1.4331 0.120004
0.82995 -0.450859 0.187526 0.119668
0.840423 -0.451941 -0.283328 0.115077
0.694229 0.389482 0.564858 0.116706
-0.66358 -0.14937 1.35406 0.049588
0.651341 -0.447949 -2.41992 0.114677
0.587825 0.375575 -0.536719 0.119473
-0.62171 -0.0798775 -2.11546 0.106732
0.843951 0.0373632 1.11643 0.115494
-0.328597 -0.380202 1.47286 0.0533314
0.82721 -0.21455 1.90964 0.116331
-0.0554308 0.0231389 2.41802 0.109373
0.780059 -0.543834 1.67696 0.115663
-0.141811 0.0413036 1.52796 0.0501879
-0.60018 0.0756761 1.6593 0.0761909
-0.520714 -0.468201 2.55592 0.109725
0.580499 0.236078 1.39273 0.111707
0.807951 0.115914 1.02315 0.114001
0.362219 -0.507886 1.30371 0.11056
-0.407917 -0.348695 1.06744 0.05791
0.507145 -0.509628 0.978147 0.110128
0.845571 0.0368495 0.977261 0.111431
0.46639 0.358084 -0.600368 0.11407
-0.241373 -0.268892 2.55675 0.112233
0.292237 0.207355 1.38732 0.0824457
0.218127 0.056233 2.42063 0.109879
-0.242924 -0.433511 -1.58783 0.097792
-0.218584 -0.0984937 -0.455447 0.0982988
0.414583 -0.512172 1.07103 0.106616
0.834594 0.0662683 -1.07241 0.108718
0.159871 0.0948497 -1.19359 0.108221
0.653066 -0.313015 -2.46665 0.109677
-0.649988 -0.470606 -2.03813 0.107004
0.685889 -0.449689 2.14235 0.108785
0.215664 -0.452033 2.14216 0.107241
-0.147093 0.202838 -0.787719 0.108446
0.829687 -0.497603 0.0478304 0.106712
0.7014 -0.500624 -1.12257 0.107395
0.828846 -0.497515 0.327228 0.106974
-0.460617 -0.235168 2.50535 0.10437
-0.642773 -0.280545 -2.42584 0.111547
0.827929 -0.49812 0.839157 0.106222
0.37523 -0.539232 0.220771 0.103372
0.463506 -0.513113 -0.743463 0.10683
-0.759905 -0.178177 1.44431 0.0432162
0.793007 -0.402384 -2.09418 0.106602
0.192198 -0.506753 -1.04759 0.107139
0.122727 -0.598354 0.00532002 0.0965194
0.108183 -0.498147 -1.14216 0.106359
0.0467547 -0.598346 0.164662 0.0970843
0.646418 -0.50229 0.606221 0.102529
0.8499 -0.500224 -0.614118 0.102497
0.769976 0.194367 1.11528 0.106091
0.828267 -0.49826 0.699606 0.105787
0.180291 -0.555449 -0.64098 0.104189
0.132638 -0.540262 -0.791843 0.104567
-0.307858 -0.672567 0.209862 0.0710475
0.272892 -0.533173 0.651748 0.0788966
-0.412044 -0.638672 0.368882 0.0466061
-0.361485 -0.549468 0.523676 0.0477687
0.847968 -0.500015 -0.473365 0.100073
-0.0553472 -0.56668 -0.821459 0.103835
-0.539452 -0.504579 0.633508 0.0373411
-0.0177283 -0.531569 -0.924135 0.100281
0.745647 -0.495491 -2.23377 0.104611
-0.421096 -0.301069 2.55414 0.102055
-0.234669 -0.556328 -0.860481 0.101057
-0.308924 -0.432438 -1.20157 0.0958992
-0.766749 -0.248239 1.57315 0.0604393
-0.668923 -0.194639 2.40428 0.089416
-0.768855 -0.172783 1.25865 0.0567296
0.277362 -0.515943 1.02447 0.100183
0.511418 0.289997 1.2978 0.0989993
-0.773998 0.0700203 1.20873 0.0502518
0.31989 -0.513436 1.16403 0.0981881
0.845761 0.0652305 -0.425681 0.100116
-0.376957 0.0291063 1.16507 0.0581438
0.690908 0.386135 -0.480666 0.101631
0.226056 -0.513127 1.21084 0.095455
-0.475983 0.127203 -0.871325 0.101264
-0.232192 -0.413279 1.32759 0.0675196
-0.172887 -0.230834 -2.19806 0.0791661
0.142797 0.217429 -0.968876 0.099716
-0.0959713 0.172569 -1.04499 0.103359
0.413281 0.244645 1.39003 0.0870657
0.733202 -0.685533 1.16497 0.100384
0.780064 -0.449693 2.23543 0.100286
0.82841 -0.689571 -1.53441 0.099334
-0.187773 -0.383289 0.702258 0
0.325538 -0.518046 -1.44646 0.095714
-0.641734 -0.441975 -2.29722 0.0920951
-0.276747 0.121295 -1.201 0.0986768
-0.711418 -0.25407 2.31099 0.0710863
-0.224222 -0.3007 -0.362081 0.0870135
-0.0020619 0.275027 -0.67254 0.0958974
0.82715 -0.261455 2.18889 0.0975858
-0.268598 -0.262967 -0.540006 0.0868687
-0.729417 -0.300798 1.65174 0.0599014
-0.172916 -0.400099 -0.0415531 0.0711166
0.217413 -0.501568 1.72318 0.0961786
0.36683 -0.525488 -1.53616 0.0915194
0.831169 -0.652511 -1.90703 0.0968347
0.0600766 0.214473 -1.00121 0.0972956
0.264995 0.154544 1.81589 0.0928525
0.27411 0.1844 1.67478 0.0860589
0.832198 0.00261382 -1.44175 0.0964023
0.309276 -0.449948 2.28196 0.0959526
-0.319906 -0.223213 -0.707118 0.0903552
-0.483117 0.121753 -1.32129 0.0881205
0.734311 0.112106 1.86282 0.0948649
-0.358591 -0.153125 -0.802765 0.090334
0.477729 0.51677 0.003563 0.0910538
0.827148 -0.167339 2.09581 0.0956617
0.878896 -0.223688 1.02462 0.0935202
-0.252594 -0.362443 -0.50045 0.0901259
0.354792 0.020645 -1.45578 0.0928509
0.169037 -0.359631 2.60742 0.0948439
-0.294324 -0.324989 -0.672298 0.0879798
-0.146163 0.19414 -0.950454 0.0939323
0.285984 0.40668 -0.0934799 0.0850763
-0.481116 -0.239532 -1.2034 0.0854073
-0.0195199 -0.381137 0.69635 0
-0.449158 -0.603563 -1.72735 0.0844014
0.0192074 0.146144 0.425894 0.0620687
-0.345925 -0.284047 -0.820327 0.0847419
0.827347 -0.638402 1.21152 0.0934217
-0.23657 -0.202298 -0.406068 0.0831369
0.783091 -0.594676 -1.34918 0.0919419
0.284391 0.299241 -0.786036 0.0941744
-0.66041 -0.472752 2.55573 0.0911602
