320
0.167915 0.0679442 0.187693 0.465395
-0.208782 0.0679442 0.466929 0.465395
-0.208782 0.0208841 -0.0915442 0.465395
0.262089 0.0208841 0.653087 0.465395
-0.114608 0.0208841 0.932324 0.465395
0.262089 0.0208841 -0.277702 0.465395
0.356264 -0.0261761 1.11848 0.465395
-0.397131 -0.0732362 -0.510399 0.465395
-0.444218 -0.0732362 1.2581 0.465395
0.0737408 -0.120296 -0.696557 0.465395
0.0266536 -0.120296 1.44426 0.465395
0.497525 -0.167356 1.58388 0.452975
-0.397131 -0.167356 1.7235 0.430616
-0.538393 -0.120296 0.792706 0.429282
-0.538393 -0.167356 0.234232 0.427111
0.497525 -0.167356 -0.929255 0.421269
0.544613 -0.167356 0.327311 0.420646
-0.302957 -0.167356 -0.975794 0.414909
0.0266536 -0.167356 1.90965 0.409941
0.167915 -0.214417 -1.20849 0.390412
-0.208782 -0.214417 -1.39465 0.381375
0.544613 -0.214417 -1.34811 0.377476
0.450438 -0.167356 2.04927 0.376708
0.544613 -0.261477 -1.76696 0.37552
-0.538393 -0.261477 -1.8135 0.373535
-0.58548 -0.214417 -1.30157 0.369938
0.5917 -0.214417 -0.510399 0.369779
-0.302957 -0.167356 2.18889 0.369772
0.120828 -0.214417 -1.62735 0.366036
-0.302957 0.444425 0.187693 0.356065
0.5917 -0.261477 -0.0915442 0.342971
-0.161695 -0.214417 -1.90658 0.334232
0.638787 -0.214417 0.792706 0.327368
0.0737408 -0.214417 2.32851 0.326686
0.167915 -0.214417 -1.99966 0.32067
0.497525 -0.261477 -2.18582 0.302198
0.403351 0.444425 0.327311 0.301641
-0.491305 0.303245 0.885785 0.300178
-0.491305 -0.261477 -2.18582 0.298955
-0.632567 -0.308537 -0.184623 0.295045
0.450438 0.397365 0.00153478 0.292459
-0.0675208 -0.261477 -2.23236 0.285627
0.638787 -0.402657 1.21156 0.285317
0.215002 -0.261477 -2.32544 0.281725
0.0737408 0.538546 0.187693 0.280088
-0.679654 -0.308537 -0.836176 0.279088
-0.632567 -0.261477 2.32851 0.272741
-0.679654 -0.449717 1.39772 0.272291
0.0737408 0.444425 0.466929 0.265813
-0.679654 0.0208841 -0.138084 0.262015
0.5917 0.162064 -0.603478 0.261196
-0.491305 0.350305 -0.277702 0.259907
0.638787 -0.261477 2.37505 0.259294
0.638787 0.115004 0.00153478 0.258782
-0.679654 -0.308537 2.04927 0.258176
-0.302957 -0.261477 -2.41852 0.253959
-0.0675208 0.303245 -0.46386 0.249663
0.262089 -0.355597 0.00153478 0.248882
-0.0204336 -0.355597 0.141153 0.248306
0.0737408 -0.355597 0.37385 0.24801
-0.0204336 -0.355597 0.606548 0.247542
0.167915 0.397365 0.932324 0.247226
-0.58548 0.256185 0.0480742 0.24355
-0.726741 0.0208841 -0.836176 0.242071
0.497525 0.397365 0.792706 0.237655
-0.679654 -0.449717 1.11848 0.235961
-0.491305 0.444425 0.513469 0.230953
0.120828 0.444425 -0.0915442 0.225252
-0.0204336 0.444425 0.746166 0.222976
-0.726741 -0.496778 -1.58081 0.222856
0.0737408 0.350305 1.21156 0.222614
0.356264 -0.308537 2.46813 0.221318
-0.679654 -0.0261761 2.04927 0.221156
-0.25587 0.444425 0.746166 0.216362
0.732961 0.0208841 -0.231163 0.211806
-0.632567 0.256185 0.327311 0.20645
-0.161695 0.303245 1.30464 0.205748
-0.632567 0.256185 0.560008 0.203296
0.0266536 -0.402657 -0.138084 0.201531
0.732961 -0.496778 -1.53427 0.201472
-0.114608 -0.402657 -0.324241 0.200924
-0.208782 -0.402657 0.37385 0.200708
0.638787 0.256185 0.280772 0.200449
-0.726741 -0.402657 -0.46386 0.200428
-0.302957 -0.402657 0.560008 0.200404
0.732961 -0.590898 -1.72043 0.200275
0.356264 -0.402657 0.839245 0.200115
0.120828 -0.402657 0.839245 0.200076
-0.302957 0.397365 1.16502 0.200072
-0.726741 -0.449717 1.67696 0.198483
0.0266536 -0.402657 1.07194 0.198239
0.732961 0.0679442 0.653087 0.198114
0.638787 0.256185 0.513469 0.19786
0.685874 0.162064 0.839245 0.196423
0.732961 -0.543838 1.44426 0.196009
0.544613 0.397365 -0.277702 0.194773
-0.0675208 0.444425 -0.231163 0.191296
0.544613 0.397365 1.07194 0.19016
0.780049 -0.402657 1.86311 0.186706
-0.773829 -0.590898 -1.8135 0.18622
-0.0204336 -0.308537 -2.5116 0.18574
0.356264 -0.0732362 2.42159 0.18542
-0.773829 -0.402657 0.513469 0.184744
0.262089 0.491486 0.653087 0.178655
0.780049 0.115004 -0.789636 0.177041
-0.161695 -0.355597 2.51467 0.170767
-0.350044 -0.355597 2.51467 0.170747
-0.773829 0.0208841 1.58388 0.170148
0.450438 -0.308537 -2.5116 0.168769
0.356264 0.444425 1.11848 0.168644
0.732961 -0.496778 -1.99966 0.166294
-0.25587 0.444425 -0.370781 0.163246
0.356264 0.256185 -0.696557 0.163243
0.685874 0.209125 -0.324241 0.162935
-0.726741 -0.449717 -2.09274 0.160431
0.780049 -0.355597 2.04927 0.159763
0.827136 -0.402657 -1.11541 0.156933
0.780049 0.0679442 1.30464 0.156592
-0.632567 0.0208841 2.28197 0.155026
-0.208782 -0.449717 -0.138084 0.154303
0.309177 -0.449717 -0.231163 0.154182
-0.350044 -0.449717 -0.231163 0.1541
0.780049 -0.449717 0.560008 0.154083
0.780049 -0.449717 -0.743097 0.154063
-0.350044 -0.449717 -0.0450047 0.15406
0.167915 -0.449717 -0.324241 0.153879
0.309177 -0.449717 -0.46386 0.153853
0.262089 -0.449717 0.513469 0.153781
0.403351 -0.449717 0.606548 0.153677
-0.820916 -0.449717 -1.11541 0.153456
-0.208782 -0.449717 0.746166 0.15314
-0.114608 -0.449717 0.885785 0.15282
-0.302957 -0.449717 0.978864 0.152355
-0.773829 0.0208841 1.81657 0.151718
0.685874 0.0208841 2.28197 0.151116
-0.773829 -0.0261761 -1.58081 0.15111
-0.0675208 0.491486 0.978864 0.151069
-0.208782 -0.449717 1.11848 0.150758
-0.25587 0.491486 -0.184623 0.150169
-0.161695 0.538546 0.560008 0.149703
0.544613 0.0208841 2.37505 0.149344
0.685874 0.209125 1.35118 0.148316
-0.773829 0.209125 -0.650018 0.147305
0.780049 -0.0261761 -1.58081 0.147201
0.5917 0.350305 1.2581 0.145038
-0.25587 0.491486 0.978864 0.144977
0.827136 -0.120296 1.16502 0.144914
0.780049 -0.0261761 1.90965 0.144879
-0.538393 0.397365 1.21156 0.143841
-0.820916 -0.449717 1.86311 0.143087
-0.773829 0.115004 0.466929 0.140992
-0.820916 -0.167356 1.58388 0.140205
-0.820916 -0.308537 1.81657 0.139859
0.356264 0.679726 0.141153 0.139715
-0.820916 -0.120296 -1.02233 0.139566
0.827136 -0.0732362 1.0254 0.139419
0.167915 -0.261477 -2.60468 0.136419
0.167915 0.350305 -0.603478 0.136091
0.309177 0.256185 1.4908 0.134851
-0.538393 0.538546 -0.0915442 0.134692
-0.679654 0.303245 -0.510399 0.134296
0.215002 0.0679442 2.23543 0.133885
-0.350044 0.397365 -0.510399 0.133658
0.780049 -0.496778 0.978864 0.133477
0.403351 0.444425 -0.41732 0.133444
0.262089 0.491486 -0.277702 0.133135
0.827136 -0.449717 -0.929255 0.132169
-0.538393 0.0208841 2.42159 0.131859
-0.161695 0.303245 -0.696557 0.130681
-0.820916 -0.449717 0.0480742 0.129112
0.120828 0.491486 -0.324241 0.129093
0.732961 -0.685018 1.30464 0.128257
-0.820916 0.0208841 -1.06887 0.128061
-0.726741 0.209125 -0.324241 0.128015
0.685874 0.303245 0.978864 0.127993
-0.820916 -0.449717 0.699627 0.127945
-0.820916 -0.449717 0.839245 0.127477
-0.538393 -0.308537 -2.5116 0.127224
0.497525 0.679726 0.141153 0.127158
0.309177 -0.261477 -2.60468 0.126649
0.732961 -0.0732362 -2.0462 0.126408
0.780049 -0.496778 -1.25503 0.125947
-0.114608 0.491486 1.16502 0.125361
-0.444218 0.0208841 -1.58081 0.125153
0.780049 0.0208841 2.04927 0.124804
-0.632567 -0.402657 -2.41852 0.124427
0.827136 -0.0261761 -1.16195 0.123827
0.167915 0.444425 -0.46386 0.123774
-0.820916 -0.167356 1.81657 0.123693
-0.773829 0.162064 1.0254 0.12336
-0.773829 -0.543838 -1.34811 0.122983
0.827136 -0.449717 0.187693 0.12237
0.827136 -0.449717 -0.277702 0.121068
0.5917 0.491486 0.560008 0.120541
-0.726741 -0.685018 1.2581 0.120125
0.638787 -0.402657 -2.41852 0.119353
0.497525 0.397365 -0.510399 0.118573
-0.726741 -0.0732362 -2.09274 0.118224
0.827136 0.0679442 1.11848 0.116988
-0.350044 -0.496778 1.44426 0.116912
0.827136 -0.214417 1.90965 0.116355
-0.0675208 0.0679442 2.42159 0.115846
0.780049 -0.543838 1.67696 0.115666
-0.25587 0.256185 1.53734 0.115308
-0.679654 0.162064 1.63042 0.115283
-0.538393 -0.402657 2.56121 0.114905
0.544613 0.303245 1.39772 0.114846
0.780049 0.162064 1.0254 0.11431
0.356264 -0.496778 1.30464 0.113886
-0.444218 -0.496778 1.0254 0.113594
0.497525 -0.496778 0.978864 0.11341
0.827136 0.0679442 0.978864 0.113111
0.309177 0.397365 -0.556939 0.112954
-0.25587 -0.214417 2.56121 0.112834
0.215002 0.350305 1.39772 0.111503
0.215002 0.0679442 2.42159 0.111295
-0.444218 -0.496778 -1.53427 0.111221
-0.820916 0.0679442 -0.370781 0.111217
0.403351 -0.496778 1.07194 0.110669
0.827136 0.0679442 -1.06887 0.110102
-0.0204336 0.115004 -1.11541 0.110081
0.638787 -0.261477 -2.46506 0.109768
-0.820916 -0.543838 -1.99966 0.109545
0.685874 -0.449717 2.14235 0.108785
0.215002 -0.449717 2.14235 0.108734
-0.632567 0.303245 -0.650018 0.108375
0.827136 -0.496778 0.0480742 0.108184
0.685874 -0.496778 -1.11541 0.107907
0.827136 -0.496778 0.327311 0.107786
-0.491305 -0.120296 2.51467 0.107738
-0.679654 -0.261477 -2.41852 0.107689
0.827136 -0.496778 0.839245 0.107326
0.262089 -0.496778 0.234232 0.107293
0.356264 -0.496778 -0.696557 0.107214
-0.820916 -0.685018 1.35118 0.107206
0.780049 -0.355597 -2.09274 0.107157
0.0266536 -0.496778 -0.975794 0.107118
-0.208782 -0.496778 0.0480742 0.107044
-0.0675208 -0.496778 -1.06887 0.107028
-0.25587 -0.496778 0.187693 0.106801
0.638787 -0.496778 0.606548 0.106786
0.827136 -0.496778 -0.603478 0.106723
0.732961 0.256185 1.11848 0.106704
0.827136 -0.496778 0.699627 0.106584
-0.161695 -0.496778 -0.510399 0.106583
-0.208782 -0.496778 -0.650018 0.1065
-0.820916 -0.496778 0.187693 0.10641
0.215002 -0.496778 0.653087 0.106401
-0.820916 -0.496778 0.327311 0.106329
-0.491305 -0.496778 0.513469 0.106236
0.827136 -0.496778 -0.46386 0.106208
-0.58548 -0.496778 -0.603478 0.106091
-0.632567 -0.496778 0.606548 0.106091
-0.444218 -0.496778 -0.743097 0.106083
0.732961 -0.449717 -2.23236 0.106056
-0.444218 -0.214417 2.56121 0.105713
-0.773829 -0.496778 -0.650018 0.105704
-0.679654 -0.496778 -1.06887 0.105695
-0.820916 -0.685018 1.4908 0.105469
-0.726741 0.0208841 2.42159 0.104982
-0.820916 -0.637958 1.16502 0.10485
0.262089 -0.496778 1.0254 0.104765
0.450438 0.397365 1.30464 0.104687
-0.868003 -0.167356 1.07194 0.104342
0.309177 -0.496778 1.16502 0.104319
0.827136 0.0679442 -0.41732 0.103679
-0.679654 0.350305 1.11848 0.1035
0.638787 0.397365 -0.46386 0.103398
0.215002 -0.496778 1.21156 0.102735
-0.91509 0.209125 -0.743097 0.102395
-0.25587 -0.496778 1.30464 0.102342
-0.25587 -0.0261761 -2.18582 0.10208
-0.161695 0.256185 -0.836176 0.101823
-0.491305 0.209125 -0.882715 0.10162
0.356264 0.350305 1.39772 0.101519
0.732961 -0.685018 1.16502 0.100472
0.780049 -0.449717 2.23543 0.100286
0.827136 -0.685018 -1.53427 0.0995802
-0.868003 -0.120296 0.513469 0.0990337
0.309177 -0.496778 -1.44119 0.0988104
-0.726741 -0.449717 -2.2789 0.0987439
-0.632567 0.115004 -1.06887 0.0980219
-0.773829 -0.0261761 2.32851 0.0978243
-0.868003 -0.120296 -0.277702 0.0977651
-0.491305 0.397365 -0.556939 0.0976514
0.827136 -0.261477 2.18889 0.097586
-0.868003 -0.120296 -0.41732 0.0972052
-0.773829 -0.637958 1.58388 0.0969841
-0.868003 -0.167356 -0.0450047 0.0969779
0.215002 -0.496778 1.7235 0.0969228
0.356264 -0.496778 -1.53427 0.0968903
0.827136 -0.637958 -1.90658 0.096769
-0.302957 0.256185 -0.836176 0.0967083
0.262089 0.162064 1.81657 0.0966646
0.262089 0.209125 1.67696 0.0964883
0.827136 0.0208841 -1.44119 0.0963404
0.309177 -0.449717 2.28197 0.096132
-0.868003 -0.120296 -0.556939 0.096064
-0.820916 0.0679442 -1.20849 0.0959749
0.732961 0.115004 1.86311 0.095882
-0.868003 -0.0732362 -0.650018 0.0957229
0.262089 0.632666 0.00153478 0.0957001
0.827136 -0.167356 2.09581 0.0956618
0.874223 -0.214417 1.0254 0.0953634
-0.868003 -0.214417 -0.370781 0.0952107
0.309177 0.0679442 -1.44119 0.094987
0.167915 -0.355597 2.60774 0.0948279
-0.868003 -0.214417 -0.510399 0.0944483
-0.58548 0.256185 -0.789636 0.0944004
-0.114608 0.585606 -0.0915442 0.0943466
-0.868003 -0.308537 -1.06887 0.0940579
-0.868003 -0.0261761 0.466929 0.093899
-0.679654 -0.732078 -1.67389 0.0937839
-0.632567 0.491486 0.327311 0.0936676
-0.868003 -0.214417 -0.650018 0.0935876
0.827136 -0.637958 1.21156 0.0935369
-0.868003 -0.0261761 -0.324241 0.0934724
0.780049 -0.590898 -1.34811 0.0934456
0.0266536 0.350305 -0.696557 0.0933964
-0.679654 -0.402657 2.56121 0.0931322
