122
-0.908342 15.1961 0.908112 27.4578
6.43199 -6.85198 -13.7361 14.6402
15.6074 -6.85198 0.908112 14.3302
-8.24867 -6.85198 -13.7361 13.9365
-2.74342 37.2442 -15.5666 13.7636
11.9372 37.2442 -10.075 13.7636
13.7723 37.2442 8.2302 13.7636
6.43199 -6.85198 15.5523 13.1415
-15.589 37.2442 -6.41397 13.12
-15.589 -8.68932 -0.922409 12.8029
-11.9188 -8.68932 11.8912 12.8029
0.92674 37.2442 17.3828 12.5625
-15.589 37.2442 8.2302 12.3455
-2.74342 -12.364 -0.922409 9.1282
-2.74342 42.7562 -2.75293 8.2516
-4.57851 42.7562 6.39968 8.2516
-11.9188 42.7562 19.2133 7.35698
19.2776 0.497381 -11.9055 7.29989
17.4425 -14.2013 13.7218 7.29086
-4.57851 -14.2013 21.0438 7.29086
22.9477 31.7322 -0.922409 7.24591
19.2776 -14.2013 -11.9055 7.23919
22.9477 42.7562 -0.922409 7.0109
-4.57851 -3.1773 22.8744 6.93859
-10.0838 31.7322 21.0438 6.86152
-21.0942 -1.33996 -10.075 6.65468
4.5969 28.0575 -22.8887 6.62804
-15.589 29.8948 -17.3971 6.61929
17.4425 0.497381 15.5523 6.5764
-15.589 44.5935 -17.3971 6.41434
4.5969 44.5935 0.908112 6.41426
6.43199 44.5935 -22.8887 6.19229
11.9372 31.7322 21.0438 6.0353
-22.9293 -3.1773 8.2302 5.92004
11.9372 26.2201 -21.0581 5.77578
-21.0942 -12.364 -11.9055 5.7467
21.1126 26.2201 -11.9055 5.73634
11.9372 42.7562 21.0438 5.66325
-22.9293 -14.2013 8.2302 5.60078
4.5969 -16.0387 4.56915 5.45352
-0.908342 -16.0387 8.2302 5.45352
-0.908342 -16.0387 -22.8887 5.45345
17.4425 6.0094 -17.3971 5.34057
17.4425 26.2201 -17.3971 5.33977
-0.908342 2.33472 -24.7192 5.23651
-19.2592 2.33472 -15.5666 5.20844
-24.7644 44.5935 0.908112 5.19541
-24.7644 29.8948 0.908112 5.19323
24.7828 4.17206 0.908112 5.17755
-24.7644 0.497381 0.908112 5.16781
-2.74342 26.2201 -24.7192 5.10591
24.7828 24.3828 -2.75293 5.04519
2.76182 -16.0387 24.7049 5.00582
10.1022 6.0094 -22.8887 4.96079
-10.0838 4.17206 -22.8887 4.95796
-10.0838 28.0575 -22.8887 4.95795
22.9477 26.2201 10.0607 4.91911
22.9477 4.17206 10.0607 4.91798
4.5969 6.0094 -24.7192 4.82815
-13.7539 0.497381 21.0438 4.80979
-21.0942 0.497381 13.7218 4.79602
-24.7644 2.33472 -4.58345 4.79318
24.7828 26.2201 4.56915 4.79155
21.1126 -6.85198 -13.7361 4.78495
24.7828 6.0094 -4.58345 4.7765
13.7723 46.4309 -21.0581 4.57753
22.9477 46.4309 -10.075 4.57746
-4.57851 46.4309 24.7049 4.57738
-10.0838 46.4309 -22.8887 4.57736
2.76182 46.4309 8.2302 4.57692
-8.24867 46.4309 13.7218 4.57692
11.9372 31.7322 -22.8887 4.47423
6.43199 28.0575 24.7049 4.44349
6.43199 46.4309 24.7049 4.42437
-24.7644 28.0575 6.39968 4.40222
-24.7644 2.33472 6.39968 4.39377
-17.4241 31.7322 19.2133 4.38393
-24.7644 46.4309 6.39968 4.36881
24.7828 46.4309 6.39968 4.35617
-6.41359 -16.0387 -24.7192 4.29139
-24.7644 -16.0387 -6.41397 4.25312
24.7828 31.7322 -8.24449 4.21828
24.7828 -16.0387 -6.41397 4.21569
11.9372 4.17206 22.8744 4.1754
11.9372 20.7081 -22.8887 4.15752
-22.9293 26.2201 -11.9055 4.14631
15.6074 15.1961 -21.0581 4.14335
-11.9188 -16.0387 22.8744 4.14159
22.9477 7.84674 -11.9055 4.13274
22.9477 20.7081 -11.9055 4.12448
21.1126 15.1961 -15.5666 4.12079
8.26707 33.5695 -24.7192 4.04026
-17.4241 6.0094 -19.2276 4.02193
17.4425 6.0094 19.2133 4.02127
17.4425 26.2201 19.2133 4.02102
-19.2592 28.0575 17.3828 4.02048
-19.2592 46.4309 17.3828 4.01496
17.4425 20.7081 -19.2276 4.01482
-19.2592 24.3828 -17.3971 4.00883
-17.4241 -16.0387 -19.2276 4.00585
17.4425 -16.0387 -19.2276 4.00169
17.4425 46.4309 19.2133 4.00073
17.4425 11.5214 -19.2276 3.98743
19.2776 46.4309 -17.3971 3.97902
-8.24867 22.5455 -24.7192 3.91423
8.26707 22.5455 -24.7192 3.9114
8.26707 11.5214 -24.7192 3.89222
-0.908342 15.1961 -26.5497 3.87543
24.7828 9.68408 -8.24449 3.84493
24.7828 22.5455 -8.24449 3.8435
24.7828 -16.0387 8.2302 3.82639
26.6179 15.1961 -0.922409 3.7994
-0.908342 -3.1773 -26.5497 3.78526
-15.589 39.0815 -21.0581 3.76895
15.6074 2.33472 -21.0581 3.76085
21.1126 26.2201 15.5523 3.74713
21.1126 6.0094 15.5523 3.7459
21.1126 -6.85198 15.5523 3.74282
21.1126 9.68408 -15.5666 3.73476
21.1126 46.4309 15.5523 3.71955
22.9477 -3.1773 13.7218 3.71105
10.1022 15.1961 -24.7192 3.69839
