3
0.126658 0.289974 0.580504 0.96484 0.834231
12
0 0 0 1 0 0 0
0 0 0 1 0 0 0
0 0 0 1 0 0 0
0 0 0 1 0 0 0
0 0 0 1 0 0 0
0 0 0 1 0 0 0
0 0 0 1 0 0 0
0 0 0 1 0 0 0
0 0 0 1 0 0 0
0 0 0 1 0 0 0
0 0 0 1 0 0 0
0 0 0 1 0 0 0
0.668341 0.749667 0.913199 0.624475 0.681558
12
2.46779 0.0581927 -1.16642 1 0 0 0
0 0 0 1 0 0 0
-0.844739 1.44721 -0.869948 1 0 0 0
1.03011 3.52873 -0.82872 1 0 0 0
0 0 0 1 0 0 0
0 0 0 1 0 0 0
1.15887 -0.316182 3.95002 1 0 0 0
0 0 0 1 0 0 0
0.788349 1.92343 0.994761 1 0 0 0
0 0 0 1 0 0 0
0 0 0 1 0 0 0
0.0936588 -1.41634 1.92575 1 0 0 0
0.124618 0.690775 0.779205 0.72359 0.663581
12
-1.24506 -2.42619 -2.4211 1 0 0 0
1.32773 -3.90914 -2.26834 1 0 0 0
0 0 0 1 0 0 0
1.12253 2.44083 -1.73727 1 0 0 0
0 0 0 1 0 0 0
0.271719 1.84908 -0.220499 1 0 0 0
0.15146 1.38754 1.70838 1 0 0 0
-1.78211 0.965091 2.66315 1 0 0 0
-0.981958 2.58804 -2.02389 1 0 0 0
0 0 0 1 0 0 0
0 0 0 1 0 0 0
0 0 0 1 0 0 0
0
