5
0.116696 0.967546 0.767876 0.508929 0.759957
15
0 0 0 1 0 0 0
0 0 0 1 0 0 0
0 0 0 1 0 0 0
0 0 0 1 0 0 0
0 0 0 1 0 0 0
0 0 0 1 0 0 0
0 0 0 1 0 0 0
0 0 0 1 0 0 0
0 0 0 1 0 0 0
0 0 0 1 0 0 0
0 0 0 1 0 0 0
0 0 0 1 0 0 0
0 0 0 1 0 0 0
0 0 0 1 0 0 0
0 0 0 1 0 0 0
0.911616 0.370658 0.596699 0.933821 0.758413
15
0 0 0 1 0 0 0
0.00485561 0.107423 0.196802 1 0 0 0
0.146566 0.137446 0.33102 1 0 0 0
-0.117975 0.212134 -0.0645518 1 0 0 0
0.0120396 0.165436 0.0331231 1 0 0 0
-0.0298184 0.317009 0.313557 1 0 0 0
-0.481797 0.0926495 0.0337465 1 0 0 0
0 0 0 1 0 0 0
0.163781 -0.00651774 0.0148066 1 0 0 0
-0.0965779 0.0380262 -0.000622249 1 0 0 0
-0.0251763 -0.350409 -0.0238803 1 0 0 0
-0.0124247 0.0296503 0.258188 1 0 0 0
0.363797 0.14133 -0.304076 1 0 0 0
0.287194 0.0491802 -0.15815 1 0 0 0
0.265271 -0.00244676 -0.0832355 1 0 0 0
0.180044 0.586531 0.631948 0.837836 0.505949
15
-0.164455 0.296625 0.454931 1 0 0 0
0.0347585 0.153832 0.497008 1 0 0 0
-0.0852389 0.110101 0.355248 1 0 0 0
-0.224117 0.280713 -0.0176082 1 0 0 0
0.0568475 0.193125 0.048137 1 0 0 0
0.088456 0.219435 -0.0204142 1 0 0 0
-0.140898 -0.404862 -0.000396655 1 0 0 0
-0.0478796 -0.456075 -0.0453825 1 0 0 0
-0.0437367 -0.416612 -0.0414556 1 0 0 0
0.0202884 0.105255 -0.109857 1 0 0 0
0.0425992 0.146179 -0.052943 1 0 0 0
0.0487001 0.195421 -0.12776 1 0 0 0
-0.00401316 0.168211 -0.176097 1 0 0 0
-0.0201361 0.230407 -0.242025 1 0 0 0
0.00675224 0.195351 -0.203874 1 0 0 0
0.490775 0.569736 0.954455 0.607671 0.616943
15
0.0265103 0.269147 0.0329246 1 0 0 0
0.0288169 0.292565 0.0357893 1 0 0 0
0.0313494 0.318276 0.0389345 1 0 0 0
0 0 0 1 0 0 0
0 0 0 1 0 0 0
0 0 0 1 0 0 0
0.00551228 0.324958 -0.0153397 1 0 0 0
0.00598009 0.352536 -0.0166416 1 0 0 0
0.00650722 0.38361 -0.0181085 1 0 0 0
0 0 0 1 0 0 0
0 0 0 1 0 0 0
0 0 0 1 0 0 0
0.0125988 0.293581 -0.0263693 1 0 0 0
0.0135852 0.316567 -0.0284338 1 0 0 0
0.0237861 0.313411 -0.0661054 1 0 0 0
0.796891 0.535282 0.918339 0.709608 0.675643
15
0 0 0 1 0 0 0
0 0 0 1 0 0 0
0 0 0 1 0 0 0
0 0 0 1 0 0 0
0.0974784 -0.134915 -0.0214409 1 0 0 0
0 0 0 1 0 0 0
-0.199791 -0.00647292 -0.0597978 1 0 0 0
0 0 0 1 0 0 0
0.201863 -0.00910007 0.0487864 1 0 0 0
-0.16882 0.0157605 -0.0801793 1 0 0 0
-0.0696929 -0.558192 0.133728 1 0 0 0
0.149174 0.0922697 -0.00406245 1 0 0 0
0 0 0 1 0 0 0
-0.274987 -0.139528 -0.237106 1 0 0 0
-0.0195911 0.00458001 -0.0219657 1 0 0 0
0
