5
0.347694 0.567858 0.549952 0.604009 0.983102
14
0 0 0 1 0 0 0
0 0 0 1 0 0 0
0 0 0 1 0 0 0
0 0 0 1 0 0 0
0 0 0 1 0 0 0
0 0 0 1 0 0 0
0 0 0 1 0 0 0
0 0 0 1 0 0 0
0 0 0 1 0 0 0
0 0 0 1 0 0 0
0 0 0 1 0 0 0
0 0 0 1 0 0 0
0 0 0 1 0 0 0
0 0 0 1 0 0 0
0.535323 0.257028 0.772056 0.63574 0.684219
14
0.388247 0.972092 1.03823 1 0 0 0
0.433558 1.07179 0.982968 1 0 0 0
-0.00646004 -0.0215184 0.115306 1 0 0 0
-0.0237808 -0.0598505 0.118952 1 0 0 0
-0.29563 -0.6537 0.0535326 1 0 0 0
-0.233012 -0.514229 0.026252 1 0 0 0
-0.00114066 0.00330786 -0.0917809 1 0 0 0
-0.0122627 -0.0165477 -0.164516 1 0 0 0
-0.381415 0.780443 -0.499618 1 0 0 0
-0.424137 1.09707 -0.597071 1 0 0 0
0.0380576 0.152038 0.271458 1 0 0 0
0.0471112 0.171912 0.112844 1 0 0 0
-0.218537 -0.481547 0.0129898 1 0 0 0
-0.0326712 -0.0710901 -0.0122735 1 0 0 0
0.66568 0.428632 0.733857 0.743528 0.919274
14
0 0 0 1 0 0 0
-0.373882 0.0455845 -0.0118753 1 0 0 0
0 0 0 1 0 0 0
-0.817256 0.0164478 0.0121273 1 0 0 0
0 0 0 1 0 0 0
-0.636068 -0.0213457 0.00812428 1 0 0 0
0 0 0 1 0 0 0
-0.975488 0.0570882 0.207287 1 0 0 0
0 0 0 1 0 0 0
-0.794082 0.0771374 0.0505943 1 0 0 0
-0.671955 -0.012204 -0.0241194 1 0 0 0
0 0 0 1 0 0 0
-0.919916 -0.0215284 -0.0177816 1 0 0 0
0 0 0 1 0 0 0
0.737406 0.290854 0.660108 0.575453 0.935631
14
0.676767 -0.0935397 0.0639781 1 0 0 0
0 0 0 1 0 0 0
0.688946 -0.0595742 -0.072214 1 0 0 0
0 0 0 1 0 0 0
0.588339 -0.0845631 0.015694 1 0 0 0
0 0 0 1 0 0 0
0.713626 -0.0640189 -0.163179 1 0 0 0
0 0 0 1 0 0 0
0.681394 -0.0708027 -0.110079 1 0 0 0
0 0 0 1 0 0 0
0 0 0 1 0 0 0
0.838384 -0.0626095 -0.125969 1 0 0 0
0 0 0 1 0 0 0
0.592961 -0.0674738 -0.0680948 1 0 0 0
0.605009 0.813789 0.686559 0.856806 0.960594
14
0 0 0 1 0 0 0
0 0 0 1 0 0 0
0 0 0 1 0 0 0
0 0 0 1 0 0 0
0.112285 0.956121 -0.14187 1 0 0 0
0.0928391 1.16349 0.0525947 1 0 0 0
0 0 0 1 0 0 0
0 0 0 1 0 0 0
0 0 0 1 0 0 0
0 0 0 1 0 0 0
0 0 0 1 0 0 0
0 0 0 1 0 0 0
0.122333 1.3464 -0.015752 1 0 0 0
0.126493 1.36018 -0.0308663 1 0 0 0
0
