3
122
-0.908342 15.1961 0.908112 28.7689
6.43199 -6.85198 -13.7361 14.6402
15.6074 -6.85198 0.908112 14.3302
-8.24867 -6.85198 -13.7361 13.9364
-2.74342 37.2442 -15.5666 13.7636
11.9372 37.2442 -10.075 13.7636
13.7723 37.2442 8.2302 13.7636
6.43199 -6.85198 15.5523 13.1415
-15.589 37.2442 -6.41397 13.12
-15.589 -8.68932 -0.922409 12.8029
-11.9188 -8.68932 11.8912 12.8029
0.92674 37.2442 17.3828 12.5625
-15.589 37.2442 8.2302 12.3455
-2.74342 -12.364 -0.922409 9.1282
-2.74342 42.7562 -2.75293 8.2516
-4.57851 42.7562 6.39968 8.2516
-11.9188 42.7562 19.2133 7.35702
19.2776 0.497381 -11.9055 7.29987
17.4425 -14.2013 13.7218 7.2909
-4.57851 -14.2013 21.0438 7.2909
22.9477 31.7322 -0.922409 7.24595
19.2776 -14.2013 -11.9055 7.23918
22.9477 42.7562 -0.922409 7.01093
-4.57851 -3.1773 22.8744 6.93856
-10.0838 31.7322 21.0438 6.86155
-21.0942 -1.33996 -10.075 6.65472
4.5969 28.0575 -22.8887 6.62801
-15.589 29.8948 -17.3971 6.61929
17.4425 0.497381 15.5523 6.57637
-15.589 44.5935 -17.3971 6.41438
4.5969 44.5935 0.908112 6.4143
6.43199 44.5935 -22.8887 6.19226
11.9372 31.7322 21.0438 6.03537
-22.9293 -3.1773 8.2302 5.92006
11.9372 26.2201 -21.0581 5.77583
-21.0942 -12.364 -11.9055 5.74675
21.1126 26.2201 -11.9055 5.73639
11.9372 42.7562 21.0438 5.66331
-22.9293 -14.2013 8.2302 5.6008
4.5969 -16.0387 4.56915 5.4535
-0.908342 -16.0387 8.2302 5.4535
-0.908342 -16.0387 -22.8887 5.45343
17.4425 6.0094 -17.3971 5.34055
17.4425 26.2201 -17.3971 5.33976
-0.908342 2.33472 -24.7192 5.2365
-19.2592 2.33472 -15.5666 5.2084
-24.7644 44.5935 0.908112 5.19542
-24.7644 29.8948 0.908112 5.19323
24.7828 4.17206 0.908111 5.17755
-24.7644 0.497381 0.908112 5.16782
-2.74342 26.2201 -24.7192 5.10589
24.7828 24.3828 -2.75293 5.04519
2.76182 -16.0387 24.7049 5.00581
10.1022 6.0094 -22.8887 4.96074
-10.0838 4.17206 -22.8887 4.9579
-10.0838 28.0575 -22.8887 4.9579
22.9477 26.2201 10.0607 4.91914
22.9477 4.17206 10.0607 4.91801
4.5969 6.0094 -24.7192 4.82814
-13.7539 0.497381 21.0438 4.80984
-21.0942 0.497381 13.7218 4.79604
-24.7644 2.33472 -4.58345 4.79319
24.7828 26.2201 4.56915 4.79156
21.1126 -6.85198 -13.7361 4.78497
24.7828 6.0094 -4.58345 4.7765
13.7723 46.4309 -21.0581 4.57751
22.9477 46.4309 -10.075 4.57745
-4.57851 46.4309 24.7049 4.57736
-10.0838 46.4309 -22.8887 4.57734
2.76182 46.4309 8.2302 4.5769
-8.24867 46.4309 13.7218 4.5769
11.9372 31.7322 -22.8887 4.47423
6.43199 28.0575 24.7049 4.44348
6.43199 46.4309 24.7049 4.42436
-24.7644 28.0575 6.39968 4.40223
-24.7644 2.33472 6.39968 4.39377
-17.4241 31.7322 19.2133 4.38395
-24.7644 46.4309 6.39968 4.36882
24.7828 46.4309 6.39968 4.35618
-6.41359 -16.0387 -24.7192 4.29138
-24.7644 -16.0387 -6.41397 4.25313
24.7828 31.7322 -8.24449 4.2183
24.7828 -16.0387 -6.41397 4.21569
11.9372 4.17206 22.8744 4.17539
11.9372 20.7081 -22.8887 4.1575
-22.9293 26.2201 -11.9055 4.14635
15.6074 15.1961 -21.0581 4.14338
-11.9188 -16.0387 22.8744 4.14158
22.9477 7.84674 -11.9055 4.13278
22.9477 20.7081 -11.9055 4.12452
21.1126 15.1961 -15.5666 4.12081
8.26707 33.5695 -24.7192 4.04025
-17.4241 6.0094 -19.2276 4.02194
17.4425 6.0094 19.2133 4.02127
17.4425 26.2201 19.2133 4.02102
-19.2592 28.0575 17.3828 4.02046
-19.2592 46.4309 17.3828 4.01493
17.4425 20.7081 -19.2276 4.01482
-19.2592 24.3828 -17.3971 4.0088
-17.4241 -16.0387 -19.2276 4.00585
17.4425 -16.0387 -19.2276 4.00169
17.4425 46.4309 19.2133 4.00073
17.4425 11.5214 -19.2276 3.98743
19.2776 46.4309 -17.3971 3.979
-8.24867 22.5455 -24.7192 3.91422
8.26707 22.5455 -24.7192 3.91139
8.26707 11.5214 -24.7192 3.89221
-0.908342 15.1961 -26.5497 3.87544
24.7828 9.68408 -8.24449 3.84494
24.7828 22.5455 -8.24449 3.84351
24.7828 -16.0387 8.2302 3.8264
26.6179 15.1961 -0.922409 3.79939
-0.908342 -3.1773 -26.5497 3.78527
-15.589 39.0815 -21.0581 3.76898
15.6074 2.33472 -21.0581 3.76089
21.1126 26.2201 15.5523 3.74716
21.1126 6.0094 15.5523 3.74593
21.1126 -6.85198 15.5523 3.74285
21.1126 9.68408 -15.5666 3.73478
21.1126 46.4309 15.5523 3.71957
22.9477 -3.1773 13.7218 3.71105
10.1022 15.1961 -24.7192 3.69836
-2.26059 15.8182 -0.471407 1.29269
7.10589 -6.60423 -8.25412 8.49411
17.2398 -6.21372 -2.0737 10.7445
-9.175 -6.8264 -7.49682 8.13345
-2.57897 37.3992 -8.70616 9.49437
13.4267 37.5742 -6.40684 11.7145
14.6828 37.674 6.28314 11.0379
6.34681 -5.79472 3.93067 6.94393
-18.1195 37.0023 -3.53096 11.5282
-18.6083 -8.92274 -0.152165 12.7202
-14.43 -8.55252 7.34459 9.3939
-0.0843004 37.6279 12.1207 8.89391
-19.393 36.9394 7.20142 12.4525
-3.46799 -12.2191 -1.39198 9.21552
-3.4882 42.7908 -1.42209 8.21797
-5.93334 42.7657 5.60352 8.20524
-13.607 42.7153 17.3114 7.01467
22.9244 1.16184 -7.08064 5.60798
18.2444 -13.6198 8.8292 6.58515
-5.27224 -13.8363 15.901 5.66281
26.6091 32.4616 -0.0885837 7.25354
19.4965 -14.1618 -11.6665 7.08528
24.2732 42.996 -0.462539 6.97571
-6.60094 -2.07278 7.3977 4.05838
-13.5388 31.9454 13.8405 5.0315
-25.4417 -1.80896 -3.98943 5.40528
6.45304 28.5198 -8.68144 4.26331
-17.5107 29.7789 -7.43785 4.77326
19.2699 2.14988 0.818913 3.63082
-15.777 44.6046 -14.8424 5.8365
4.48148 44.7096 1.32896 6.35341
6.9736 44.7307 -18.2732 5.40144
12.2612 32.6507 11.7896 4.11897
-29.0529 -3.73249 6.81873 5.50876
14.9825 26.8351 -8.54023 3.91847
-23.1913 -12.6091 -9.28926 5.64142
26.0568 27.0567 -5.42988 5.17895
11.8697 43.016 18.1167 4.89658
-25.2788 -14.4246 7.70874 5.73001
4.56155 -15.7836 2.40647 5.53079
-1.28156 -15.8088 5.67465 5.54852
-0.661564 -15.953 -19.0305 5.48523
21.6677 6.7757 -6.96419 3.55254
21.451 26.9396 -7.96953 4.30693
0.479884 2.7954 -4.92041 2.80203
-22.6998 2.02508 -5.237 3.77637
-27.6523 44.2254 1.31233 5.12451
-31.8879 29.0286 3.01522 5.46807
30.8245 5.45607 -0.649648 3.74977
-32.3373 -0.381672 2.85135 5.1568
-1.7176 26.5968 -7.43837 3.0756
31.0308 25.488 -0.333068 5.03022
2.55777 -15.7518 21.1255 3.25242
13.07 6.66635 -5.64819 2.53839
-10.3143 4.39768 -3.89478 2.76173
-10.436 28.2044 -8.57256 3.27015
26.6925 27.3925 5.03493 3.40572
26.9935 5.72821 1.01009 2.76251
7.01198 6.63822 -2.81364 2.45382
-18.2565 0.972655 9.24349 3.47314
-27.9585 0.100496 8.97778 3.93724
-31.9685 1.47023 -0.0407226 4.32338
29.6734 27.3214 3.01281 3.98651
22.79 -6.55625 -11.185 4.35794
32.0207 7.24012 -2.08113 4.53004
14.1046 46.5075 -18.7741 4.51152
23.6203 46.5368 -9.60598 4.5349
-4.96088 46.5302 23.0294 4.53135
-9.88214 46.5113 -18.8741 4.57049
2.27453 46.5168 7.40753 4.53589
-9.57522 46.3886 12.5918 4.55375
14.197 32.1885 -12.9234 3.24946
5.80128 29.1929 11.3338 2.95302
6.23475 46.6055 22.4498 4.0654
-33.1149 27.0916 6.69638 4.41694
-33.831 1.33058 6.18249 3.89206
-22.4579 31.5312 14.3423 3.62187
-27.6355 46.0678 6.49964 4.31946
25.4791 46.5504 6.5414 4.31875
-6.249 -15.9788 -21.8782 3.23576
-27.0764 -16.3339 -5.20742 4.31313
28.7787 32.4036 -4.91245 4.19031
25.5784 -15.8556 -6.82308 4.2218
12.2153 6.53841 -3.26086 3.99394
15.5262 21.4389 -6.66114 2.64138
-28.0534 25.6314 -4.05344 3.25683
20.1364 16.0473 -6.03817 3.13716
-12.7642 -15.8162 19.0902 3.6607
29.4333 8.90246 -5.11398 3.3674
29.4604 21.7668 -4.57048 3.57981
27.312 16.2292 -5.63428 3.33682
9.95508 33.9425 -14.6273 3.35518
-20.0497 5.85461 -4.55329 2.49015
19.2107 8.10154 -0.683747 2.36161
19.0192 27.5456 7.84016 2.52701
-25.913 27.6658 12.4317 3.34049
-21.1642 46.2268 16.9635 3.97244
22.1885 21.5568 -6.96709 2.92658
-22.5191 24.0988 -5.57011 2.71411
-18.1525 -16.1209 -17.9004 3.5791
17.6404 -15.9892 -17.5139 3.72146
17.4326 46.4923 18.5075 3.83881
22.2785 12.3927 -6.3464 2.71916
19.4389 46.4598 -16.9418 3.77916
-8.00272 22.8444 -4.65353 2.36659
11.1445 23.1897 -7.17224 2.34733
11.4806 12.2611 -3.16012 2.36533
1.29682 15.8623 1.51366 1.24608
32.8152 10.9559 -2.94227 3.429
31.5935 23.649 -2.98543 3.6263
25.9751 -15.5712 5.42393 3.8214
35.9571 16.7598 1.19411 2.77253
0.0789285 -2.85423 -12.4087 2.47738
-16.1444 39.0827 -15.242 3.01358
18.5798 2.9123 -9.91697 2.43293
23.7326 27.4767 7.0729 2.16191
24.0445 7.86574 0.731212 1.98119
22.6596 -5.78978 6.77459 2.78703
27.0141 10.6682 -6.04163 3.01437
21.191 46.4656 15.325 3.75266
25.2083 -1.92212 4.26992 3.01627
13.6008 15.9554 -4.67988 2.65606
-0.133691 12.5227 1.08372 21.1695
5.43321 -6.60154 -11.6735 13.8171
14.8615 -6.79442 2.45785 13.9792
-9.16154 -6.59449 -11.8379 13.4521
3.94814 22.87 -23.0893 7.60996
17.4504 20.6126 -15.629 6.98305
20.4411 25.8819 1.37952 11.1859
6.20755 -6.83517 16.0203 12.973
-6.69331 25.5122 -17.5239 11.3222
-15.8765 -8.61073 -0.322206 12.8546
-11.9938 -8.67099 12.0561 12.8178
9.56516 28.9195 7.12302 9.63495
-6.38469 28.6124 -3.41675 10.4261
-3.05388 -12.2813 -0.282827 9.17172
6.11142 28.658 -13.3809 7.01322
5.12275 31.5312 -5.4366 7.32828
0.0445239 34.5758 4.01605 4.78985
17.5468 0.501281 -8.26115 7.03898
17.1036 -14.1834 14.4248 7.2962
-4.5863 -14.1995 21.0601 7.29265
26.4134 20.4407 -3.29614 4.18643
19.176 -14.1886 -11.6951 6.9436
29.7822 25.5129 -7.95006 6.01339
-4.51706 -3.21778 22.8124 6.91421
-2.26098 25.9536 11.2737 4.95828
-21.7288 -1.31442 -8.63175 6.63792
6.82675 17.8447 -23.7496 2.74937
-10.2049 20.5197 -23.3303 4.58952
16.7716 0.338122 17.0951 6.57362
-4.13442 28.0192 -32.0173 5.40146
13.1242 29.9115 -8.91951 5.31738
13.8284 23.8162 -31.3476 4.41296
17.9703 24.4743 14.5795 5.51393
-23.0511 -3.14539 8.49183 5.87131
13.2636 16.4444 -20.5731 2.66356
-21.4134 -12.272 -11.2406 5.74838
22.1967 16.6939 -10.9799 2.88932
21.1305 32.2294 10.7658 5.61139
-22.9692 -14.1885 8.31222 5.58738
4.41837 -16.0096 4.93804 5.46186
-1.01857 -16.0158 8.4576 5.46074
-1.42933 -15.8706 -21.8182 5.51532
15.2212 5.42715 -12.5267 5.20073
18.6438 16.1975 -16.6972 2.39329
-3.64084 3.18387 -19.0965 4.90279
-20.2384 2.27148 -13.2627 5.20225
-13.3857 32.7085 -13.8238 4.89141
-18.3348 22.944 -7.19139 4.65812
22.5844 4.205 5.53933 5.00244
-25.0439 0.529854 1.52772 5.15119
-0.87395 18.1299 -25.1004 2.04031
25.2249 17.6621 -0.852694 3.08183
2.75856 -16.0386 24.7118 4.99939
7.47151 5.96555 -17.2596 4.752
-12.3698 4.66085 -18.0024 4.76225
-6.54342 19.3074 -25.897 2.43132
25.4515 19.6721 8.83562 4.44528
21.6363 3.88627 13.0505 4.92563
1.50889 6.57071 -18.2689 4.5304
-13.5142 0.342188 20.7622 4.74339
-21.0744 0.463315 13.7639 4.75829
-25.1623 2.27125 -3.61667 4.78341
26.5677 19.1852 4.50238 3.29236
20.2771 -6.75263 -12.0028 4.52566
22.0504 6.0874 1.11633 4.55629
21.2839 21.6716 -29.6643 2.99417
30.3031 23.0214 -18.18 3.41719
8.20432 37.8432 8.71531 3.66618
0.00250641 28.88 -35.4155 4.01534
12.4343 34.0037 -3.15568 4.06189
3.41426 36.6735 -0.909446 4.26289
15.2069 17.8199 -25.2367 1.74181
11.8965 22.5322 18.5421 3.86635
17.1386 36.3515 12.1048 4.08165
-18.9633 22.4414 -0.957799 3.62045
-24.9292 2.3844 6.74636 4.37787
-9.57139 25.9535 9.23706 3.15028
-13.1027 35.5365 -8.67867 4.124
32.7326 30.9281 -1.8861 4.01009
-6.79339 -15.9154 -23.9389 4.21769
-24.9017 -15.9948 -6.13135 4.24988
27.8201 18.7374 -10.0499 2.05336
24.4881 -16.0233 -5.80251 4.17713
11.8252 3.91083 23.3276 4.09552
11.3281 14.8437 -19.6088 2.8259
-18.2641 19.2979 -17.221 3.99078
13.7534 12.0373 -16.1239 3.75731
-11.9173 -16.0399 22.8728 4.14108
20.3494 7.26705 -6.28989 3.99139
22.0889 15.0869 -8.21786 2.7702
19.1672 12.1165 -10.5051 3.62496
12.3327 18.8945 -28.2567 1.88526
-18.6942 5.75159 -16.1185 4.03604
17.0894 5.43343 20.4211 3.98401
21.155 20.4845 15.8877 3.9196
-12.954 23.2259 9.3728 2.96431
-6.5596 37.5022 1.0726 3.47649
16.8064 14.5973 -15.9215 3.02479
-15.8715 18.0019 -20.6192 3.71134
-17.5892 -15.9869 -18.8869 3.95669
17.1919 -15.9647 -18.712 3.9002
26.7816 34.2218 9.15769 4.01349
15.2506 9.60802 -14.003 3.86128
26.9668 18.9455 -26.2445 0.892489
-7.49433 17.2648 -23.5575 2.00229
8.20886 15.8737 -22.2061 2.05794
5.52368 10.5099 -18.4989 3.73061
-3.72416 14.1212 -19.9156 2.76263
21.8066 9.19262 -1.86973 3.7793
24.348 16.298 -5.09455 2.33841
24.3228 -16.015 9.18458 3.81771
23.876 13.9095 5.44616 3.06845
-2.8585 -2.56193 -22.5423 3.77505
-6.55867 24.6708 -32.1545 3.01613
13.5749 2.27627 -16.7258 3.61136
24.287 20.1176 13.199 3.75538
20.3755 5.44177 17.5566 3.75666
20.489 -6.84765 16.8675 3.7492
18.6547 8.49024 -10.0427 3.72452
30.0755 33.3717 6.11502 3.69657
22.0902 -3.20917 15.5592 3.68757
8.00888 12.5319 -19.3475 3.01645
