3
0.573128 0.325387 0.794051 0.749404 0.610152
12
0 0 0 1 0 0 0
0 0 0 1 0 0 0
0 0 0 1 0 0 0
0 0 0 1 0 0 0
0 0 0 1 0 0 0
0 0 0 1 0 0 0
0 0 0 1 0 0 0
0 0 0 1 0 0 0
0 0 0 1 0 0 0
0 0 0 1 0 0 0
0 0 0 1 0 0 0
0 0 0 1 0 0 0
0.183661 0.741159 0.571215 0.861599 0.661999
12
4.3359 -22.0082 -4.25865 1 0 0 0
-2.81986 3.76399 -1.94798 1 0 0 0
1.80395 5.23702 2.82323 1 0 0 0
2.35782 -28.7802 -8.55656 1 0 0 0
0 0 0 1 0 0 0
0 0 0 1 0 0 0
2.98717 -0.695166 4.11429 1 0 0 0
0 0 0 1 0 0 0
-0.102967 18.7426 -5.34843 1 0 0 0
-2.37274 -4.35299 1.83029 1 0 0 0
-2.02747 -3.76026 1.69246 1 0 0 0
-1.48537 19.6742 -3.76253 1 0 0 0
0.124345 0.225845 0.974511 0.562864 0.747373
12
2.95376 -10.6816 -1.30891 1 0 0 0
4.46353 -14.9106 -0.765379 1 0 0 0
3.95734 -13.5194 -0.973851 1 0 0 0
4.11082 -16.239 -3.17446 1 0 0 0
21.7603 0.208092 -9.48696 1 0 0 0
-2.12652 0.20765 -19.4424 1 0 0 0
8.03775 -2.58171 13.898 1 0 0 0
-19.7256 3.58346 11.3319 1 0 0 0
2.88565 3.62881 10.3221 1 0 0 0
-3.03964 6.95024 1.97289 1 0 0 0
-3.49085 8.9316 3.25364 1 0 0 0
-3.53365 6.99857 1.16878 1 0 0 0
0
