3
0.994375 0.639311 0.629152 0.575264 0.763796
16
0 0 0 1 0 0 0
0 0 0 1 0 0 0
0 0 0 1 0 0 0
0 0 0 1 0 0 0
0 0 0 1 0 0 0
0 0 0 1 0 0 0
0 0 0 1 0 0 0
0 0 0 1 0 0 0
0 0 0 1 0 0 0
0 0 0 1 0 0 0
0 0 0 1 0 0 0
0 0 0 1 0 0 0
0 0 0 1 0 0 0
0 0 0 1 0 0 0
0 0 0 1 0 0 0
0 0 0 1 0 0 0
0.705797 0.659504 0.713955 0.864937 0.613203
16
0 0 0 1 0 0 0
0.0814939 0.213194 0.474714 1 0 0 0
-0.0119783 0.396736 -0.019286 1 0 0 0
0 0 0 1 0 0 0
0 0 0 1 0 0 0
0 0 0 1 0 0 0
-0.0721138 0.622909 -0.0801176 1 0 0 0
0.0344552 -0.402657 0.0547662 1 0 0 0
-0.0962136 0.0211992 0.37776 1 0 0 0
0 0 0 1 0 0 0
-0.283594 0.259447 0.018855 1 0 0 0
0 0 0 1 0 0 0
0 0 0 1 0 0 0
0.737246 0.537326 0.311257 1 0 0 0
0.0362674 -0.0248327 0.0146574 1 0 0 0
0.212164 -0.552131 0.0241944 1 0 0 0
0.256385 0.790133 0.765034 0.519766 0.582776
16
0.497551 0.23495 0.0241006 1 0 0 0
-0.0936946 1.41501 0.0156709 1 0 0 0
0.0861496 0.649048 -0.597044 1 0 0 0
-0.0845381 -0.0506004 -0.456432 1 0 0 0
-0.238009 1.30458 0.343093 1 0 0 0
0 0 0 1 0 0 0
0 0 0 1 0 0 0
-0.230689 -0.365627 -0.361466 1 0 0 0
-0.371529 0.394402 0.0430137 1 0 0 0
-0.213913 0.48854 0.162475 1 0 0 0
0.0414683 -0.0151911 -0.106352 1 0 0 0
0.0453948 -0.302155 -0.650342 1 0 0 0
0.143129 0.533973 -0.276773 1 0 0 0
-0.151094 0.330889 0.052397 1 0 0 0
0.214923 -0.405368 -0.213875 1 0 0 0
0.0239249 -0.0671528 0.425933 1 0 0 0
0
