2
0.949728 0.397103 0.806167 0.993295 0.744354
14
0 0 0 1 0 0 0
0 0 0 1 0 0 0
0 0 0 1 0 0 0
0 0 0 1 0 0 0
0 0 0 1 0 0 0
0 0 0 1 0 0 0
0 0 0 1 0 0 0
0 0 0 1 0 0 0
0 0 0 1 0 0 0
0 0 0 1 0 0 0
0 0 0 1 0 0 0
0 0 0 1 0 0 0
0 0 0 1 0 0 0
0 0 0 1 0 0 0
0.911391 0.578304 0.694739 0.704826 0.68246
14
-0.0481863 0.195113 1.19311 1 0 0 0
0.359108 0.211245 0.849038 1 0 0 0
-0.0872715 0.138507 1.30119 1 0 0 0
0.0229301 0.28502 0.772498 1 0 0 0
-0.0706526 0.0528555 0.591138 1 0 0 0
-0.445353 0.128394 0.514657 1 0 0 0
-0.0352857 0.00452498 0.614349 1 0 0 0
-0.0911482 -0.424743 0.615559 1 0 0 0
-0.0779049 0.054481 0.594397 1 0 0 0
0.408089 0.289052 -0.75598 1 0 0 0
-0.0429282 0.331958 0.101659 1 0 0 0
0.240003 1.11843 -0.904522 1 0 0 0
-0.161683 0.881648 -0.959803 1 0 0 0
0 0 0 1 0 0 0
0
