1750
3 4 7 38 
3 4 38 32 
4 5 9 40 
4 5 40 34 
6 8 7 14 
6 8 14 48 
6 8 48 38 
6 8 38 7 
8 10 9 16 
8 10 16 50 
8 10 50 40 
8 10 40 9 
10 11 18 52 
10 11 52 42 
11 12 20 54 
11 12 54 44 
13 15 14 22 
13 15 22 60 
13 15 60 48 
13 15 48 14 
15 17 16 24 
15 17 24 61 
15 17 61 50 
15 17 50 16 
17 19 18 26 
17 19 26 62 
17 19 62 52 
17 19 52 18 
19 21 64 54 
19 21 54 20 
29 31 30 36 
29 31 36 89 
29 31 89 79 
29 31 79 30 
31 33 32 38 
31 33 38 91 
31 33 91 81 
31 33 81 32 
33 35 34 40 
33 35 40 93 
33 35 93 83 
37 39 38 48 
37 39 48 104 
37 39 104 91 
37 39 91 38 
39 41 40 50 
39 41 50 105 
39 41 105 93 
39 41 93 40 
41 43 42 52 
41 43 52 107 
41 43 107 95 
41 43 95 42 
43 45 44 54 
43 45 54 109 
43 45 109 97 
45 46 56 111 
45 46 111 99 
46 47 58 113 
46 47 113 101 
49 51 50 61 
49 51 105 50 
51 53 52 62 
51 53 62 117 
51 53 117 107 
51 53 107 52 
53 55 54 64 
53 55 64 118 
53 55 118 109 
53 55 109 54 
55 57 56 66 
55 57 66 120 
55 57 120 111 
55 57 111 56 
57 59 122 113 
57 59 113 58 
65 67 125 120 
65 67 120 66 
68 69 71 132 
68 69 132 128 
70 72 71 77 
70 72 77 139 
70 72 139 132 
70 72 132 71 
72 74 73 79 
72 74 79 141 
72 74 141 134 
72 74 134 73 
74 75 81 143 
74 75 143 136 
76 78 77 87 
76 78 87 151 
76 78 151 139 
76 78 139 77 
78 80 79 89 
78 80 89 152 
78 80 152 141 
78 80 141 79 
80 82 81 91 
80 82 91 153 
80 82 153 143 
80 82 143 81 
82 84 83 93 
82 84 93 155 
82 84 155 145 
82 84 145 83 
84 85 95 157 
84 85 157 147 
90 92 91 104 
90 92 153 91 
92 94 93 105 
92 94 105 167 
92 94 167 155 
92 94 155 93 
94 96 95 107 
94 96 107 168 
94 96 168 157 
94 96 157 95 
96 98 97 109 
96 98 109 170 
96 98 170 159 
96 98 159 97 
98 100 99 111 
98 100 111 172 
98 100 172 161 
98 100 161 99 
100 102 101 113 
100 102 113 174 
100 102 174 163 
102 103 115 176 
102 103 176 165 
106 108 107 117 
106 108 168 107 
108 110 109 118 
108 110 179 170 
108 110 170 109 
110 112 111 120 
110 112 120 180 
110 112 180 172 
110 112 172 111 
112 114 113 122 
112 114 122 181 
112 114 181 174 
112 114 174 113 
114 116 115 124 
114 116 124 183 
114 116 183 176 
114 116 176 115 
119 121 120 125 
119 121 180 120 
127 129 128 132 
127 129 132 206 
131 133 132 139 
131 133 139 216 
131 133 216 206 
131 133 206 132 
133 135 134 141 
133 135 141 218 
133 135 218 208 
133 135 208 134 
135 137 136 143 
135 137 143 220 
135 137 220 210 
137 138 145 222 
137 138 222 212 
140 142 141 152 
140 142 231 218 
140 142 218 141 
142 144 143 153 
142 144 153 232 
142 144 232 220 
142 144 220 143 
144 146 145 155 
144 146 155 234 
144 146 234 222 
144 146 222 145 
146 148 147 157 
146 148 157 236 
146 148 236 224 
146 148 224 147 
148 149 159 238 
148 149 238 226 
149 150 161 240 
149 150 240 228 
154 156 155 167 
154 156 247 234 
154 156 234 155 
156 158 157 168 
156 158 168 248 
156 158 248 236 
156 158 236 157 
158 160 159 170 
158 160 170 249 
158 160 249 238 
158 160 238 159 
160 162 161 172 
160 162 172 251 
160 162 251 240 
160 162 240 161 
162 164 163 174 
162 164 174 253 
162 164 253 242 
162 164 242 163 
164 166 165 176 
164 166 176 255 
164 166 255 244 
169 171 170 179 
169 171 249 170 
171 173 172 180 
171 173 251 172 
173 175 174 181 
173 175 181 259 
173 175 259 253 
173 175 253 174 
175 177 176 183 
175 177 183 260 
175 177 260 255 
175 177 255 176 
202 203 210 313 
202 203 313 304 
205 207 206 216 
205 207 216 321 
207 209 208 218 
207 209 218 322 
207 209 322 311 
207 209 311 208 
209 211 210 220 
209 211 220 324 
209 211 324 313 
209 211 313 210 
211 213 212 222 
211 213 222 326 
211 213 326 315 
211 213 315 212 
213 214 224 328 
213 214 328 317 
217 219 218 231 
217 219 322 218 
219 221 220 232 
219 221 232 337 
219 221 337 324 
219 221 324 220 
221 223 222 234 
221 223 234 339 
221 223 339 326 
221 223 326 222 
223 225 224 236 
223 225 236 341 
223 225 341 328 
223 225 328 224 
225 227 226 238 
225 227 238 343 
225 227 343 330 
225 227 330 226 
227 229 228 240 
227 229 240 345 
227 229 345 332 
227 229 332 228 
229 230 242 347 
229 230 347 334 
233 235 234 247 
233 235 355 339 
233 235 339 234 
235 237 236 248 
235 237 341 236 
237 239 238 249 
237 239 249 358 
237 239 358 343 
237 239 343 238 
239 241 240 251 
239 241 251 359 
239 241 359 345 
239 241 345 240 
241 243 242 253 
241 243 253 360 
241 243 360 347 
241 243 347 242 
243 245 244 255 
243 245 255 362 
243 245 362 349 
243 245 349 244 
252 254 253 259 
252 254 360 253 
254 256 255 260 
254 256 362 255 
305 306 315 447 
310 312 311 322 
310 312 322 456 
312 314 313 324 
312 314 324 457 
312 314 457 445 
312 314 445 313 
314 316 315 326 
314 316 326 459 
314 316 459 447 
314 316 447 315 
316 318 317 328 
316 318 328 461 
316 318 461 449 
316 318 449 317 
318 319 330 463 
318 319 463 451 
319 320 332 465 
319 320 465 453 
323 325 324 337 
323 325 457 324 
325 327 326 339 
325 327 339 474 
325 327 474 459 
325 327 459 326 
327 329 328 341 
327 329 341 476 
327 329 476 461 
327 329 461 328 
329 331 330 343 
329 331 343 478 
329 331 478 463 
329 331 463 330 
331 333 332 345 
331 333 345 480 
331 333 480 465 
331 333 465 332 
333 335 334 347 
333 335 347 482 
333 335 482 467 
333 335 467 334 
336 338 337 353 
336 338 353 488 
336 338 488 472 
336 338 472 337 
338 340 339 355 
338 340 355 490 
338 340 490 474 
338 340 474 339 
340 342 341 357 
340 342 357 492 
340 342 492 476 
340 342 476 341 
342 344 343 358 
342 344 478 343 
344 346 345 359 
344 346 494 480 
344 346 480 345 
346 348 347 360 
346 348 360 495 
346 348 495 482 
346 348 482 347 
348 350 349 362 
348 350 362 496 
348 350 496 484 
348 350 484 349 
351 352 364 499 
351 352 499 486 
352 354 353 366 
352 354 366 501 
352 354 501 488 
352 354 488 353 
354 356 355 368 
354 356 368 503 
354 356 503 490 
354 356 490 355 
363 365 507 499 
363 365 499 364 
365 367 366 371 
365 367 371 509 
365 367 509 501 
365 367 501 366 
367 369 368 373 
367 369 373 511 
367 369 511 503 
367 369 503 368 
370 372 520 509 
370 372 509 371 
372 374 522 511 
372 374 511 373 
444 446 445 457 
444 446 457 621 
446 448 447 459 
446 448 459 622 
446 448 622 611 
446 448 611 447 
448 450 449 461 
448 450 461 624 
448 450 624 613 
448 450 613 449 
450 452 451 463 
450 452 463 626 
450 452 626 615 
450 452 615 451 
452 454 453 465 
452 454 465 628 
452 454 628 617 
452 454 617 453 
454 455 467 630 
454 455 630 619 
458 460 459 474 
458 460 474 636 
458 460 622 459 
460 462 461 476 
460 462 476 638 
460 462 638 624 
460 462 624 461 
462 464 463 478 
462 464 478 639 
462 464 639 626 
462 464 626 463 
464 466 465 480 
464 466 480 640 
464 466 640 628 
464 466 628 465 
466 468 467 482 
466 468 482 641 
466 468 641 630 
466 468 630 467 
468 470 469 484 
468 470 484 642 
468 470 642 632 
468 470 632 469 
471 473 472 488 
471 473 488 646 
471 473 646 634 
471 473 634 472 
473 475 474 490 
473 475 490 648 
473 475 648 636 
473 475 636 474 
475 477 476 492 
475 477 492 650 
475 477 650 638 
475 477 638 476 
479 481 480 494 
479 481 640 480 
481 483 482 495 
481 483 641 482 
485 487 486 499 
485 487 499 654 
485 487 654 644 
485 487 644 486 
487 489 488 501 
487 489 501 656 
487 489 656 646 
487 489 646 488 
489 491 490 503 
489 491 503 658 
489 491 658 648 
489 491 648 490 
491 493 492 505 
491 493 505 660 
491 493 660 650 
491 493 650 492 
498 500 499 507 
498 500 507 666 
498 500 666 654 
498 500 654 499 
500 502 501 509 
500 502 509 668 
500 502 668 656 
500 502 656 501 
502 504 503 511 
502 504 511 670 
502 504 670 658 
502 504 658 503 
504 506 505 513 
504 506 513 672 
504 506 672 660 
504 506 660 505 
508 510 509 520 
508 510 520 686 
508 510 686 668 
508 510 668 509 
510 512 511 522 
510 512 522 688 
510 512 688 670 
510 512 670 511 
512 514 513 524 
512 514 524 689 
512 514 689 672 
512 514 672 513 
519 521 700 686 
519 521 686 520 
603 604 617 779 
610 612 611 622 
612 614 613 624 
612 614 624 782 
614 616 615 626 
614 616 626 783 
614 616 783 777 
614 616 777 615 
616 618 617 628 
616 618 628 784 
616 618 784 779 
616 618 779 617 
618 620 619 630 
618 620 630 785 
618 620 785 781 
618 620 781 619 
623 625 624 638 
623 625 782 624 
625 627 626 639 
625 627 783 626 
627 629 628 640 
627 629 784 628 
629 631 630 641 
629 631 785 630 
633 635 634 646 
633 635 646 788 
635 637 636 648 
635 637 648 790 
643 645 644 654 
643 645 654 794 
643 645 794 786 
643 645 786 644 
645 647 646 656 
645 647 656 796 
645 647 796 788 
645 647 788 646 
647 649 648 658 
647 649 658 798 
647 649 798 790 
647 649 790 648 
649 651 650 660 
649 651 660 800 
649 651 800 792 
649 651 792 650 
653 655 654 666 
653 655 666 808 
653 655 808 794 
653 655 794 654 
655 657 656 668 
655 657 668 810 
655 657 810 796 
655 657 796 656 
657 659 658 670 
657 659 670 812 
657 659 812 798 
657 659 798 658 
659 661 660 672 
659 661 672 814 
659 661 814 800 
659 661 800 660 
665 667 666 684 
665 667 684 824 
665 667 824 808 
665 667 808 666 
667 669 668 686 
667 669 686 826 
667 669 826 810 
667 669 810 668 
669 671 670 688 
669 671 688 828 
669 671 828 812 
669 671 812 670 
671 673 672 689 
671 673 814 672 
683 685 684 698 
683 685 698 838 
683 685 838 824 
683 685 824 684 
685 687 686 700 
685 687 700 840 
685 687 840 826 
685 687 826 686 
776 778 777 783 
778 780 779 784 
787 789 788 796 
787 789 796 916 
789 791 790 798 
789 791 798 917 
795 797 796 810 
795 797 810 928 
795 797 916 796 
797 799 798 812 
797 799 812 930 
797 799 917 798 
809 811 810 826 
809 811 826 941 
809 811 928 810 
811 813 812 828 
811 813 930 812 
823 825 824 838 
823 825 939 824 
825 827 826 840 
825 827 941 826 
3 6 36 38 
3 6 38 7 
4 8 7 38 
4 8 38 40 
4 8 40 9 
4 8 9 7 
8 15 14 48 
8 15 48 50 
8 15 50 16 
8 15 16 14 
15 23 22 60 
15 23 60 61 
15 23 61 24 
15 23 24 22 
5 10 9 40 
5 10 40 42 
10 17 16 50 
10 17 50 52 
10 17 52 18 
10 17 18 16 
17 25 24 61 
17 25 61 62 
17 25 62 26 
17 25 26 24 
11 19 18 52 
11 19 52 54 
11 19 54 20 
12 21 20 54 
12 21 54 56 
28 31 30 79 
28 31 79 81 
28 31 81 32 
28 31 32 30 
31 37 36 89 
31 37 89 91 
31 37 91 38 
31 37 38 36 
33 39 38 91 
33 39 91 93 
33 39 93 40 
33 39 40 38 
39 49 48 104 
39 49 104 105 
39 49 105 50 
39 49 50 48 
35 41 40 93 
35 41 93 95 
35 41 95 42 
35 41 42 40 
41 51 50 105 
41 51 105 107 
41 51 107 52 
41 51 52 50 
43 53 52 107 
43 53 107 109 
43 53 109 54 
43 53 54 52 
53 63 62 117 
53 63 117 118 
53 63 118 64 
53 63 64 62 
45 55 54 109 
45 55 109 111 
45 55 111 56 
45 55 56 54 
55 65 64 118 
55 65 118 120 
55 65 120 66 
55 65 66 64 
46 57 56 111 
46 57 111 113 
46 57 113 58 
57 67 66 120 
57 67 120 122 
47 59 58 113 
47 59 113 115 
68 70 130 132 
68 70 132 71 
69 72 71 132 
69 72 132 134 
69 72 134 73 
69 72 73 71 
72 78 77 139 
72 78 139 141 
72 78 141 79 
72 78 79 77 
78 88 87 151 
78 88 151 152 
78 88 152 89 
78 88 89 87 
74 80 79 141 
74 80 141 143 
74 80 143 81 
74 80 81 79 
80 90 89 152 
80 90 152 153 
80 90 153 91 
80 90 91 89 
75 82 81 143 
75 82 143 145 
75 82 145 83 
75 82 83 81 
82 92 91 153 
82 92 153 155 
82 92 155 93 
82 92 93 91 
84 94 93 155 
84 94 155 157 
84 94 157 95 
84 94 95 93 
94 106 105 167 
94 106 167 168 
94 106 168 107 
94 106 107 105 
85 96 95 157 
85 96 157 159 
85 96 159 97 
85 96 97 95 
96 108 107 168 
96 108 168 170 
96 108 170 109 
96 108 109 107 
86 98 97 159 
86 98 159 161 
86 98 161 99 
86 98 99 97 
98 110 109 170 
98 110 170 172 
98 110 172 111 
98 110 111 109 
110 119 180 120 
110 119 120 118 
100 112 111 172 
100 112 172 174 
100 112 174 113 
100 112 113 111 
112 121 120 180 
112 121 180 181 
112 121 181 122 
112 121 122 120 
102 114 113 174 
102 114 174 176 
102 114 176 115 
102 114 115 113 
114 123 122 181 
114 123 181 183 
114 123 183 124 
114 123 124 122 
103 116 115 176 
103 116 176 178 
127 131 204 206 
127 131 206 132 
127 131 132 130 
129 133 132 206 
129 133 206 208 
129 133 208 134 
129 133 134 132 
133 140 139 216 
133 140 216 218 
133 140 218 141 
133 140 141 139 
135 142 141 218 
135 142 218 220 
135 142 220 143 
135 142 143 141 
137 144 143 220 
137 144 220 222 
137 144 222 145 
137 144 145 143 
144 154 153 232 
144 154 232 234 
144 154 234 155 
144 154 155 153 
138 146 145 222 
138 146 222 224 
138 146 224 147 
138 146 147 145 
146 156 155 234 
146 156 234 236 
146 156 236 157 
146 156 157 155 
148 158 157 236 
148 158 236 238 
148 158 238 159 
148 158 159 157 
158 169 168 248 
158 169 248 249 
158 169 249 170 
158 169 170 168 
149 160 159 238 
149 160 238 240 
149 160 240 161 
149 160 161 159 
160 171 170 249 
160 171 249 251 
160 171 251 172 
160 171 172 170 
150 162 161 240 
150 162 240 242 
150 162 242 163 
150 162 163 161 
162 173 172 251 
162 173 251 253 
162 173 253 174 
162 173 174 172 
164 175 174 253 
164 175 253 255 
164 175 255 176 
164 175 176 174 
175 182 181 259 
175 182 259 260 
175 182 260 183 
175 182 183 181 
166 177 176 255 
166 177 255 257 
166 177 178 176 
207 217 216 321 
207 217 321 322 
207 217 322 218 
207 217 218 216 
202 209 208 311 
202 209 311 313 
202 209 313 210 
202 209 210 208 
209 219 218 322 
209 219 322 324 
209 219 324 220 
209 219 220 218 
203 211 210 313 
203 211 313 315 
203 211 315 212 
203 211 212 210 
211 221 220 324 
211 221 324 326 
211 221 326 222 
211 221 222 220 
221 233 232 337 
221 233 337 339 
221 233 339 234 
221 233 234 232 
213 223 222 326 
213 223 326 328 
213 223 328 224 
213 223 224 222 
223 235 234 339 
223 235 339 341 
223 235 341 236 
223 235 236 234 
214 225 224 328 
214 225 328 330 
214 225 330 226 
214 225 226 224 
225 237 236 341 
225 237 341 343 
225 237 343 238 
225 237 238 236 
215 227 226 330 
215 227 330 332 
215 227 332 228 
215 227 228 226 
227 239 238 343 
227 239 343 345 
227 239 345 240 
227 239 240 238 
239 250 249 358 
239 250 358 359 
239 250 359 251 
239 250 251 249 
229 241 240 345 
229 241 345 347 
229 241 347 242 
229 241 242 240 
241 252 251 359 
241 252 359 360 
241 252 360 253 
241 252 253 251 
230 243 242 347 
230 243 347 349 
230 243 349 244 
230 243 244 242 
243 254 253 360 
243 254 360 362 
243 254 362 255 
243 254 255 253 
245 256 255 362 
245 256 257 255 
351 363 497 499 
351 363 499 364 
312 323 322 456 
312 323 456 457 
312 323 457 324 
312 323 324 322 
336 352 486 488 
336 352 488 353 
352 365 364 499 
352 365 499 501 
352 365 501 366 
365 370 507 509 
365 370 509 371 
305 314 313 445 
305 314 445 447 
305 314 447 315 
305 314 315 313 
314 325 324 457 
314 325 457 459 
314 325 459 326 
314 325 326 324 
325 338 337 472 
325 338 472 474 
325 338 474 339 
325 338 339 337 
338 354 353 488 
338 354 488 490 
338 354 490 355 
338 354 355 353 
354 367 366 501 
354 367 501 503 
354 367 503 368 
354 367 368 366 
367 372 371 509 
367 372 509 511 
367 372 511 373 
367 372 373 371 
306 316 315 447 
306 316 447 449 
306 316 449 317 
306 316 317 315 
316 327 326 459 
316 327 459 461 
316 327 461 328 
316 327 328 326 
327 340 339 474 
327 340 474 476 
327 340 476 341 
327 340 341 339 
340 356 355 490 
340 356 490 492 
340 356 492 357 
340 356 357 355 
356 369 368 503 
356 369 503 505 
369 374 373 511 
369 374 511 513 
318 329 328 461 
318 329 461 463 
318 329 463 330 
318 329 330 328 
329 342 341 476 
329 342 476 478 
329 342 478 343 
329 342 343 341 
319 331 330 463 
319 331 463 465 
319 331 465 332 
319 331 332 330 
331 344 343 478 
331 344 478 480 
331 344 480 345 
331 344 345 343 
320 333 332 465 
320 333 465 467 
320 333 467 334 
320 333 334 332 
333 346 345 480 
333 346 480 482 
333 346 482 347 
333 346 347 345 
335 348 347 482 
335 348 482 484 
335 348 484 349 
335 348 349 347 
348 361 360 495 
348 361 495 496 
348 361 496 362 
348 361 362 360 
485 498 652 654 
485 498 654 499 
485 498 499 497 
471 487 486 644 
471 487 644 646 
471 487 646 488 
471 487 488 486 
487 500 499 654 
487 500 654 656 
487 500 656 501 
487 500 501 499 
500 508 507 666 
500 508 666 668 
500 508 668 509 
500 508 509 507 
508 519 684 686 
508 519 686 520 
446 458 457 621 
446 458 621 622 
446 458 622 459 
446 458 459 457 
458 473 472 634 
458 473 634 636 
458 473 636 474 
458 473 474 472 
473 489 488 646 
473 489 646 648 
473 489 648 490 
473 489 490 488 
489 502 501 656 
489 502 656 658 
489 502 658 503 
489 502 503 501 
502 510 509 668 
502 510 668 670 
502 510 670 511 
502 510 511 509 
510 521 520 686 
510 521 686 688 
510 521 688 522 
510 521 522 520 
436 448 447 611 
436 448 611 613 
436 448 613 449 
436 448 449 447 
448 460 459 622 
448 460 622 624 
448 460 624 461 
448 460 461 459 
460 475 474 636 
460 475 636 638 
460 475 638 476 
460 475 476 474 
475 491 490 648 
475 491 648 650 
475 491 650 492 
475 491 492 490 
491 504 503 658 
491 504 658 660 
491 504 660 505 
491 504 505 503 
504 512 511 670 
504 512 670 672 
504 512 672 513 
504 512 513 511 
512 523 522 688 
512 523 688 689 
512 523 689 524 
512 523 524 522 
437 450 449 613 
437 450 613 615 
437 450 615 451 
437 450 451 449 
450 462 461 624 
450 462 624 626 
450 462 626 463 
450 462 463 461 
493 506 505 660 
493 506 660 662 
506 514 513 672 
506 514 672 674 
438 452 451 615 
438 452 615 617 
438 452 617 453 
438 452 453 451 
452 464 463 626 
452 464 626 628 
452 464 628 465 
452 464 465 463 
464 479 478 639 
464 479 639 640 
464 479 640 480 
464 479 480 478 
454 466 465 628 
454 466 628 630 
454 466 630 467 
454 466 467 465 
466 481 480 640 
466 481 640 641 
466 481 641 482 
466 481 482 480 
455 468 467 630 
455 468 630 632 
455 468 632 469 
455 468 469 467 
468 483 482 641 
468 483 641 642 
468 483 642 484 
468 483 484 482 
643 653 794 654 
643 653 654 652 
633 645 644 786 
633 645 786 788 
633 645 788 646 
633 645 646 644 
645 655 654 794 
645 655 794 796 
645 655 796 656 
645 655 656 654 
655 667 666 808 
655 667 808 810 
655 667 810 668 
655 667 668 666 
667 685 684 824 
667 685 824 826 
667 685 826 686 
667 685 686 684 
685 699 698 838 
685 699 838 840 
685 699 840 700 
685 699 700 698 
635 647 646 788 
635 647 788 790 
635 647 790 648 
635 647 648 646 
647 657 656 796 
647 657 796 798 
647 657 798 658 
647 657 658 656 
657 669 668 810 
657 669 810 812 
657 669 812 670 
657 669 670 668 
669 687 686 826 
669 687 826 828 
669 687 828 688 
669 687 688 686 
687 701 700 840 
687 701 840 842 
612 623 782 624 
612 623 624 622 
637 649 648 790 
637 649 790 792 
637 649 792 650 
637 649 650 648 
649 659 658 798 
649 659 798 800 
649 659 800 660 
649 659 660 658 
659 671 670 812 
659 671 812 814 
659 671 814 672 
659 671 672 670 
614 625 624 782 
614 625 782 783 
614 625 783 626 
614 625 626 624 
651 661 660 800 
651 661 662 660 
661 673 672 814 
661 673 674 672 
603 616 615 777 
603 616 777 779 
603 616 779 617 
603 616 617 615 
616 627 626 783 
616 627 783 784 
616 627 784 628 
616 627 628 626 
604 618 617 779 
604 618 779 781 
604 618 781 619 
604 618 619 617 
618 629 628 784 
618 629 784 785 
618 629 785 630 
618 629 630 628 
620 631 630 785 
620 631 632 630 
807 823 939 824 
807 823 824 822 
787 795 916 796 
787 795 796 794 
795 809 928 810 
795 809 810 808 
809 825 824 939 
809 825 939 941 
809 825 941 826 
809 825 826 824 
789 797 796 916 
789 797 917 798 
789 797 798 796 
797 811 810 928 
797 811 930 812 
797 811 812 810 
811 827 826 941 
811 827 828 826 
791 799 798 917 
791 799 800 798 
799 813 812 930 
799 813 814 812 
68 127 128 132 
68 127 132 130 
69 129 134 132 
69 129 132 128 
203 305 315 313 
203 305 313 304 
70 131 130 132 
70 131 132 139 
131 205 204 206 
131 205 206 216 
27 72 71 73 
27 72 73 79 
27 72 79 77 
27 72 77 71 
72 133 132 134 
72 133 134 141 
72 133 141 139 
72 133 139 132 
133 207 206 208 
133 207 208 218 
133 207 218 216 
133 207 216 206 
207 310 311 322 
207 310 322 321 
74 135 136 143 
74 135 143 141 
74 135 141 134 
135 209 208 210 
135 209 210 220 
135 209 220 218 
135 209 218 208 
209 312 311 313 
209 312 313 324 
209 312 324 322 
209 312 322 311 
312 444 445 457 
312 444 457 456 
75 137 145 143 
75 137 143 136 
137 211 210 212 
137 211 212 222 
137 211 222 220 
137 211 220 210 
211 314 313 315 
211 314 315 326 
211 314 326 324 
211 314 324 313 
314 446 445 447 
314 446 447 459 
314 446 459 457 
314 446 457 445 
446 610 611 622 
446 610 622 621 
138 213 224 222 
138 213 222 212 
213 316 315 317 
213 316 317 328 
213 316 328 326 
213 316 326 315 
316 448 447 449 
316 448 449 461 
316 448 461 459 
316 448 459 447 
448 612 611 613 
448 612 613 624 
448 612 624 622 
448 612 622 611 
214 318 330 328 
214 318 328 317 
318 450 449 451 
318 450 451 463 
318 450 463 461 
318 450 461 449 
450 614 613 615 
450 614 615 626 
450 614 626 624 
450 614 624 613 
614 776 777 783 
614 776 783 782 
319 452 451 453 
319 452 453 465 
319 452 465 463 
319 452 463 451 
452 616 615 617 
452 616 617 628 
452 616 628 626 
452 616 626 615 
616 778 777 779 
616 778 779 784 
616 778 784 783 
616 778 783 777 
320 454 467 465 
320 454 465 453 
454 618 617 619 
454 618 619 630 
454 618 630 628 
454 618 628 617 
618 780 779 781 
618 780 781 785 
618 780 785 784 
618 780 784 779 
455 620 632 630 
455 620 630 619 
29 78 77 79 
29 78 79 89 
29 78 89 87 
29 78 87 77 
78 140 139 141 
78 140 141 152 
78 140 152 151 
78 140 151 139 
140 217 216 218 
140 217 218 231 
3 31 30 32 
3 31 32 38 
3 31 38 36 
3 31 36 30 
31 80 79 81 
31 80 81 91 
31 80 91 89 
31 80 89 79 
80 142 141 143 
80 142 143 153 
80 142 153 152 
80 142 152 141 
142 219 218 220 
142 219 220 232 
142 219 231 218 
219 323 322 324 
219 323 324 337 
4 33 34 40 
4 33 40 38 
4 33 38 32 
33 82 81 83 
33 82 83 93 
33 82 93 91 
33 82 91 81 
82 144 143 145 
82 144 145 155 
82 144 155 153 
82 144 153 143 
144 221 220 222 
144 221 222 234 
144 221 234 232 
144 221 232 220 
221 325 324 326 
221 325 326 339 
221 325 339 337 
221 325 337 324 
325 458 457 459 
325 458 459 474 
325 458 474 472 
5 35 42 40 
5 35 40 34 
35 84 95 93 
35 84 93 83 
84 146 145 147 
84 146 147 157 
84 146 157 155 
84 146 155 145 
146 223 222 224 
146 223 224 236 
146 223 236 234 
146 223 234 222 
223 327 326 328 
223 327 328 341 
223 327 341 339 
223 327 339 326 
327 460 459 461 
327 460 461 476 
327 460 476 474 
327 460 474 459 
460 623 622 624 
460 623 624 638 
85 148 159 157 
85 148 157 147 
148 225 224 226 
148 225 226 238 
148 225 238 236 
148 225 236 224 
225 329 328 330 
225 329 330 343 
225 329 343 341 
225 329 341 328 
329 462 461 463 
329 462 463 478 
329 462 478 476 
329 462 476 461 
462 625 624 626 
462 625 626 639 
462 625 638 624 
149 227 226 228 
149 227 228 240 
149 227 240 238 
149 227 238 226 
227 331 330 332 
227 331 332 345 
227 331 345 343 
227 331 343 330 
331 464 463 465 
331 464 465 480 
331 464 480 478 
331 464 478 463 
464 627 626 628 
464 627 628 640 
464 627 640 639 
464 627 639 626 
150 229 242 240 
150 229 240 228 
229 333 332 334 
229 333 334 347 
229 333 347 345 
229 333 345 332 
333 466 465 467 
333 466 467 482 
333 466 482 480 
333 466 480 465 
466 629 628 630 
466 629 630 641 
466 629 641 640 
466 629 640 628 
230 335 349 347 
230 335 347 334 
335 468 467 469 
335 468 469 484 
335 468 484 482 
335 468 482 467 
468 631 630 632 
468 631 632 642 
468 631 642 641 
468 631 641 630 
6 37 36 38 
6 37 38 48 
37 90 89 91 
37 90 91 104 
336 471 472 488 
336 471 488 486 
471 633 634 646 
471 633 646 644 
0 8 7 9 
0 8 9 16 
0 8 16 14 
0 8 14 7 
8 39 38 40 
8 39 40 50 
8 39 50 48 
8 39 48 38 
39 92 91 93 
39 92 93 105 
39 92 105 104 
39 92 104 91 
92 154 153 155 
92 154 155 167 
154 233 232 234 
154 233 234 247 
233 338 337 339 
233 338 339 355 
233 338 355 353 
233 338 353 337 
338 473 472 474 
338 473 474 490 
338 473 490 488 
338 473 488 472 
473 635 634 636 
473 635 636 648 
473 635 648 646 
473 635 646 634 
10 41 40 42 
10 41 42 52 
10 41 52 50 
10 41 50 40 
41 94 93 95 
41 94 95 107 
41 94 107 105 
41 94 105 93 
94 156 155 157 
94 156 157 168 
94 156 168 167 
94 156 167 155 
156 235 234 236 
156 235 236 248 
156 235 247 234 
235 340 339 341 
235 340 341 357 
235 340 357 355 
235 340 355 339 
340 475 474 476 
340 475 476 492 
340 475 492 490 
340 475 490 474 
475 637 636 638 
475 637 638 650 
475 637 650 648 
475 637 648 636 
11 43 44 54 
11 43 54 52 
11 43 52 42 
43 96 95 97 
43 96 97 109 
43 96 109 107 
43 96 107 95 
96 158 157 159 
96 158 159 170 
96 158 170 168 
96 158 168 157 
158 237 236 238 
158 237 238 249 
158 237 249 248 
158 237 248 236 
237 342 341 343 
237 342 343 358 
12 45 56 54 
12 45 54 44 
45 98 97 99 
45 98 99 111 
45 98 111 109 
45 98 109 97 
98 160 159 161 
98 160 161 172 
98 160 172 170 
98 160 170 159 
160 239 238 240 
160 239 240 251 
160 239 251 249 
160 239 249 238 
239 344 343 345 
239 344 345 359 
239 344 359 358 
239 344 358 343 
344 479 478 480 
344 479 480 494 
46 100 101 113 
46 100 113 111 
46 100 111 99 
100 162 161 163 
100 162 163 174 
100 162 174 172 
100 162 172 161 
162 241 240 242 
162 241 242 253 
162 241 253 251 
162 241 251 240 
241 346 345 347 
241 346 347 360 
241 346 360 359 
241 346 359 345 
346 481 480 482 
346 481 482 495 
346 481 494 480 
47 102 115 113 
47 102 113 101 
102 164 165 176 
102 164 176 174 
102 164 174 163 
164 243 242 244 
164 243 244 255 
164 243 255 253 
164 243 253 242 
243 348 347 349 
243 348 349 362 
243 348 362 360 
243 348 360 347 
348 483 482 484 
348 483 484 496 
348 483 496 495 
348 483 495 482 
103 166 178 176 
103 166 176 165 
166 245 257 255 
166 245 255 244 
351 485 486 499 
351 485 499 497 
485 643 644 654 
485 643 654 652 
352 487 486 488 
352 487 488 501 
352 487 501 499 
352 487 499 486 
487 645 644 646 
487 645 646 656 
487 645 656 654 
487 645 654 644 
645 787 786 788 
645 787 788 796 
645 787 796 794 
645 787 794 786 
1 15 14 16 
1 15 16 24 
1 15 24 22 
1 15 22 14 
15 49 48 50 
15 49 50 61 
15 49 61 60 
15 49 60 48 
246 354 353 355 
246 354 355 368 
246 354 368 366 
246 354 366 353 
354 489 488 490 
354 489 490 503 
354 489 503 501 
354 489 501 488 
489 647 646 648 
489 647 648 658 
489 647 658 656 
489 647 656 646 
647 789 788 790 
647 789 790 798 
647 789 798 796 
647 789 796 788 
2 17 16 18 
2 17 18 26 
2 17 26 24 
2 17 24 16 
17 51 50 52 
17 51 52 62 
17 51 62 61 
17 51 61 50 
51 106 105 107 
51 106 107 117 
356 491 490 492 
356 491 492 505 
356 491 505 503 
356 491 503 490 
491 649 648 650 
491 649 650 660 
491 649 660 658 
491 649 658 648 
649 791 790 792 
649 791 792 800 
649 791 800 798 
649 791 798 790 
19 53 52 54 
19 53 54 64 
19 53 64 62 
19 53 62 52 
53 108 107 109 
53 108 109 118 
53 108 118 117 
53 108 117 107 
108 169 168 170 
108 169 170 179 
493 651 662 660 
493 651 660 650 
21 55 54 56 
21 55 56 66 
21 55 66 64 
21 55 64 54 
55 110 109 111 
55 110 111 120 
55 110 120 118 
55 110 118 109 
110 171 170 172 
110 171 172 180 
110 171 179 170 
57 112 111 113 
57 112 113 122 
57 112 122 120 
57 112 120 111 
112 173 172 174 
112 173 174 181 
112 173 181 180 
112 173 180 172 
173 252 251 253 
173 252 253 259 
59 114 113 115 
59 114 115 124 
59 114 124 122 
59 114 122 113 
114 175 174 176 
114 175 176 183 
114 175 183 181 
114 175 181 174 
175 254 253 255 
175 254 255 260 
175 254 260 259 
175 254 259 253 
116 177 176 178 
116 177 183 176 
177 256 255 257 
177 256 260 255 
363 498 497 499 
363 498 499 507 
498 653 652 654 
498 653 654 666 
365 500 499 501 
365 500 501 509 
365 500 509 507 
365 500 507 499 
500 655 654 656 
500 655 656 668 
500 655 668 666 
500 655 666 654 
655 795 794 796 
655 795 796 810 
655 795 810 808 
655 795 808 794 
258 367 366 368 
258 367 368 373 
258 367 373 371 
258 367 371 366 
367 502 501 503 
367 502 503 511 
367 502 511 509 
367 502 509 501 
502 657 656 658 
502 657 658 670 
502 657 670 668 
502 657 668 656 
657 797 796 798 
657 797 798 812 
657 797 812 810 
657 797 810 796 
369 504 503 505 
369 504 505 513 
369 504 513 511 
369 504 511 503 
504 659 658 660 
504 659 660 672 
504 659 672 670 
504 659 670 658 
659 799 798 800 
659 799 800 814 
659 799 814 812 
659 799 812 798 
506 661 660 662 
506 661 674 672 
506 661 672 660 
65 119 118 120 
65 119 120 125 
67 121 120 122 
67 121 125 120 
370 508 507 509 
370 508 509 520 
508 667 666 668 
508 667 668 686 
508 667 686 684 
508 667 684 666 
667 809 808 810 
667 809 810 826 
667 809 826 824 
667 809 824 808 
372 510 509 511 
372 510 511 522 
372 510 522 520 
372 510 520 509 
510 669 668 670 
510 669 670 688 
510 669 688 686 
510 669 686 668 
669 811 810 812 
669 811 812 828 
669 811 828 826 
669 811 826 810 
374 512 511 513 
374 512 513 524 
374 512 524 522 
374 512 522 511 
512 671 670 672 
512 671 672 689 
512 671 689 688 
512 671 688 670 
671 813 812 814 
671 813 828 812 
514 673 672 674 
514 673 689 672 
683 823 822 824 
683 823 824 838 
519 685 684 686 
519 685 686 700 
519 685 700 698 
519 685 698 684 
685 825 824 826 
685 825 826 840 
685 825 840 838 
685 825 838 824 
521 687 686 688 
521 687 700 686 
687 827 826 828 
687 827 842 840 
687 827 840 826 
