785
68 69 132 128 
127 129 128 132 
127 129 132 206 
127 129 206 200 
131 133 216 206 
131 133 206 132 
133 135 218 208 
133 135 208 134 
199 201 200 206 
199 201 206 309 
199 201 309 300 
201 202 208 311 
201 202 311 302 
202 203 210 313 
202 203 313 304 
205 207 206 216 
205 207 216 321 
205 207 321 309 
205 207 309 206 
207 209 208 218 
207 209 218 322 
207 209 322 311 
207 209 311 208 
209 211 324 313 
209 211 313 210 
295 296 300 429 
295 296 429 422 
297 299 298 307 
297 299 307 439 
297 299 439 427 
297 299 427 298 
299 301 300 309 
299 301 309 441 
299 301 441 429 
299 301 429 300 
301 303 302 311 
301 303 311 443 
301 303 443 431 
301 303 431 302 
303 305 304 313 
303 305 313 445 
303 305 445 433 
305 306 315 447 
305 306 447 435 
308 310 309 321 
308 310 441 309 
310 312 311 322 
310 312 322 456 
310 312 456 443 
310 312 443 311 
312 314 313 324 
312 314 324 457 
312 314 457 445 
312 314 445 313 
314 316 459 447 
314 316 447 315 
316 318 461 449 
316 318 449 317 
421 423 422 429 
421 423 429 593 
421 423 593 585 
423 424 431 595 
423 424 595 587 
426 428 427 439 
426 428 439 605 
426 428 605 591 
426 428 591 427 
428 430 429 441 
428 430 441 606 
428 430 606 593 
428 430 593 429 
430 432 431 443 
430 432 443 607 
430 432 607 595 
430 432 595 431 
432 434 433 445 
432 434 445 609 
432 434 609 597 
432 434 597 433 
434 436 435 447 
434 436 447 611 
434 436 611 599 
434 436 599 435 
436 437 449 613 
436 437 613 601 
442 444 443 456 
442 444 607 443 
444 446 445 457 
444 446 457 621 
444 446 621 609 
444 446 609 445 
446 448 447 459 
446 448 459 622 
446 448 622 611 
446 448 611 447 
448 450 449 461 
448 450 624 613 
448 450 613 449 
450 452 626 615 
450 452 615 451 
582 584 583 591 
582 584 591 755 
582 584 755 743 
582 584 743 583 
584 586 585 593 
584 586 593 757 
584 586 757 745 
584 586 745 585 
586 588 587 595 
586 588 595 759 
586 588 759 747 
586 588 747 587 
588 589 597 761 
588 589 761 749 
589 590 599 763 
589 590 763 751 
592 594 593 606 
592 594 757 593 
594 596 595 607 
594 596 607 771 
594 596 771 759 
594 596 759 595 
596 598 597 609 
596 598 609 772 
596 598 772 761 
596 598 761 597 
598 600 599 611 
598 600 611 773 
598 600 773 763 
598 600 763 599 
600 602 601 613 
600 602 613 775 
600 602 775 765 
600 602 765 601 
602 603 615 777 
602 603 777 767 
603 604 617 779 
603 604 779 769 
608 610 609 621 
608 610 772 609 
610 612 611 622 
610 612 773 611 
612 614 613 624 
612 614 624 782 
612 614 782 775 
612 614 775 613 
614 616 615 626 
614 616 626 783 
614 616 783 777 
614 616 777 615 
616 618 784 779 
616 618 779 617 
618 620 785 781 
618 620 781 619 
623 625 782 624 
742 744 743 755 
742 744 755 889 
742 744 889 876 
742 744 876 743 
744 746 745 757 
744 746 757 890 
744 746 890 878 
744 746 878 745 
746 748 747 759 
746 748 759 892 
746 748 892 880 
746 748 880 747 
748 750 749 761 
748 750 761 894 
748 750 894 882 
748 750 882 749 
750 752 751 763 
750 752 763 896 
750 752 896 884 
750 752 884 751 
752 753 765 898 
752 753 898 886 
758 760 759 771 
758 760 904 892 
758 760 892 759 
760 762 761 772 
760 762 894 761 
762 764 763 773 
762 764 773 905 
762 764 905 896 
762 764 896 763 
764 766 765 775 
764 766 775 906 
764 766 906 898 
764 766 898 765 
766 768 767 777 
766 768 777 908 
766 768 908 900 
766 768 900 767 
768 770 769 779 
768 770 779 910 
768 770 910 902 
768 770 902 769 
774 776 775 782 
774 776 906 775 
776 778 777 783 
776 778 908 777 
778 780 779 784 
778 780 913 910 
778 780 910 779 
879 881 880 892 
879 881 892 987 
879 881 987 977 
879 881 977 880 
881 883 882 894 
881 883 894 988 
881 883 988 979 
881 883 979 882 
883 885 884 896 
883 885 896 990 
883 885 990 981 
883 885 981 884 
885 887 886 898 
885 887 898 992 
885 887 992 983 
885 887 983 886 
887 888 900 994 
887 888 994 985 
891 893 892 904 
891 893 987 892 
895 897 896 905 
895 897 997 990 
895 897 990 896 
897 899 898 906 
897 899 906 998 
897 899 998 992 
897 899 992 898 
899 901 900 908 
899 901 908 999 
899 901 999 994 
899 901 994 900 
901 903 902 910 
901 903 910 1000 
901 903 1000 996 
901 903 996 902 
909 911 910 913 
909 911 1000 910 
980 982 981 990 
980 982 990 1059 
982 984 983 992 
982 984 992 1060 
984 986 985 994 
984 986 994 1061 
989 991 990 997 
989 991 1059 990 
991 993 992 998 
991 993 1060 992 
993 995 994 999 
993 995 1061 994 
127 131 204 206 
127 131 206 132 
127 131 132 130 
129 133 132 206 
129 133 206 208 
129 133 208 134 
129 133 134 132 
199 205 307 309 
199 205 309 206 
199 205 206 204 
201 207 206 309 
201 207 309 311 
201 207 311 208 
201 207 208 206 
207 217 216 321 
207 217 321 322 
207 217 322 218 
207 217 218 216 
202 209 208 311 
202 209 311 313 
202 209 313 210 
202 209 210 208 
203 211 210 313 
203 211 313 315 
295 299 298 427 
295 299 427 429 
295 299 429 300 
295 299 300 298 
299 308 307 439 
299 308 439 441 
299 308 441 309 
299 308 309 307 
296 301 300 429 
296 301 429 431 
296 301 431 302 
296 301 302 300 
301 310 309 441 
301 310 441 443 
301 310 443 311 
301 310 311 309 
303 312 311 443 
303 312 443 445 
303 312 445 313 
303 312 313 311 
312 323 322 456 
312 323 456 457 
312 323 457 324 
312 323 324 322 
305 314 313 445 
305 314 445 447 
305 314 447 315 
305 314 315 313 
306 316 315 447 
306 316 447 449 
306 316 449 317 
306 316 317 315 
421 428 427 591 
421 428 591 593 
421 428 593 429 
421 428 429 427 
428 440 439 605 
428 440 605 606 
428 440 606 441 
428 440 441 439 
423 430 429 593 
423 430 593 595 
423 430 595 431 
423 430 431 429 
430 442 441 606 
430 442 606 607 
430 442 607 443 
430 442 443 441 
424 432 431 595 
424 432 595 597 
424 432 597 433 
424 432 433 431 
432 444 443 607 
432 444 607 609 
432 444 609 445 
432 444 445 443 
425 434 433 597 
425 434 597 599 
425 434 599 435 
425 434 435 433 
434 446 445 609 
434 446 609 611 
434 446 611 447 
434 446 447 445 
446 458 457 621 
446 458 621 622 
446 458 622 459 
446 458 459 457 
436 448 447 611 
436 448 611 613 
436 448 613 449 
436 448 449 447 
437 450 449 613 
437 450 613 615 
437 450 615 451 
437 450 451 449 
438 452 451 615 
438 452 615 617 
580 584 583 743 
580 584 743 745 
580 584 745 585 
580 584 585 583 
584 592 591 755 
584 592 755 757 
584 592 757 593 
584 592 593 591 
581 586 585 745 
581 586 745 747 
581 586 747 587 
581 586 587 585 
586 594 593 757 
586 594 757 759 
586 594 759 595 
586 594 595 593 
588 596 595 759 
588 596 759 761 
588 596 761 597 
588 596 597 595 
596 608 607 771 
596 608 771 772 
596 608 772 609 
596 608 609 607 
589 598 597 761 
589 598 761 763 
589 598 763 599 
589 598 599 597 
598 610 609 772 
598 610 772 773 
598 610 773 611 
598 610 611 609 
590 600 599 763 
590 600 763 765 
590 600 765 601 
590 600 601 599 
600 612 611 773 
600 612 773 775 
600 612 775 613 
600 612 613 611 
612 623 782 624 
612 623 624 622 
602 614 613 775 
602 614 775 777 
602 614 777 615 
602 614 615 613 
614 625 624 782 
614 625 782 783 
614 625 783 626 
614 625 626 624 
603 616 615 777 
603 616 777 779 
603 616 779 617 
603 616 617 615 
604 618 617 779 
604 618 779 781 
604 618 781 619 
604 618 619 617 
738 744 743 876 
738 744 876 878 
738 744 878 745 
738 744 745 743 
744 756 755 889 
744 756 889 890 
744 756 890 757 
744 756 757 755 
739 746 745 878 
739 746 878 880 
739 746 880 747 
739 746 747 745 
746 758 757 890 
746 758 890 892 
746 758 892 759 
746 758 759 757 
740 748 747 880 
740 748 880 882 
740 748 882 749 
740 748 749 747 
748 760 759 892 
748 760 892 894 
748 760 894 761 
748 760 761 759 
741 750 749 882 
741 750 882 884 
741 750 884 751 
741 750 751 749 
750 762 761 894 
750 762 894 896 
750 762 896 763 
750 762 763 761 
752 764 763 896 
752 764 896 898 
752 764 898 765 
752 764 765 763 
764 774 773 905 
764 774 905 906 
764 774 906 775 
764 774 775 773 
753 766 765 898 
753 766 898 900 
753 766 900 767 
753 766 767 765 
766 776 775 906 
766 776 906 908 
766 776 908 777 
766 776 777 775 
754 768 767 900 
754 768 900 902 
754 768 902 769 
754 768 769 767 
768 778 777 908 
768 778 908 910 
768 778 910 779 
768 778 779 777 
770 780 779 910 
770 780 910 912 
770 780 781 779 
879 891 987 892 
879 891 892 890 
873 881 880 977 
873 881 977 979 
873 881 979 882 
873 881 882 880 
881 893 892 987 
881 893 987 988 
881 893 988 894 
881 893 894 892 
874 883 882 979 
874 883 979 981 
874 883 981 884 
874 883 884 882 
883 895 894 988 
883 895 988 990 
883 895 990 896 
883 895 896 894 
875 885 884 981 
875 885 981 983 
875 885 983 886 
875 885 886 884 
885 897 896 990 
885 897 990 992 
885 897 992 898 
885 897 898 896 
887 899 898 992 
887 899 992 994 
887 899 994 900 
887 899 900 898 
899 907 906 998 
899 907 998 999 
899 907 999 908 
899 907 908 906 
888 901 900 994 
888 901 994 996 
888 901 996 902 
888 901 902 900 
901 909 908 999 
901 909 999 1000 
901 909 1000 910 
901 909 910 908 
903 911 910 1000 
903 911 912 910 
980 989 1059 990 
980 989 990 988 
982 991 990 1059 
982 991 1060 992 
982 991 992 990 
984 993 992 1060 
984 993 1061 994 
984 993 994 992 
986 995 994 1061 
986 995 996 994 
295 421 422 429 
295 421 429 427 
421 584 583 585 
421 584 585 593 
421 584 593 591 
421 584 591 583 
584 744 743 745 
584 744 745 757 
584 744 757 755 
584 744 755 743 
744 877 876 878 
744 877 878 890 
744 877 890 889 
744 877 889 876 
296 423 431 429 
296 423 429 422 
423 586 585 587 
423 586 587 595 
423 586 595 593 
423 586 593 585 
586 746 745 747 
586 746 747 759 
586 746 759 757 
586 746 757 745 
746 879 878 880 
746 879 880 892 
746 879 892 890 
746 879 890 878 
424 588 597 595 
424 588 595 587 
588 748 747 749 
588 748 749 761 
588 748 761 759 
588 748 759 747 
748 881 880 882 
748 881 882 894 
748 881 894 892 
748 881 892 880 
881 978 977 979 
881 978 979 988 
881 978 988 987 
881 978 987 977 
589 750 749 751 
589 750 751 763 
589 750 763 761 
589 750 761 749 
750 883 882 884 
750 883 884 896 
750 883 896 894 
750 883 894 882 
883 980 979 981 
883 980 981 990 
883 980 990 988 
883 980 988 979 
590 752 765 763 
590 752 763 751 
752 885 884 886 
752 885 886 898 
752 885 898 896 
752 885 896 884 
885 982 981 983 
885 982 983 992 
885 982 992 990 
885 982 990 981 
753 887 900 898 
753 887 898 886 
887 984 985 994 
887 984 994 992 
887 984 992 983 
888 986 996 994 
888 986 994 985 
68 127 128 132 
68 127 132 130 
127 199 200 206 
127 199 206 204 
199 299 298 300 
199 299 300 309 
199 299 309 307 
199 299 307 298 
299 428 427 429 
299 428 429 441 
299 428 441 439 
299 428 439 427 
428 592 591 593 
428 592 593 606 
428 592 606 605 
428 592 605 591 
69 129 134 132 
69 129 132 128 
129 201 208 206 
129 201 206 200 
201 301 300 302 
201 301 302 311 
201 301 311 309 
201 301 309 300 
301 430 429 431 
301 430 431 443 
301 430 443 441 
301 430 441 429 
430 594 593 595 
430 594 595 607 
430 594 607 606 
430 594 606 593 
594 758 757 759 
594 758 759 771 
758 891 890 892 
758 891 892 904 
202 303 304 313 
202 303 313 311 
202 303 311 302 
303 432 431 433 
303 432 433 445 
303 432 445 443 
303 432 443 431 
432 596 595 597 
432 596 597 609 
432 596 609 607 
432 596 607 595 
596 760 759 761 
596 760 761 772 
596 760 772 771 
596 760 771 759 
760 893 892 894 
760 893 904 892 
203 305 315 313 
203 305 313 304 
305 434 433 435 
305 434 435 447 
305 434 447 445 
305 434 445 433 
434 598 597 599 
434 598 599 611 
434 598 611 609 
434 598 609 597 
598 762 761 763 
598 762 763 773 
598 762 773 772 
598 762 772 761 
762 895 894 896 
762 895 896 905 
895 989 988 990 
895 989 990 997 
306 436 449 447 
306 436 447 435 
436 600 599 601 
436 600 601 613 
436 600 613 611 
436 600 611 599 
600 764 763 765 
600 764 765 775 
600 764 775 773 
600 764 773 763 
764 897 896 898 
764 897 898 906 
764 897 906 905 
764 897 905 896 
897 991 990 992 
897 991 992 998 
897 991 997 990 
437 602 615 613 
437 602 613 601 
602 766 765 767 
602 766 767 777 
602 766 777 775 
602 766 775 765 
766 899 898 900 
766 899 900 908 
766 899 908 906 
766 899 906 898 
899 993 992 994 
899 993 994 999 
899 993 999 998 
899 993 998 992 
603 768 767 769 
603 768 769 779 
603 768 779 777 
603 768 777 767 
768 901 900 902 
768 901 902 910 
768 901 910 908 
768 901 908 900 
901 995 994 996 
901 995 996 1000 
901 995 1000 999 
901 995 999 994 
604 770 781 779 
604 770 779 769 
770 903 912 910 
770 903 910 902 
131 205 204 206 
131 205 206 216 
205 308 307 309 
205 308 309 321 
133 207 206 208 
133 207 208 218 
133 207 218 216 
133 207 216 206 
207 310 309 311 
207 310 311 322 
207 310 322 321 
207 310 321 309 
310 442 441 443 
310 442 443 456 
135 209 208 210 
135 209 218 208 
209 312 311 313 
209 312 313 324 
209 312 324 322 
209 312 322 311 
312 444 443 445 
312 444 445 457 
312 444 457 456 
312 444 456 443 
444 608 607 609 
444 608 609 621 
211 314 313 315 
211 314 324 313 
314 446 445 447 
314 446 447 459 
314 446 459 457 
314 446 457 445 
446 610 609 611 
446 610 611 622 
446 610 622 621 
446 610 621 609 
316 448 447 449 
316 448 449 461 
316 448 459 447 
448 612 611 613 
448 612 613 624 
448 612 624 622 
448 612 622 611 
612 774 773 775 
612 774 775 782 
318 450 449 451 
318 450 461 449 
450 614 613 615 
450 614 615 626 
450 614 626 624 
450 614 624 613 
614 776 775 777 
614 776 777 783 
614 776 783 782 
614 776 782 775 
452 616 615 617 
452 616 626 615 
616 778 777 779 
616 778 779 784 
616 778 784 783 
616 778 783 777 
778 909 908 910 
778 909 910 913 
618 780 779 781 
618 780 781 785 
618 780 785 784 
618 780 784 779 
780 911 910 912 
780 911 913 910 
