1833
184 185 187 273 
184 185 273 266 
186 188 187 193 
186 188 193 283 
186 188 283 273 
186 188 273 187 
188 190 189 195 
188 190 195 285 
188 190 285 275 
188 190 275 189 
190 191 197 287 
190 191 287 277 
194 196 293 285 
194 196 285 195 
196 198 294 287 
196 198 287 197 
261 262 264 385 
261 262 385 379 
263 265 264 271 
263 265 271 394 
263 265 394 385 
263 265 385 264 
265 267 266 273 
265 267 273 396 
265 267 396 387 
265 267 387 266 
267 268 275 398 
267 268 398 389 
268 269 277 400 
268 269 400 391 
272 274 273 283 
272 274 283 407 
272 274 407 396 
272 274 396 273 
274 276 275 285 
274 276 285 408 
274 276 408 398 
274 276 398 275 
276 278 277 287 
276 278 287 409 
276 278 409 400 
276 278 400 277 
278 280 279 289 
278 280 289 411 
278 280 411 402 
278 280 402 279 
280 282 281 291 
280 282 291 413 
280 282 413 404 
280 282 404 281 
284 286 285 293 
284 286 408 285 
286 288 287 294 
286 288 409 287 
288 290 417 411 
288 290 411 289 
290 292 418 413 
290 292 413 291 
376 378 377 383 
376 378 383 540 
376 378 540 528 
376 378 528 377 
378 380 379 385 
378 380 385 542 
378 380 542 530 
378 380 530 379 
380 381 387 544 
380 381 544 532 
381 382 389 546 
381 382 546 534 
384 386 385 394 
384 386 394 555 
384 386 555 542 
384 386 542 385 
386 388 387 396 
386 388 396 556 
386 388 556 544 
386 388 544 387 
388 390 389 398 
388 390 398 558 
388 390 558 546 
388 390 546 389 
390 392 391 400 
390 392 400 560 
390 392 560 548 
390 392 548 391 
392 393 402 562 
392 393 562 550 
395 397 396 407 
395 397 556 396 
397 399 398 408 
397 399 558 398 
399 401 400 409 
399 401 409 570 
399 401 570 560 
399 401 560 400 
401 403 402 411 
401 403 411 571 
401 403 571 562 
401 403 562 402 
403 405 404 413 
403 405 413 573 
403 405 573 564 
403 405 564 404 
405 406 415 575 
405 406 575 566 
410 412 411 417 
410 412 571 411 
412 414 413 418 
412 414 418 578 
412 414 578 573 
412 414 573 413 
414 416 415 420 
414 416 420 579 
414 416 579 575 
414 416 575 415 
515 516 528 692 
515 516 692 678 
516 517 530 694 
516 517 694 680 
517 518 532 696 
517 518 696 682 
519 521 700 686 
525 527 526 538 
525 527 538 705 
525 527 705 690 
525 527 690 526 
527 529 528 540 
527 529 540 706 
527 529 706 692 
527 529 692 528 
529 531 530 542 
529 531 542 707 
529 531 707 694 
529 531 694 530 
531 533 532 544 
531 533 544 709 
531 533 709 696 
531 533 696 532 
533 535 534 546 
533 535 546 711 
533 535 711 698 
533 535 698 534 
535 536 548 713 
535 536 713 700 
536 537 550 715 
536 537 715 702 
541 543 542 555 
541 543 707 542 
543 545 544 556 
543 545 556 721 
543 545 721 709 
543 545 709 544 
545 547 546 558 
545 547 558 722 
545 547 722 711 
545 547 711 546 
547 549 548 560 
547 549 560 723 
547 549 723 713 
547 549 713 548 
549 551 550 562 
549 551 562 725 
549 551 725 715 
549 551 715 550 
551 553 552 564 
551 553 564 727 
551 553 727 717 
551 553 717 552 
553 554 566 729 
553 554 729 719 
559 561 560 570 
559 561 723 560 
561 563 562 571 
561 563 571 733 
561 563 733 725 
561 563 725 562 
563 565 564 573 
563 565 573 734 
563 565 734 727 
563 565 727 564 
565 567 566 575 
565 567 575 735 
565 567 735 729 
565 567 729 566 
567 569 568 577 
567 569 577 737 
567 569 737 731 
567 569 731 568 
574 576 575 579 
574 576 735 575 
675 677 676 690 
675 677 690 830 
675 677 830 816 
675 677 816 676 
677 679 678 692 
677 679 692 832 
677 679 832 818 
677 679 818 678 
679 681 680 694 
679 681 694 834 
679 681 834 820 
679 681 820 680 
681 683 682 696 
681 683 696 836 
681 683 836 822 
683 685 684 698 
683 685 698 838 
683 685 838 824 
683 685 824 684 
685 687 686 700 
685 687 700 840 
685 687 840 826 
691 693 692 706 
691 693 832 692 
693 695 694 707 
693 695 707 847 
693 695 847 834 
693 695 834 694 
695 697 696 709 
695 697 709 848 
695 697 848 836 
695 697 836 696 
697 699 698 711 
697 699 711 850 
697 699 850 838 
697 699 838 698 
699 701 700 713 
699 701 713 852 
699 701 852 840 
699 701 840 700 
701 703 702 715 
701 703 715 854 
701 703 854 842 
703 704 717 856 
703 704 856 844 
708 710 709 721 
708 710 848 709 
710 712 711 722 
710 712 850 711 
712 714 713 723 
712 714 723 862 
712 714 862 852 
712 714 852 713 
714 716 715 725 
714 716 725 863 
714 716 863 854 
714 716 854 715 
716 718 717 727 
716 718 727 865 
716 718 865 856 
716 718 856 717 
718 720 719 729 
718 720 729 867 
718 720 867 858 
718 720 858 719 
724 726 725 733 
724 726 863 725 
726 728 727 734 
726 728 870 865 
726 728 865 727 
728 730 729 735 
728 730 735 871 
728 730 871 867 
728 730 867 729 
730 732 731 737 
730 732 737 872 
730 732 872 869 
730 732 869 731 
801 803 802 816 
801 803 816 931 
801 803 931 919 
801 803 919 802 
803 805 804 818 
803 805 818 933 
803 805 933 921 
803 805 921 804 
805 806 820 935 
805 806 935 923 
806 807 822 937 
806 807 937 925 
809 811 826 941 
815 817 816 830 
815 817 830 945 
815 817 945 931 
815 817 931 816 
817 819 818 832 
817 819 832 946 
817 819 946 933 
817 819 933 818 
819 821 820 834 
819 821 834 947 
819 821 947 935 
819 821 935 820 
821 823 822 836 
821 823 836 949 
821 823 949 937 
821 823 937 822 
823 825 824 838 
823 825 838 951 
823 825 951 939 
823 825 939 824 
825 827 826 840 
825 827 840 953 
825 827 953 941 
825 827 941 826 
827 829 842 955 
827 829 955 943 
833 835 834 847 
833 835 947 834 
835 837 836 848 
835 837 848 961 
835 837 961 949 
835 837 949 836 
837 839 838 850 
837 839 850 962 
837 839 962 951 
837 839 951 838 
839 841 840 852 
839 841 852 963 
839 841 963 953 
839 841 953 840 
841 843 842 854 
841 843 854 965 
841 843 965 955 
841 843 955 842 
843 845 844 856 
843 845 856 967 
843 845 967 957 
843 845 957 844 
845 846 858 969 
845 846 969 959 
851 853 852 862 
851 853 963 852 
853 855 854 863 
853 855 863 972 
853 855 972 965 
853 855 965 854 
855 857 856 865 
855 857 865 973 
855 857 973 967 
855 857 967 856 
857 859 858 867 
857 859 867 975 
857 859 975 969 
857 859 969 858 
859 861 860 869 
859 861 869 976 
859 861 976 971 
859 861 971 860 
864 866 865 870 
864 866 973 865 
866 868 867 871 
866 868 975 867 
918 920 919 931 
918 920 931 1020 
918 920 1020 1009 
918 920 1009 919 
920 922 921 933 
920 922 933 1022 
920 922 1022 1011 
920 922 1011 921 
922 924 923 935 
922 924 935 1024 
922 924 1024 1013 
922 924 1013 923 
924 926 925 937 
924 926 937 1026 
924 926 1026 1015 
926 927 939 1028 
926 927 1028 1017 
932 934 933 946 
932 934 1022 933 
934 936 935 947 
934 936 947 1035 
934 936 1035 1024 
934 936 1024 935 
936 938 937 949 
936 938 949 1036 
936 938 1036 1026 
936 938 1026 937 
938 940 939 951 
938 940 951 1038 
938 940 1038 1028 
938 940 1028 939 
940 942 941 953 
940 942 953 1040 
940 942 1040 1030 
940 942 1030 941 
942 944 943 955 
942 944 955 1042 
942 944 1042 1032 
942 944 1032 943 
948 950 949 961 
948 950 1036 949 
950 952 951 962 
950 952 1048 1038 
950 952 1038 951 
952 954 953 963 
952 954 963 1049 
952 954 1049 1040 
952 954 1040 953 
954 956 955 965 
954 956 965 1050 
954 956 1050 1042 
954 956 1042 955 
956 958 957 967 
956 958 967 1052 
956 958 1052 1044 
956 958 1044 957 
958 960 959 969 
958 960 969 1054 
958 960 1054 1046 
964 966 965 972 
964 966 1050 965 
966 968 967 973 
966 968 973 1057 
966 968 1057 1052 
966 968 1052 967 
968 970 969 975 
968 970 975 1058 
968 970 1058 1054 
968 970 1054 969 
1002 1004 1003 1009 
1002 1004 1009 1073 
1002 1004 1073 1065 
1002 1004 1065 1003 
1004 1006 1005 1011 
1004 1006 1011 1075 
1004 1006 1075 1067 
1004 1006 1067 1005 
1006 1007 1013 1077 
1006 1007 1077 1069 
1008 1010 1009 1020 
1008 1010 1020 1086 
1008 1010 1086 1073 
1008 1010 1073 1009 
1010 1012 1011 1022 
1010 1012 1022 1087 
1010 1012 1087 1075 
1010 1012 1075 1011 
1012 1014 1013 1024 
1012 1014 1024 1088 
1012 1014 1088 1077 
1012 1014 1077 1013 
1014 1016 1015 1026 
1014 1016 1026 1090 
1014 1016 1090 1079 
1014 1016 1079 1015 
1016 1018 1017 1028 
1016 1018 1028 1092 
1016 1018 1092 1081 
1018 1019 1030 1094 
1018 1019 1094 1083 
1023 1025 1024 1035 
1023 1025 1088 1024 
1025 1027 1026 1036 
1025 1027 1036 1100 
1025 1027 1100 1090 
1025 1027 1090 1026 
1027 1029 1028 1038 
1027 1029 1038 1101 
1027 1029 1101 1092 
1027 1029 1092 1028 
1029 1031 1030 1040 
1029 1031 1040 1102 
1029 1031 1102 1094 
1029 1031 1094 1030 
1031 1033 1032 1042 
1031 1033 1042 1104 
1031 1033 1104 1096 
1031 1033 1096 1032 
1033 1034 1044 1106 
1033 1034 1106 1098 
1037 1039 1038 1048 
1037 1039 1101 1038 
1039 1041 1040 1049 
1039 1041 1102 1040 
1041 1043 1042 1050 
1041 1043 1050 1109 
1041 1043 1109 1104 
1041 1043 1104 1042 
1043 1045 1044 1052 
1043 1045 1052 1110 
1043 1045 1110 1106 
1043 1045 1106 1044 
1045 1047 1046 1054 
1045 1047 1054 1111 
1045 1047 1111 1108 
1045 1047 1108 1046 
1051 1053 1052 1057 
1051 1053 1110 1052 
1053 1055 1054 1058 
1053 1055 1111 1054 
1064 1066 1065 1073 
1064 1066 1073 1124 
1064 1066 1124 1113 
1064 1066 1113 1065 
1066 1068 1067 1075 
1066 1068 1075 1125 
1066 1068 1125 1115 
1066 1068 1115 1067 
1068 1070 1069 1077 
1068 1070 1077 1127 
1068 1070 1127 1117 
1068 1070 1117 1069 
1070 1071 1079 1129 
1070 1071 1129 1119 
1074 1076 1075 1087 
1074 1076 1125 1075 
1076 1078 1077 1088 
1076 1078 1088 1137 
1076 1078 1137 1127 
1076 1078 1127 1077 
1078 1080 1079 1090 
1078 1080 1090 1139 
1078 1080 1139 1129 
1078 1080 1129 1079 
1080 1082 1081 1092 
1080 1082 1092 1141 
1080 1082 1141 1131 
1080 1082 1131 1081 
1082 1084 1083 1094 
1082 1084 1094 1143 
1082 1084 1143 1133 
1082 1084 1133 1083 
1084 1085 1096 1145 
1084 1085 1145 1135 
1089 1091 1090 1100 
1089 1091 1139 1090 
1091 1093 1092 1101 
1091 1093 1149 1141 
1091 1093 1141 1092 
1093 1095 1094 1102 
1093 1095 1102 1150 
1093 1095 1150 1143 
1093 1095 1143 1094 
1095 1097 1096 1104 
1095 1097 1104 1151 
1095 1097 1151 1145 
1095 1097 1145 1096 
1097 1099 1098 1106 
1097 1099 1106 1153 
1097 1099 1153 1147 
1097 1099 1147 1098 
1103 1105 1104 1109 
1103 1105 1151 1104 
1105 1107 1106 1110 
1105 1107 1153 1106 
1116 1118 1117 1127 
1116 1118 1127 1159 
1118 1120 1119 1129 
1118 1120 1129 1161 
1118 1120 1161 1154 
1118 1120 1154 1119 
1120 1122 1121 1131 
1120 1122 1131 1163 
1120 1122 1163 1156 
1120 1122 1156 1121 
1126 1128 1127 1137 
1126 1128 1137 1169 
1126 1128 1169 1159 
1126 1128 1159 1127 
1128 1130 1129 1139 
1128 1130 1139 1170 
1128 1130 1170 1161 
1128 1130 1161 1129 
1130 1132 1131 1141 
1130 1132 1141 1171 
1130 1132 1171 1163 
1130 1132 1163 1131 
1132 1134 1133 1143 
1132 1134 1143 1173 
1132 1134 1173 1165 
1132 1134 1165 1133 
1134 1136 1135 1145 
1134 1136 1145 1175 
1134 1136 1175 1167 
1134 1136 1167 1135 
1140 1142 1141 1149 
1140 1142 1171 1141 
1142 1144 1143 1150 
1142 1144 1173 1143 
1144 1146 1145 1151 
1144 1146 1151 1178 
1144 1146 1178 1175 
1144 1146 1175 1145 
1146 1148 1147 1153 
1146 1148 1153 1179 
1146 1148 1179 1177 
1146 1148 1177 1147 
1155 1157 1156 1163 
1155 1157 1163 1180 
1162 1164 1163 1171 
1162 1164 1171 1185 
1162 1164 1185 1180 
1162 1164 1180 1163 
1164 1166 1165 1173 
1164 1166 1173 1186 
1164 1166 1186 1182 
1164 1166 1182 1165 
1166 1168 1167 1175 
1166 1168 1175 1187 
1166 1168 1187 1184 
1166 1168 1184 1167 
1174 1176 1175 1178 
1174 1176 1187 1175 
184 186 271 273 
184 186 273 187 
185 188 187 273 
185 188 273 275 
185 188 275 189 
185 188 189 187 
188 194 193 283 
188 194 283 285 
188 194 285 195 
188 194 195 193 
190 196 195 285 
190 196 285 287 
190 196 287 197 
191 198 197 287 
191 198 287 289 
261 263 383 385 
261 263 385 264 
262 265 264 385 
262 265 385 387 
262 265 387 266 
262 265 266 264 
265 272 271 394 
265 272 394 396 
265 272 396 273 
265 272 273 271 
267 274 273 396 
267 274 396 398 
267 274 398 275 
267 274 275 273 
274 284 283 407 
274 284 407 408 
274 284 408 285 
274 284 285 283 
268 276 275 398 
268 276 398 400 
268 276 400 277 
268 276 277 275 
276 286 285 408 
276 286 408 409 
276 286 409 287 
276 286 287 285 
269 278 277 400 
269 278 400 402 
269 278 402 279 
269 278 279 277 
278 288 287 409 
278 288 409 411 
278 288 411 289 
278 288 289 287 
270 280 279 402 
270 280 402 404 
270 280 404 281 
270 280 281 279 
280 290 289 411 
280 290 411 413 
280 290 413 291 
280 290 291 289 
282 292 291 413 
282 292 413 415 
375 378 377 528 
375 378 528 530 
375 378 530 379 
375 378 379 377 
378 384 383 540 
378 384 540 542 
378 384 542 385 
378 384 385 383 
380 386 385 542 
380 386 542 544 
380 386 544 387 
380 386 387 385 
386 395 394 555 
386 395 555 556 
386 395 556 396 
386 395 396 394 
381 388 387 544 
381 388 544 546 
381 388 546 389 
381 388 389 387 
388 397 396 556 
388 397 556 558 
388 397 558 398 
388 397 398 396 
382 390 389 546 
382 390 546 548 
382 390 548 391 
382 390 391 389 
390 399 398 558 
390 399 558 560 
390 399 560 400 
390 399 400 398 
392 401 400 560 
392 401 560 562 
392 401 562 402 
392 401 402 400 
401 410 409 570 
401 410 570 571 
401 410 571 411 
401 410 411 409 
393 403 402 562 
393 403 562 564 
393 403 564 404 
393 403 404 402 
403 412 411 571 
403 412 571 573 
403 412 573 413 
403 412 413 411 
405 414 413 573 
405 414 573 575 
405 414 575 415 
405 414 415 413 
414 419 418 578 
414 419 578 579 
414 419 579 420 
414 419 420 418 
406 416 415 575 
406 416 575 577 
515 527 526 690 
515 527 690 692 
515 527 692 528 
515 527 528 526 
527 539 538 705 
527 539 705 706 
527 539 706 540 
527 539 540 538 
516 529 528 692 
516 529 692 694 
516 529 694 530 
516 529 530 528 
529 541 540 706 
529 541 706 707 
529 541 707 542 
529 541 542 540 
517 531 530 694 
517 531 694 696 
517 531 696 532 
517 531 532 530 
531 543 542 707 
531 543 707 709 
531 543 709 544 
531 543 544 542 
518 533 532 696 
518 533 696 698 
518 533 698 534 
518 533 534 532 
533 545 544 709 
533 545 709 711 
533 545 711 546 
533 545 546 544 
545 557 556 721 
545 557 721 722 
545 557 722 558 
545 557 558 556 
535 547 546 711 
535 547 711 713 
535 547 713 548 
535 547 548 546 
547 559 558 722 
547 559 722 723 
547 559 723 560 
547 559 560 558 
536 549 548 713 
536 549 713 715 
536 549 715 550 
536 549 550 548 
549 561 560 723 
549 561 723 725 
549 561 725 562 
549 561 562 560 
537 551 550 715 
537 551 715 717 
537 551 717 552 
537 551 552 550 
551 563 562 725 
551 563 725 727 
551 563 727 564 
551 563 564 562 
563 572 571 733 
563 572 733 734 
563 572 734 573 
563 572 573 571 
553 565 564 727 
553 565 727 729 
553 565 729 566 
553 565 566 564 
565 574 573 734 
565 574 734 735 
565 574 735 575 
565 574 575 573 
554 567 566 729 
554 567 729 731 
554 567 731 568 
554 567 568 566 
567 576 575 735 
567 576 735 737 
567 576 737 577 
567 576 577 575 
663 677 676 816 
663 677 816 818 
663 677 818 678 
663 677 678 676 
677 691 690 830 
677 691 830 832 
677 691 832 692 
677 691 692 690 
664 679 678 818 
664 679 818 820 
664 679 820 680 
664 679 680 678 
679 693 692 832 
679 693 832 834 
679 693 834 694 
679 693 694 692 
681 695 694 834 
681 695 834 836 
681 695 836 696 
681 695 696 694 
695 708 707 847 
695 708 847 848 
695 708 848 709 
695 708 709 707 
683 697 696 836 
683 697 836 838 
683 697 838 698 
683 697 698 696 
697 710 709 848 
697 710 848 850 
697 710 850 711 
697 710 711 709 
685 699 698 838 
685 699 838 840 
685 699 840 700 
685 699 700 698 
699 712 711 850 
699 712 850 852 
699 712 852 713 
699 712 713 711 
687 701 700 840 
687 701 840 842 
701 714 713 852 
701 714 852 854 
701 714 854 715 
701 714 715 713 
714 724 723 862 
714 724 862 863 
714 724 863 725 
714 724 725 723 
703 716 715 854 
703 716 854 856 
703 716 856 717 
703 716 717 715 
716 726 725 863 
716 726 863 865 
716 726 865 727 
716 726 727 725 
704 718 717 856 
704 718 856 858 
704 718 858 719 
704 718 719 717 
718 728 727 865 
718 728 865 867 
718 728 867 729 
718 728 729 727 
720 730 729 867 
720 730 867 869 
720 730 869 731 
720 730 731 729 
730 736 735 871 
730 736 871 872 
730 736 872 737 
730 736 737 735 
793 803 802 919 
793 803 919 921 
793 803 921 804 
793 803 804 802 
803 817 816 931 
803 817 931 933 
803 817 933 818 
803 817 818 816 
817 831 830 945 
817 831 945 946 
817 831 946 832 
817 831 832 830 
805 819 818 933 
805 819 933 935 
805 819 935 820 
805 819 820 818 
819 833 832 946 
819 833 946 947 
819 833 947 834 
819 833 834 832 
806 821 820 935 
806 821 935 937 
806 821 937 822 
806 821 822 820 
821 835 834 947 
821 835 947 949 
821 835 949 836 
821 835 836 834 
807 823 822 937 
807 823 937 939 
807 823 939 824 
807 823 824 822 
823 837 836 949 
823 837 949 951 
823 837 951 838 
823 837 838 836 
837 849 848 961 
837 849 961 962 
837 849 962 850 
837 849 850 848 
809 825 824 939 
809 825 939 941 
809 825 941 826 
809 825 826 824 
825 839 838 951 
825 839 951 953 
825 839 953 840 
825 839 840 838 
839 851 850 962 
839 851 962 963 
839 851 963 852 
839 851 852 850 
811 827 826 941 
811 827 828 826 
827 841 840 953 
827 841 953 955 
827 841 955 842 
827 841 842 840 
841 853 852 963 
841 853 963 965 
841 853 965 854 
841 853 854 852 
829 843 842 955 
829 843 955 957 
829 843 957 844 
829 843 844 842 
843 855 854 965 
843 855 965 967 
843 855 967 856 
843 855 856 854 
855 864 863 972 
855 864 972 973 
855 864 973 865 
855 864 865 863 
845 857 856 967 
845 857 967 969 
845 857 969 858 
845 857 858 856 
857 866 865 973 
857 866 973 975 
857 866 975 867 
857 866 867 865 
846 859 858 969 
846 859 969 971 
846 859 971 860 
846 859 860 858 
859 868 867 975 
859 868 975 976 
859 868 976 869 
859 868 869 867 
914 920 919 1009 
914 920 1009 1011 
914 920 1011 921 
914 920 921 919 
920 932 931 1020 
920 932 1020 1022 
920 932 1022 933 
920 932 933 931 
915 922 921 1011 
915 922 1011 1013 
915 922 1013 923 
915 922 923 921 
922 934 933 1022 
922 934 1022 1024 
922 934 1024 935 
922 934 935 933 
924 936 935 1024 
924 936 1024 1026 
924 936 1026 937 
924 936 937 935 
936 948 947 1035 
936 948 1035 1036 
936 948 1036 949 
936 948 949 947 
926 938 937 1026 
926 938 1026 1028 
926 938 1028 939 
926 938 939 937 
938 950 949 1036 
938 950 1036 1038 
938 950 1038 951 
938 950 951 949 
927 940 939 1028 
927 940 1028 1030 
927 940 1030 941 
927 940 941 939 
940 952 951 1038 
940 952 1038 1040 
940 952 1040 953 
940 952 953 951 
929 942 941 1030 
929 942 1030 1032 
929 942 1032 943 
929 942 943 941 
942 954 953 1040 
942 954 1040 1042 
942 954 1042 955 
942 954 955 953 
954 964 963 1049 
954 964 1049 1050 
954 964 1050 965 
954 964 965 963 
944 956 955 1042 
944 956 1042 1044 
944 956 1044 957 
944 956 957 955 
956 966 965 1050 
956 966 1050 1052 
956 966 1052 967 
956 966 967 965 
958 968 967 1052 
958 968 1052 1054 
958 968 1054 969 
958 968 969 967 
968 974 973 1057 
968 974 1057 1058 
968 974 1058 975 
968 974 975 973 
960 970 969 1054 
960 970 1054 1056 
960 970 971 969 
1001 1004 1003 1065 
1001 1004 1065 1067 
1001 1004 1067 1005 
1001 1004 1005 1003 
1004 1010 1009 1073 
1004 1010 1073 1075 
1004 1010 1075 1011 
1004 1010 1011 1009 
1010 1021 1020 1086 
1010 1021 1086 1087 
1010 1021 1087 1022 
1010 1021 1022 1020 
1006 1012 1011 1075 
1006 1012 1075 1077 
1006 1012 1077 1013 
1006 1012 1013 1011 
1012 1023 1022 1087 
1012 1023 1087 1088 
1012 1023 1088 1024 
1012 1023 1024 1022 
1007 1014 1013 1077 
1007 1014 1077 1079 
1007 1014 1079 1015 
1007 1014 1015 1013 
1014 1025 1024 1088 
1014 1025 1088 1090 
1014 1025 1090 1026 
1014 1025 1026 1024 
1016 1027 1026 1090 
1016 1027 1090 1092 
1016 1027 1092 1028 
1016 1027 1028 1026 
1027 1037 1036 1100 
1027 1037 1100 1101 
1027 1037 1101 1038 
1027 1037 1038 1036 
1018 1029 1028 1092 
1018 1029 1092 1094 
1018 1029 1094 1030 
1018 1029 1030 1028 
1029 1039 1038 1101 
1029 1039 1101 1102 
1029 1039 1102 1040 
1029 1039 1040 1038 
1019 1031 1030 1094 
1019 1031 1094 1096 
1019 1031 1096 1032 
1019 1031 1032 1030 
1031 1041 1040 1102 
1031 1041 1102 1104 
1031 1041 1104 1042 
1031 1041 1042 1040 
1033 1043 1042 1104 
1033 1043 1104 1106 
1033 1043 1106 1044 
1033 1043 1044 1042 
1043 1051 1050 1109 
1043 1051 1109 1110 
1043 1051 1110 1052 
1043 1051 1052 1050 
1034 1045 1044 1106 
1034 1045 1106 1108 
1034 1045 1108 1046 
1034 1045 1046 1044 
1045 1053 1052 1110 
1045 1053 1110 1111 
1045 1053 1111 1054 
1045 1053 1054 1052 
1047 1055 1054 1111 
1047 1055 1056 1054 
1062 1066 1065 1113 
1062 1066 1113 1115 
1062 1066 1115 1067 
1062 1066 1067 1065 
1066 1074 1073 1124 
1066 1074 1124 1125 
1066 1074 1125 1075 
1066 1074 1075 1073 
1063 1068 1067 1115 
1063 1068 1115 1117 
1063 1068 1117 1069 
1063 1068 1069 1067 
1068 1076 1075 1125 
1068 1076 1125 1127 
1068 1076 1127 1077 
1068 1076 1077 1075 
1070 1078 1077 1127 
1070 1078 1127 1129 
1070 1078 1129 1079 
1070 1078 1079 1077 
1078 1089 1088 1137 
1078 1089 1137 1139 
1078 1089 1139 1090 
1078 1089 1090 1088 
1071 1080 1079 1129 
1071 1080 1129 1131 
1071 1080 1131 1081 
1071 1080 1081 1079 
1080 1091 1090 1139 
1080 1091 1139 1141 
1080 1091 1141 1092 
1080 1091 1092 1090 
1072 1082 1081 1131 
1072 1082 1131 1133 
1072 1082 1133 1083 
1072 1082 1083 1081 
1082 1093 1092 1141 
1082 1093 1141 1143 
1082 1093 1143 1094 
1082 1093 1094 1092 
1084 1095 1094 1143 
1084 1095 1143 1145 
1084 1095 1145 1096 
1084 1095 1096 1094 
1095 1103 1102 1150 
1095 1103 1150 1151 
1095 1103 1151 1104 
1095 1103 1104 1102 
1085 1097 1096 1145 
1085 1097 1145 1147 
1085 1097 1147 1098 
1085 1097 1098 1096 
1097 1105 1104 1151 
1097 1105 1151 1153 
1097 1105 1153 1106 
1097 1105 1106 1104 
1099 1107 1106 1153 
1099 1107 1108 1106 
1116 1126 1159 1127 
1116 1126 1127 1125 
1118 1128 1127 1159 
1118 1128 1159 1161 
1118 1128 1161 1129 
1118 1128 1129 1127 
1128 1138 1137 1169 
1128 1138 1169 1170 
1128 1138 1170 1139 
1128 1138 1139 1137 
1112 1120 1119 1154 
1112 1120 1154 1156 
1112 1120 1156 1121 
1112 1120 1121 1119 
1120 1130 1129 1161 
1120 1130 1161 1163 
1120 1130 1163 1131 
1120 1130 1131 1129 
1130 1140 1139 1170 
1130 1140 1170 1171 
1130 1140 1171 1141 
1130 1140 1141 1139 
1122 1132 1131 1163 
1122 1132 1163 1165 
1122 1132 1165 1133 
1122 1132 1133 1131 
1132 1142 1141 1171 
1132 1142 1171 1173 
1132 1142 1173 1143 
1132 1142 1143 1141 
1123 1134 1133 1165 
1123 1134 1165 1167 
1123 1134 1167 1135 
1123 1134 1135 1133 
1134 1144 1143 1173 
1134 1144 1173 1175 
1134 1144 1175 1145 
1134 1144 1145 1143 
1136 1146 1145 1175 
1136 1146 1175 1177 
1136 1146 1177 1147 
1136 1146 1147 1145 
1146 1152 1151 1178 
1146 1152 1178 1179 
1146 1152 1179 1153 
1146 1152 1153 1151 
1155 1162 1180 1163 
1155 1162 1163 1161 
1157 1164 1163 1180 
1157 1164 1180 1182 
1157 1164 1182 1165 
1157 1164 1165 1163 
1164 1172 1171 1185 
1164 1172 1185 1186 
1164 1172 1186 1173 
1164 1172 1173 1171 
1158 1166 1165 1182 
1158 1166 1182 1184 
1158 1166 1184 1167 
1158 1166 1167 1165 
1166 1174 1173 1186 
1166 1174 1186 1187 
1166 1174 1187 1175 
1166 1174 1175 1173 
1168 1176 1175 1187 
1168 1176 1177 1175 
914 1004 1003 1005 
914 1004 1005 1011 
914 1004 1011 1009 
914 1004 1009 1003 
1004 1066 1065 1067 
1004 1066 1067 1075 
1004 1066 1075 1073 
1004 1066 1073 1065 
1066 1114 1113 1115 
1066 1114 1115 1125 
1066 1114 1125 1124 
1066 1114 1124 1113 
1006 1068 1067 1069 
1006 1068 1069 1077 
1006 1068 1077 1075 
1006 1068 1075 1067 
1068 1116 1115 1117 
1068 1116 1117 1127 
1068 1116 1127 1125 
1068 1116 1125 1115 
1007 1070 1079 1077 
1007 1070 1077 1069 
1070 1118 1119 1129 
1070 1118 1129 1127 
1070 1118 1127 1117 
1071 1120 1119 1121 
1071 1120 1121 1131 
1071 1120 1131 1129 
1071 1120 1129 1119 
1120 1155 1154 1156 
1120 1155 1156 1163 
1120 1155 1163 1161 
1120 1155 1161 1154 
1122 1157 1165 1163 
1122 1157 1163 1156 
663 803 802 804 
663 803 804 818 
663 803 818 816 
663 803 816 802 
803 920 919 921 
803 920 921 933 
803 920 933 931 
803 920 931 919 
920 1010 1009 1011 
920 1010 1011 1022 
920 1010 1022 1020 
920 1010 1020 1009 
1010 1074 1073 1075 
1010 1074 1075 1087 
1010 1074 1087 1086 
1010 1074 1086 1073 
805 922 921 923 
805 922 923 935 
805 922 935 933 
805 922 933 921 
922 1012 1011 1013 
922 1012 1013 1024 
922 1012 1024 1022 
922 1012 1022 1011 
1012 1076 1075 1077 
1012 1076 1077 1088 
1012 1076 1088 1087 
1012 1076 1087 1075 
1076 1126 1125 1127 
1076 1126 1127 1137 
806 924 925 937 
806 924 937 935 
806 924 935 923 
924 1014 1013 1015 
924 1014 1015 1026 
924 1014 1026 1024 
924 1014 1024 1013 
1014 1078 1077 1079 
1014 1078 1079 1090 
1014 1078 1090 1088 
1014 1078 1088 1077 
1078 1128 1127 1129 
1078 1128 1129 1139 
1078 1128 1139 1137 
1078 1128 1137 1127 
1128 1160 1159 1161 
1128 1160 1161 1170 
1128 1160 1170 1169 
1128 1160 1169 1159 
807 926 939 937 
807 926 937 925 
926 1016 1017 1028 
926 1016 1028 1026 
926 1016 1026 1015 
1016 1080 1079 1081 
1016 1080 1081 1092 
1016 1080 1092 1090 
1016 1080 1090 1079 
1080 1130 1129 1131 
1080 1130 1131 1141 
1080 1130 1141 1139 
1080 1130 1139 1129 
1130 1162 1161 1163 
1130 1162 1163 1171 
1130 1162 1171 1170 
1130 1162 1170 1161 
927 1018 1030 1028 
927 1018 1028 1017 
1018 1082 1081 1083 
1018 1082 1083 1094 
1018 1082 1094 1092 
1018 1082 1092 1081 
1082 1132 1131 1133 
1082 1132 1133 1143 
1082 1132 1143 1141 
1082 1132 1141 1131 
1132 1164 1163 1165 
1132 1164 1165 1173 
1132 1164 1173 1171 
1132 1164 1171 1163 
1164 1181 1180 1182 
1164 1181 1182 1186 
1164 1181 1186 1185 
1164 1181 1185 1180 
1019 1084 1096 1094 
1019 1084 1094 1083 
1084 1134 1133 1135 
1084 1134 1135 1145 
1084 1134 1145 1143 
1084 1134 1143 1133 
1134 1166 1165 1167 
1134 1166 1167 1175 
1134 1166 1175 1173 
1134 1166 1173 1165 
1166 1183 1182 1184 
1166 1183 1184 1187 
1166 1183 1187 1186 
1166 1183 1186 1182 
1085 1136 1147 1145 
1085 1136 1145 1135 
1136 1168 1177 1175 
1136 1168 1175 1167 
515 677 676 678 
515 677 678 692 
515 677 692 690 
515 677 690 676 
677 817 816 818 
677 817 818 832 
677 817 832 830 
677 817 830 816 
817 932 931 933 
817 932 933 946 
817 932 946 945 
817 932 945 931 
516 679 678 680 
516 679 680 694 
516 679 694 692 
516 679 692 678 
679 819 818 820 
679 819 820 834 
679 819 834 832 
679 819 832 818 
819 934 933 935 
819 934 935 947 
819 934 947 946 
819 934 946 933 
934 1023 1022 1024 
934 1023 1024 1035 
517 681 682 696 
517 681 696 694 
517 681 694 680 
681 821 820 822 
681 821 822 836 
681 821 836 834 
681 821 834 820 
821 936 935 937 
821 936 937 949 
821 936 949 947 
821 936 947 935 
936 1025 1024 1026 
936 1025 1026 1036 
936 1025 1036 1035 
936 1025 1035 1024 
1025 1089 1088 1090 
1025 1089 1090 1100 
518 683 698 696 
518 683 696 682 
683 823 822 824 
683 823 824 838 
683 823 838 836 
683 823 836 822 
823 938 937 939 
823 938 939 951 
823 938 951 949 
823 938 949 937 
938 1027 1026 1028 
938 1027 1028 1038 
938 1027 1038 1036 
938 1027 1036 1026 
1027 1091 1090 1092 
1027 1091 1092 1101 
1027 1091 1101 1100 
1027 1091 1100 1090 
1091 1140 1139 1141 
1091 1140 1141 1149 
519 685 686 700 
519 685 700 698 
519 685 698 684 
685 825 824 826 
685 825 826 840 
685 825 840 838 
685 825 838 824 
825 940 939 941 
825 940 941 953 
825 940 953 951 
825 940 951 939 
940 1029 1028 1030 
940 1029 1030 1040 
940 1029 1040 1038 
940 1029 1038 1028 
1029 1093 1092 1094 
1029 1093 1094 1102 
1029 1093 1102 1101 
1029 1093 1101 1092 
1093 1142 1141 1143 
1093 1142 1143 1150 
1093 1142 1149 1141 
521 687 700 686 
687 827 826 828 
687 827 842 840 
687 827 840 826 
827 942 941 943 
827 942 943 955 
827 942 955 953 
827 942 953 941 
942 1031 1030 1032 
942 1031 1032 1042 
942 1031 1042 1040 
942 1031 1040 1030 
1031 1095 1094 1096 
1031 1095 1096 1104 
1031 1095 1104 1102 
1031 1095 1102 1094 
1095 1144 1143 1145 
1095 1144 1145 1151 
1095 1144 1151 1150 
1095 1144 1150 1143 
1144 1174 1173 1175 
1144 1174 1175 1178 
829 944 957 955 
829 944 955 943 
944 1033 1044 1042 
944 1033 1042 1032 
1033 1097 1096 1098 
1033 1097 1098 1106 
1033 1097 1106 1104 
1033 1097 1104 1096 
1097 1146 1145 1147 
1097 1146 1147 1153 
1097 1146 1153 1151 
1097 1146 1151 1145 
1146 1176 1175 1177 
1146 1176 1177 1179 
1146 1176 1179 1178 
1146 1176 1178 1175 
1034 1099 1108 1106 
1034 1099 1106 1098 
376 527 526 528 
376 527 528 540 
376 527 540 538 
376 527 538 526 
527 691 690 692 
527 691 692 706 
527 691 706 705 
527 691 705 690 
261 378 377 379 
261 378 379 385 
261 378 385 383 
261 378 383 377 
378 529 528 530 
378 529 530 542 
378 529 542 540 
378 529 540 528 
529 693 692 694 
529 693 694 707 
529 693 707 706 
529 693 706 692 
693 833 832 834 
693 833 834 847 
262 380 387 385 
262 380 385 379 
380 531 530 532 
380 531 532 544 
380 531 544 542 
380 531 542 530 
531 695 694 696 
531 695 696 709 
531 695 709 707 
531 695 707 694 
695 835 834 836 
695 835 836 848 
695 835 848 847 
695 835 847 834 
835 948 947 949 
835 948 949 961 
381 533 532 534 
381 533 534 546 
381 533 546 544 
381 533 544 532 
533 697 696 698 
533 697 698 711 
533 697 711 709 
533 697 709 696 
697 837 836 838 
697 837 838 850 
697 837 850 848 
697 837 848 836 
837 950 949 951 
837 950 951 962 
837 950 962 961 
837 950 961 949 
950 1037 1036 1038 
950 1037 1038 1048 
382 535 548 546 
382 535 546 534 
535 699 698 700 
535 699 700 713 
535 699 713 711 
535 699 711 698 
699 839 838 840 
699 839 840 852 
699 839 852 850 
699 839 850 838 
839 952 951 953 
839 952 953 963 
839 952 963 962 
839 952 962 951 
952 1039 1038 1040 
952 1039 1040 1049 
952 1039 1048 1038 
536 701 702 715 
536 701 715 713 
536 701 713 700 
701 841 840 842 
701 841 842 854 
701 841 854 852 
701 841 852 840 
841 954 953 955 
841 954 955 965 
841 954 965 963 
841 954 963 953 
954 1041 1040 1042 
954 1041 1042 1050 
954 1041 1050 1049 
954 1041 1049 1040 
1041 1103 1102 1104 
1041 1103 1104 1109 
537 703 717 715 
537 703 715 702 
703 843 842 844 
703 843 844 856 
703 843 856 854 
703 843 854 842 
843 956 955 957 
843 956 957 967 
843 956 967 965 
843 956 965 955 
956 1043 1042 1044 
956 1043 1044 1052 
956 1043 1052 1050 
956 1043 1050 1042 
1043 1105 1104 1106 
1043 1105 1106 1110 
1043 1105 1110 1109 
1043 1105 1109 1104 
704 845 858 856 
704 845 856 844 
845 958 959 969 
845 958 969 967 
845 958 967 957 
958 1045 1044 1046 
958 1045 1046 1054 
958 1045 1054 1052 
958 1045 1052 1044 
1045 1107 1106 1108 
1045 1107 1108 1111 
1045 1107 1111 1110 
1045 1107 1110 1106 
846 960 971 969 
846 960 969 959 
960 1047 1056 1054 
960 1047 1054 1046 
263 384 383 385 
263 384 385 394 
384 541 540 542 
384 541 542 555 
184 265 264 266 
184 265 266 273 
184 265 273 271 
184 265 271 264 
265 386 385 387 
265 386 387 396 
265 386 396 394 
265 386 394 385 
386 543 542 544 
386 543 544 556 
386 543 556 555 
386 543 555 542 
543 708 707 709 
543 708 709 721 
185 267 275 273 
185 267 273 266 
267 388 387 389 
267 388 389 398 
267 388 398 396 
267 388 396 387 
388 545 544 546 
388 545 546 558 
388 545 558 556 
388 545 556 544 
545 710 709 711 
545 710 711 722 
545 710 722 721 
545 710 721 709 
268 390 389 391 
268 390 391 400 
268 390 400 398 
268 390 398 389 
390 547 546 548 
390 547 548 560 
390 547 560 558 
390 547 558 546 
547 712 711 713 
547 712 713 723 
547 712 723 722 
547 712 722 711 
712 851 850 852 
712 851 852 862 
269 392 402 400 
269 392 400 391 
392 549 548 550 
392 549 550 562 
392 549 562 560 
392 549 560 548 
549 714 713 715 
549 714 715 725 
549 714 725 723 
549 714 723 713 
714 853 852 854 
714 853 854 863 
714 853 863 862 
714 853 862 852 
853 964 963 965 
853 964 965 972 
393 551 550 552 
393 551 552 564 
393 551 564 562 
393 551 562 550 
551 716 715 717 
551 716 717 727 
551 716 727 725 
551 716 725 715 
716 855 854 856 
716 855 856 865 
716 855 865 863 
716 855 863 854 
855 966 965 967 
855 966 967 973 
855 966 973 972 
855 966 972 965 
966 1051 1050 1052 
966 1051 1052 1057 
553 718 717 719 
553 718 719 729 
553 718 729 727 
553 718 727 717 
718 857 856 858 
718 857 858 867 
718 857 867 865 
718 857 865 856 
857 968 967 969 
857 968 969 975 
857 968 975 973 
857 968 973 967 
968 1053 1052 1054 
968 1053 1054 1058 
968 1053 1058 1057 
968 1053 1057 1052 
554 720 731 729 
554 720 729 719 
720 859 858 860 
720 859 860 869 
720 859 869 867 
720 859 867 858 
859 970 969 971 
859 970 971 976 
859 970 976 975 
859 970 975 969 
970 1055 1054 1056 
970 1055 1058 1054 
186 272 271 273 
186 272 273 283 
272 395 394 396 
272 395 396 407 
126 188 187 189 
126 188 189 195 
126 188 195 193 
126 188 193 187 
188 274 273 275 
188 274 275 285 
188 274 285 283 
188 274 283 273 
274 397 396 398 
274 397 398 408 
274 397 408 407 
274 397 407 396 
190 276 275 277 
190 276 277 287 
190 276 287 285 
190 276 285 275 
276 399 398 400 
276 399 400 409 
276 399 409 408 
276 399 408 398 
399 559 558 560 
399 559 560 570 
191 278 277 279 
191 278 279 289 
191 278 289 287 
191 278 287 277 
278 401 400 402 
278 401 402 411 
278 401 411 409 
278 401 409 400 
401 561 560 562 
401 561 562 571 
401 561 571 570 
401 561 570 560 
561 724 723 725 
561 724 725 733 
192 280 279 281 
192 280 281 291 
192 280 291 289 
192 280 289 279 
280 403 402 404 
280 403 404 413 
280 403 413 411 
280 403 411 402 
403 563 562 564 
403 563 564 573 
403 563 573 571 
403 563 571 562 
563 726 725 727 
563 726 727 734 
563 726 734 733 
563 726 733 725 
726 864 863 865 
726 864 865 870 
282 405 415 413 
282 405 413 404 
405 565 564 566 
405 565 566 575 
405 565 575 573 
405 565 573 564 
565 728 727 729 
565 728 729 735 
565 728 735 734 
565 728 734 727 
728 866 865 867 
728 866 867 871 
728 866 870 865 
406 567 566 568 
406 567 568 577 
406 567 577 575 
406 567 575 566 
567 730 729 731 
567 730 731 737 
567 730 737 735 
567 730 735 729 
730 868 867 869 
730 868 869 872 
730 868 872 871 
730 868 871 867 
194 284 283 285 
194 284 285 293 
196 286 285 287 
196 286 287 294 
196 286 293 285 
198 288 287 289 
198 288 294 287 
288 410 409 411 
288 410 411 417 
290 412 411 413 
290 412 413 418 
290 412 417 411 
292 414 413 415 
292 414 415 420 
292 414 420 418 
292 414 418 413 
414 574 573 575 
414 574 575 579 
414 574 579 578 
414 574 578 573 
416 576 575 577 
416 576 579 575 
