4
0.155 0.4375 0.524633 0.865443 0.980554
12
0 0 0 1 0 0 0
0 0 0 1 0 0 0
0 0 0 1 0 0 0
0 0 0 1 0 0 0
0 0 0 1 0 0 0
0 0 0 1 0 0 0
0 0 0 1 0 0 0
0 0 0 1 0 0 0
0 0 0 1 0 0 0
0 0 0 1 0 0 0
0 0 0 1 0 0 0
0 0 0 1 0 0 0
0.49 0.6075 0.870377 0.78682 0.849128
12
0 0 0 1 0 0 0
0 0 0 1 0 0 0
0 0 0 1 0 0 0
0 0 0 1 0 0 0
11.0932 1.6578 4.29497 1 0 0 0
2.49672 0.769595 33.5698 1 0 0 0
-0.919875 3.15317 -37.5251 1 0 0 0
-17.2203 -2.34685 1.79216 1 0 0 0
0 0 0 1 0 0 0
0 0 0 1 0 0 0
0 0 0 1 0 0 0
0 0 0 1 0 0 0
0.378012 0.154026 0.736727 0.789337 0.748205
12
7.90963 -28.4221 -9.18186 1 0 0 0
9.09177 -12.821 -9.53125 1 0 0 0
13.7683 -17.6264 -18.0372 1 0 0 0
14.969 -8.03318 -19.1995 1 0 0 0
-4.0103 0.210169 8.31857 1 0 0 0
-4.47706 1.45603 9.19678 1 0 0 0
0 0 0 1 0 0 0
0 0 0 1 0 0 0
0 0 0 1 0 0 0
0 0 0 1 0 0 0
0 0 0 1 0 0 0
0 0 0 1 0 0 0
0.816648 0.604425 0.725513 0.848343 0.767063
12
-2.00836 3.09788 0.145849 1 0 0 0
2.45161 -13.863 -0.242435 1 0 0 0
4.59022 -13.8328 -4.39536 1 0 0 0
-1.27471 -3.57958 -17.3387 1 0 0 0
0.437896 0.0990227 0.57906 1 0 0 0
-0.0497346 0.102326 2.21015 1 0 0 0
-0.0501074 0.171759 -2.04407 1 0 0 0
-0.938023 -0.127837 0.0976224 1 0 0 0
0 0 0 1 0 0 0
0 0 0 1 0 0 0
0 0 0 1 0 0 0
0 0 0 1 0 0 0
1
4
0 1 2 3 
