4555
6 7 10 57 
6 7 57 49 
7 8 12 59 
7 8 59 51 
9 11 65 57 
9 11 57 10 
11 13 12 17 
11 13 17 67 
11 13 67 59 
11 13 59 12 
13 15 14 19 
13 15 19 69 
13 15 69 61 
13 15 61 14 
16 18 17 22 
16 18 22 77 
16 18 77 67 
16 18 67 17 
46 48 47 55 
46 48 55 135 
46 48 135 122 
46 48 122 47 
48 50 49 57 
48 50 57 137 
48 50 137 124 
48 50 124 49 
50 52 51 59 
50 52 59 139 
50 52 139 126 
50 52 126 51 
52 53 61 141 
52 53 141 128 
54 56 150 135 
54 56 135 55 
56 58 57 65 
56 58 65 152 
56 58 152 137 
56 58 137 57 
58 60 59 67 
58 60 67 154 
58 60 154 139 
58 60 139 59 
60 62 61 69 
60 62 69 156 
60 62 156 141 
60 62 141 61 
62 63 71 158 
62 63 158 143 
64 66 65 75 
64 66 75 165 
64 66 165 152 
64 66 152 65 
66 68 67 77 
66 68 77 167 
66 68 167 154 
66 68 154 67 
68 70 169 156 
68 70 156 69 
74 76 75 86 
74 76 86 179 
74 76 179 165 
74 76 165 75 
114 115 122 241 
114 115 241 228 
115 116 124 243 
115 116 243 230 
116 117 126 245 
116 117 245 232 
119 121 120 133 
119 121 133 256 
119 121 256 239 
119 121 239 120 
121 123 122 135 
121 123 135 258 
121 123 258 241 
121 123 241 122 
123 125 124 137 
123 125 137 260 
123 125 260 243 
123 125 243 124 
125 127 126 139 
125 127 139 262 
125 127 262 245 
125 127 245 126 
127 129 128 141 
127 129 141 264 
127 129 264 247 
127 129 247 128 
129 131 130 143 
129 131 143 266 
129 131 266 249 
129 131 249 130 
132 134 133 148 
132 134 148 275 
132 134 275 256 
132 134 256 133 
134 136 135 150 
134 136 150 277 
134 136 277 258 
134 136 258 135 
136 138 137 152 
136 138 152 279 
136 138 279 260 
136 138 260 137 
138 140 139 154 
138 140 154 281 
138 140 281 262 
138 140 262 139 
140 142 141 156 
140 142 156 283 
140 142 283 264 
140 142 264 141 
142 144 143 158 
142 144 158 285 
142 144 285 266 
142 144 266 143 
144 146 287 268 
144 146 268 145 
147 149 293 275 
147 149 275 148 
149 151 150 163 
149 151 163 295 
149 151 295 277 
149 151 277 150 
151 153 152 165 
151 153 165 297 
151 153 297 279 
151 153 279 152 
153 155 154 167 
153 155 167 299 
153 155 299 281 
153 155 281 154 
155 157 156 169 
155 157 169 301 
155 157 301 283 
155 157 283 156 
162 164 163 177 
162 164 177 312 
162 164 312 295 
162 164 295 163 
164 166 165 179 
164 166 179 314 
164 166 314 297 
164 166 297 165 
166 168 316 299 
166 168 299 167 
176 178 177 191 
176 178 191 329 
176 178 329 312 
176 178 312 177 
227 229 228 241 
227 229 241 398 
227 229 398 382 
229 231 230 243 
229 231 243 400 
229 231 400 384 
229 231 384 230 
231 233 232 245 
231 233 245 402 
231 233 402 386 
231 233 386 232 
233 234 247 404 
233 234 404 388 
234 235 249 406 
234 235 406 390 
236 238 237 254 
236 238 254 414 
236 238 414 394 
236 238 394 237 
238 240 239 256 
238 240 256 416 
238 240 416 396 
238 240 396 239 
240 242 241 258 
240 242 258 418 
240 242 418 398 
240 242 398 241 
242 244 243 260 
242 244 260 420 
242 244 420 400 
242 244 400 243 
244 246 245 262 
244 246 262 422 
244 246 422 402 
244 246 402 245 
246 248 247 264 
246 248 264 424 
246 248 424 404 
246 248 404 247 
248 250 249 266 
248 250 266 426 
248 250 426 406 
248 250 406 249 
250 252 251 268 
250 252 268 428 
250 252 428 408 
250 252 408 251 
253 255 254 273 
253 255 273 437 
253 255 437 414 
253 255 414 254 
255 257 256 275 
255 257 275 439 
255 257 439 416 
255 257 416 256 
257 259 258 277 
257 259 277 441 
257 259 441 418 
257 259 418 258 
259 261 260 279 
259 261 279 443 
259 261 443 420 
259 261 420 260 
261 263 262 281 
261 263 281 445 
261 263 445 422 
261 263 422 262 
263 265 264 283 
263 265 283 447 
263 265 447 424 
263 265 424 264 
265 267 266 285 
265 267 285 449 
265 267 449 426 
265 267 426 266 
267 269 268 287 
267 269 287 451 
267 269 451 428 
267 269 428 268 
272 274 460 437 
272 274 437 273 
274 276 275 293 
274 276 293 462 
274 276 462 439 
274 276 439 275 
276 278 277 295 
276 278 295 464 
276 278 464 441 
276 278 441 277 
278 280 279 297 
278 280 297 466 
278 280 466 443 
278 280 443 279 
280 282 281 299 
280 282 299 468 
280 282 468 445 
280 282 445 281 
282 284 283 301 
282 284 301 470 
282 284 470 447 
282 284 447 283 
284 286 472 449 
284 286 449 285 
292 294 293 310 
292 294 310 484 
292 294 484 462 
292 294 462 293 
294 296 295 312 
294 296 312 486 
294 296 486 464 
294 296 464 295 
296 298 297 314 
296 298 314 488 
296 298 488 466 
296 298 466 297 
298 300 299 316 
298 300 316 490 
298 300 490 468 
298 300 468 299 
309 311 310 327 
309 311 327 505 
309 311 505 484 
309 311 484 310 
311 313 312 329 
311 313 329 507 
311 313 507 486 
311 313 486 312 
313 315 509 488 
313 315 488 314 
326 328 327 344 
326 328 344 525 
326 328 525 505 
326 328 505 327 
381 383 382 398 
381 383 398 586 
381 383 586 570 
383 385 384 400 
383 385 400 588 
383 385 588 572 
385 387 386 402 
385 387 402 590 
385 387 590 574 
385 387 574 386 
387 389 388 404 
387 389 404 592 
387 389 592 576 
387 389 576 388 
389 391 390 406 
389 391 406 594 
389 391 594 578 
389 391 578 390 
391 392 408 596 
391 392 596 580 
393 395 394 414 
393 395 414 603 
395 397 396 416 
395 397 416 605 
395 397 605 584 
395 397 584 396 
397 399 398 418 
397 399 418 607 
397 399 607 586 
397 399 586 398 
399 401 400 420 
399 401 420 609 
399 401 609 588 
399 401 588 400 
401 403 402 422 
401 403 422 611 
401 403 611 590 
401 403 590 402 
403 405 404 424 
403 405 424 613 
403 405 613 592 
403 405 592 404 
405 407 406 426 
405 407 426 615 
405 407 615 594 
405 407 594 406 
407 409 408 428 
407 409 428 617 
407 409 617 596 
407 409 596 408 
409 411 410 430 
409 411 430 619 
409 411 619 598 
409 411 598 410 
413 415 414 437 
413 415 437 627 
413 415 627 603 
413 415 603 414 
415 417 416 439 
415 417 439 629 
415 417 629 605 
415 417 605 416 
417 419 418 441 
417 419 441 631 
417 419 631 607 
417 419 607 418 
419 421 420 443 
419 421 443 633 
419 421 633 609 
419 421 609 420 
421 423 422 445 
421 423 445 635 
421 423 635 611 
421 423 611 422 
423 425 424 447 
423 425 447 637 
423 425 637 613 
423 425 613 424 
425 427 426 449 
425 427 449 639 
425 427 639 615 
425 427 615 426 
427 429 428 451 
427 429 451 641 
427 429 641 617 
427 429 617 428 
434 436 435 458 
434 436 458 650 
434 436 650 625 
434 436 625 435 
436 438 437 460 
436 438 460 652 
436 438 652 627 
436 438 627 437 
438 440 439 462 
438 440 462 654 
438 440 654 629 
438 440 629 439 
440 442 441 464 
440 442 464 656 
440 442 656 631 
440 442 631 441 
442 444 443 466 
442 444 466 658 
442 444 658 633 
442 444 633 443 
444 446 445 468 
444 446 468 660 
444 446 660 635 
444 446 635 445 
446 448 447 470 
446 448 470 662 
446 448 662 637 
446 448 637 447 
448 450 449 472 
448 450 664 639 
448 450 639 449 
457 459 458 480 
457 459 480 675 
457 459 675 650 
457 459 650 458 
459 461 460 482 
459 461 482 677 
459 461 677 652 
459 461 652 460 
461 463 462 484 
461 463 484 679 
461 463 679 654 
461 463 654 462 
463 465 464 486 
463 465 486 681 
463 465 681 656 
463 465 656 464 
465 467 466 488 
465 467 488 683 
465 467 683 658 
465 467 658 466 
467 469 468 490 
467 469 490 685 
467 469 685 660 
467 469 660 468 
481 483 482 503 
481 483 503 702 
481 483 702 677 
481 483 677 482 
483 485 484 505 
483 485 505 704 
483 485 704 679 
483 485 679 484 
485 487 486 507 
485 487 507 706 
485 487 706 681 
485 487 681 486 
487 489 488 509 
487 489 708 683 
487 489 683 488 
502 504 503 523 
502 504 523 725 
502 504 725 702 
502 504 702 503 
504 506 505 525 
504 506 525 727 
504 506 727 704 
504 506 704 505 
522 524 744 725 
522 524 725 523 
569 571 570 586 
569 571 586 793 
571 573 572 588 
571 573 588 795 
571 573 795 775 
571 573 775 572 
573 575 574 590 
573 575 590 797 
573 575 797 777 
573 575 777 574 
575 577 576 592 
575 577 592 799 
575 577 799 779 
575 577 779 576 
577 579 578 594 
577 579 594 801 
577 579 801 781 
577 579 781 578 
579 581 580 596 
579 581 596 803 
579 581 803 783 
579 581 783 580 
581 582 598 805 
581 582 805 785 
583 585 584 605 
583 585 605 814 
583 585 814 791 
583 585 791 584 
585 587 586 607 
585 587 607 816 
585 587 816 793 
585 587 793 586 
587 589 588 609 
587 589 609 818 
587 589 818 795 
587 589 795 588 
589 591 590 611 
589 591 611 820 
589 591 820 797 
589 591 797 590 
591 593 592 613 
591 593 613 822 
591 593 822 799 
591 593 799 592 
593 595 594 615 
593 595 615 824 
593 595 824 801 
593 595 801 594 
595 597 596 617 
595 597 617 826 
595 597 826 803 
595 597 803 596 
597 599 598 619 
597 599 619 828 
597 599 828 805 
597 599 805 598 
599 601 600 621 
599 601 621 830 
599 601 830 807 
599 601 807 600 
602 604 603 627 
602 604 627 837 
602 604 837 812 
602 604 812 603 
604 606 605 629 
604 606 629 839 
604 606 839 814 
604 606 814 605 
606 608 607 631 
606 608 631 841 
606 608 841 816 
606 608 816 607 
608 610 609 633 
608 610 633 843 
608 610 843 818 
608 610 818 609 
610 612 611 635 
610 612 635 845 
610 612 845 820 
610 612 820 611 
612 614 613 637 
612 614 637 847 
612 614 847 822 
612 614 822 613 
614 616 615 639 
614 616 639 849 
614 616 849 824 
614 616 824 615 
616 618 617 641 
616 618 641 851 
616 618 851 826 
616 618 826 617 
618 620 853 828 
618 620 828 619 
626 628 627 652 
626 628 652 863 
626 628 863 837 
626 628 837 627 
628 630 629 654 
628 630 654 865 
628 630 865 839 
628 630 839 629 
630 632 631 656 
630 632 656 867 
630 632 867 841 
630 632 841 631 
632 634 633 658 
632 634 658 869 
632 634 869 843 
632 634 843 633 
634 636 635 660 
634 636 660 871 
634 636 871 845 
634 636 845 635 
636 638 637 662 
636 638 662 873 
636 638 873 847 
636 638 847 637 
638 640 639 664 
638 640 664 875 
638 640 875 849 
638 640 849 639 
649 651 650 675 
649 651 675 887 
649 651 887 861 
649 651 861 650 
651 653 652 677 
651 653 677 889 
651 653 889 863 
651 653 863 652 
653 655 654 679 
653 655 679 891 
653 655 891 865 
653 655 865 654 
655 657 656 681 
655 657 681 893 
655 657 893 867 
655 657 867 656 
657 659 658 683 
657 659 683 895 
657 659 895 869 
657 659 869 658 
659 661 660 685 
659 661 685 897 
659 661 897 871 
659 661 871 660 
661 663 899 873 
661 663 873 662 
674 676 675 700 
674 676 700 911 
674 676 911 887 
674 676 887 675 
676 678 677 702 
676 678 702 913 
676 678 913 889 
676 678 889 677 
678 680 679 704 
678 680 704 915 
678 680 915 891 
678 680 891 679 
680 682 681 706 
680 682 706 917 
680 682 917 893 
680 682 893 681 
682 684 683 708 
682 684 708 919 
682 684 919 895 
682 684 895 683 
699 701 700 723 
699 701 723 934 
699 701 934 911 
699 701 911 700 
701 703 702 725 
701 703 725 935 
701 703 935 913 
701 703 913 702 
703 705 704 727 
703 705 727 937 
703 705 937 915 
703 705 915 704 
705 707 939 917 
705 707 917 706 
724 726 725 744 
724 726 744 955 
724 726 955 935 
724 726 935 725 
770 771 781 991 
770 771 991 978 
771 772 783 993 
771 772 993 980 
774 776 775 795 
774 776 795 1004 
774 776 1004 985 
774 776 985 775 
776 778 777 797 
776 778 797 1006 
776 778 1006 987 
776 778 987 777 
778 780 779 799 
778 780 799 1008 
778 780 1008 989 
778 780 989 779 
780 782 781 801 
780 782 801 1010 
780 782 1010 991 
780 782 991 781 
782 784 783 803 
782 784 803 1012 
782 784 1012 993 
782 784 993 783 
784 786 785 805 
784 786 805 1014 
784 786 1014 995 
784 786 995 785 
786 788 787 807 
786 788 807 1016 
786 788 1016 997 
786 788 997 787 
788 789 809 1018 
788 789 1018 999 
790 792 791 814 
790 792 814 1023 
792 794 793 816 
792 794 816 1025 
792 794 1025 1002 
792 794 1002 793 
794 796 795 818 
794 796 818 1027 
794 796 1027 1004 
794 796 1004 795 
796 798 797 820 
796 798 820 1029 
796 798 1029 1006 
796 798 1006 797 
798 800 799 822 
798 800 822 1031 
798 800 1031 1008 
798 800 1008 799 
800 802 801 824 
800 802 824 1033 
800 802 1033 1010 
800 802 1010 801 
802 804 803 826 
802 804 826 1035 
802 804 1035 1012 
802 804 1012 803 
804 806 805 828 
804 806 828 1037 
804 806 1037 1014 
804 806 1014 805 
806 808 807 830 
806 808 830 1039 
806 808 1039 1016 
806 808 1016 807 
808 810 1041 1018 
808 810 1018 809 
813 815 814 839 
813 815 839 1048 
813 815 1048 1023 
813 815 1023 814 
815 817 816 841 
815 817 841 1050 
815 817 1050 1025 
815 817 1025 816 
817 819 818 843 
817 819 843 1052 
817 819 1052 1027 
817 819 1027 818 
819 821 820 845 
819 821 845 1054 
819 821 1054 1029 
819 821 1029 820 
821 823 822 847 
821 823 847 1056 
821 823 1056 1031 
821 823 1031 822 
823 825 824 849 
823 825 849 1058 
823 825 1058 1033 
823 825 1033 824 
825 827 826 851 
825 827 851 1060 
825 827 1060 1035 
825 827 1035 826 
827 829 828 853 
827 829 853 1062 
827 829 1062 1037 
827 829 1037 828 
836 838 837 863 
836 838 863 1072 
836 838 1072 1046 
836 838 1046 837 
838 840 839 865 
838 840 865 1074 
838 840 1074 1048 
838 840 1048 839 
840 842 841 867 
840 842 867 1076 
840 842 1076 1050 
840 842 1050 841 
842 844 843 869 
842 844 869 1078 
842 844 1078 1052 
842 844 1052 843 
844 846 845 871 
844 846 871 1080 
844 846 1080 1054 
844 846 1054 845 
846 848 847 873 
846 848 873 1082 
846 848 1082 1056 
846 848 1056 847 
848 850 849 875 
848 850 875 1084 
848 850 1084 1058 
848 850 1058 849 
850 852 1086 1060 
850 852 1060 851 
862 864 863 889 
862 864 889 1098 
862 864 1098 1072 
862 864 1072 863 
864 866 865 891 
864 866 891 1100 
864 866 1100 1074 
864 866 1074 865 
866 868 867 893 
866 868 893 1102 
866 868 1102 1076 
866 868 1076 867 
868 870 869 895 
868 870 895 1104 
868 870 1104 1078 
868 870 1078 869 
870 872 871 897 
870 872 897 1106 
870 872 1106 1080 
870 872 1080 871 
872 874 873 899 
872 874 899 1108 
872 874 1108 1082 
872 874 1082 873 
888 890 889 913 
888 890 913 1123 
888 890 1123 1098 
888 890 1098 889 
890 892 891 915 
890 892 915 1125 
890 892 1125 1100 
890 892 1100 891 
892 894 893 917 
892 894 917 1127 
892 894 1127 1102 
892 894 1102 893 
894 896 895 919 
894 896 919 1129 
894 896 1129 1104 
894 896 1104 895 
896 898 1131 1106 
896 898 1106 897 
912 914 913 935 
912 914 1123 913 
914 916 915 937 
914 916 937 1147 
914 916 1147 1125 
914 916 1125 915 
916 918 917 939 
916 918 939 1149 
916 918 1149 1127 
916 918 1127 917 
936 938 1147 937 
976 977 989 1198 
976 977 1198 1185 
977 979 978 991 
977 979 991 1200 
977 979 1200 1187 
979 981 980 993 
979 981 993 1202 
979 981 1202 1189 
981 982 995 1204 
981 982 1204 1191 
982 983 997 1206 
982 983 1206 1193 
984 986 985 1004 
984 986 1004 1213 
986 988 987 1006 
986 988 1006 1215 
986 988 1215 1196 
986 988 1196 987 
988 990 989 1008 
988 990 1008 1217 
988 990 1217 1198 
988 990 1198 989 
990 992 991 1010 
990 992 1010 1219 
990 992 1219 1200 
990 992 1200 991 
992 994 993 1012 
992 994 1012 1221 
992 994 1221 1202 
992 994 1202 993 
994 996 995 1014 
994 996 1014 1223 
994 996 1223 1204 
994 996 1204 995 
996 998 997 1016 
996 998 1016 1225 
996 998 1225 1206 
996 998 1206 997 
998 1000 999 1018 
998 1000 1018 1227 
998 1000 1227 1208 
998 1000 1208 999 
1001 1003 1002 1025 
1001 1003 1025 1232 
1001 1003 1232 1211 
1001 1003 1211 1002 
1003 1005 1004 1027 
1003 1005 1027 1234 
1003 1005 1234 1213 
1003 1005 1213 1004 
1005 1007 1006 1029 
1005 1007 1029 1236 
1005 1007 1236 1215 
1005 1007 1215 1006 
1007 1009 1008 1031 
1007 1009 1031 1238 
1007 1009 1238 1217 
1007 1009 1217 1008 
1009 1011 1010 1033 
1009 1011 1033 1240 
1009 1011 1240 1219 
1009 1011 1219 1010 
1011 1013 1012 1035 
1011 1013 1035 1242 
1011 1013 1242 1221 
1011 1013 1221 1012 
1013 1015 1014 1037 
1013 1015 1037 1244 
1013 1015 1244 1223 
1013 1015 1223 1014 
1015 1017 1016 1039 
1015 1017 1039 1246 
1015 1017 1246 1225 
1015 1017 1225 1016 
1017 1019 1018 1041 
1017 1019 1041 1248 
1017 1019 1248 1227 
1017 1019 1227 1018 
1022 1024 1023 1048 
1022 1024 1048 1251 
1024 1026 1025 1050 
1024 1026 1050 1253 
1024 1026 1253 1232 
1024 1026 1232 1025 
1026 1028 1027 1052 
1026 1028 1052 1255 
1026 1028 1255 1234 
1026 1028 1234 1027 
1028 1030 1029 1054 
1028 1030 1054 1257 
1028 1030 1257 1236 
1028 1030 1236 1029 
1030 1032 1031 1056 
1030 1032 1056 1259 
1030 1032 1259 1238 
1030 1032 1238 1031 
1032 1034 1033 1058 
1032 1034 1058 1261 
1032 1034 1261 1240 
1032 1034 1240 1033 
1034 1036 1035 1060 
1034 1036 1060 1263 
1034 1036 1263 1242 
1034 1036 1242 1035 
1036 1038 1037 1062 
1036 1038 1062 1265 
1036 1038 1265 1244 
1036 1038 1244 1037 
1038 1040 1267 1246 
1038 1040 1246 1039 
1047 1049 1048 1074 
1047 1049 1074 1274 
1047 1049 1274 1251 
1047 1049 1251 1048 
1049 1051 1050 1076 
1049 1051 1076 1276 
1049 1051 1276 1253 
1049 1051 1253 1050 
1051 1053 1052 1078 
1051 1053 1078 1278 
1051 1053 1278 1255 
1051 1053 1255 1052 
1053 1055 1054 1080 
1053 1055 1080 1280 
1053 1055 1280 1257 
1053 1055 1257 1054 
1055 1057 1056 1082 
1055 1057 1082 1282 
1055 1057 1282 1259 
1055 1057 1259 1056 
1057 1059 1058 1084 
1057 1059 1084 1284 
1057 1059 1284 1261 
1057 1059 1261 1058 
1059 1061 1060 1086 
1059 1061 1086 1286 
1059 1061 1286 1263 
1059 1061 1263 1060 
1073 1075 1074 1100 
1073 1075 1100 1297 
1073 1075 1297 1274 
1073 1075 1274 1074 
1075 1077 1076 1102 
1075 1077 1102 1299 
1075 1077 1299 1276 
1075 1077 1276 1076 
1077 1079 1078 1104 
1077 1079 1104 1301 
1077 1079 1301 1278 
1077 1079 1278 1078 
1079 1081 1080 1106 
1079 1081 1106 1303 
1079 1081 1303 1280 
1079 1081 1280 1080 
1081 1083 1082 1108 
1081 1083 1108 1305 
1081 1083 1305 1282 
1081 1083 1282 1082 
1083 1085 1307 1284 
1083 1085 1284 1084 
1099 1101 1100 1125 
1099 1101 1125 1320 
1099 1101 1320 1297 
1099 1101 1297 1100 
1101 1103 1102 1127 
1101 1103 1127 1322 
1101 1103 1322 1299 
1101 1103 1299 1102 
1103 1105 1104 1129 
1103 1105 1129 1324 
1103 1105 1324 1301 
1103 1105 1301 1104 
1105 1107 1106 1131 
1105 1107 1131 1326 
1105 1107 1326 1303 
1105 1107 1303 1106 
1124 1126 1125 1147 
1124 1126 1320 1125 
1126 1128 1127 1149 
1126 1128 1149 1343 
1126 1128 1343 1322 
1126 1128 1322 1127 
1184 1186 1185 1198 
1184 1186 1198 1387 
1186 1188 1187 1200 
1186 1188 1200 1389 
1186 1188 1389 1376 
1188 1190 1189 1202 
1188 1190 1202 1391 
1188 1190 1391 1378 
1188 1190 1378 1189 
1190 1192 1191 1204 
1190 1192 1204 1393 
1190 1192 1393 1380 
1190 1192 1380 1191 
1192 1194 1193 1206 
1192 1194 1206 1395 
1192 1194 1395 1382 
1192 1194 1382 1193 
1195 1197 1196 1215 
1195 1197 1215 1399 
1195 1197 1399 1385 
1195 1197 1385 1196 
1197 1199 1198 1217 
1197 1199 1217 1401 
1197 1199 1401 1387 
1197 1199 1387 1198 
1199 1201 1200 1219 
1199 1201 1219 1403 
1199 1201 1403 1389 
1199 1201 1389 1200 
1201 1203 1202 1221 
1201 1203 1221 1405 
1201 1203 1405 1391 
1201 1203 1391 1202 
1203 1205 1204 1223 
1203 1205 1223 1407 
1203 1205 1407 1393 
1203 1205 1393 1204 
1205 1207 1206 1225 
1205 1207 1225 1409 
1205 1207 1409 1395 
1205 1207 1395 1206 
1207 1209 1208 1227 
1207 1209 1227 1410 
1210 1212 1211 1232 
1210 1212 1232 1411 
1212 1214 1213 1234 
1212 1214 1234 1413 
1212 1214 1413 1397 
1212 1214 1397 1213 
1214 1216 1215 1236 
1214 1216 1236 1415 
1214 1216 1415 1399 
1214 1216 1399 1215 
1216 1218 1217 1238 
1216 1218 1238 1417 
1216 1218 1417 1401 
1216 1218 1401 1217 
1218 1220 1219 1240 
1218 1220 1240 1419 
1218 1220 1419 1403 
1218 1220 1403 1219 
1220 1222 1221 1242 
1220 1222 1242 1421 
1220 1222 1421 1405 
1220 1222 1405 1221 
1222 1224 1223 1244 
1222 1224 1244 1423 
1222 1224 1423 1407 
1222 1224 1407 1223 
1224 1226 1225 1246 
1224 1226 1246 1425 
1224 1226 1425 1409 
1224 1226 1409 1225 
1226 1228 1227 1248 
1226 1228 1248 1427 
1226 1228 1410 1227 
1231 1233 1232 1253 
1231 1233 1253 1429 
1231 1233 1429 1411 
1231 1233 1411 1232 
1233 1235 1234 1255 
1233 1235 1255 1431 
1233 1235 1431 1413 
1233 1235 1413 1234 
1235 1237 1236 1257 
1235 1237 1257 1433 
1235 1237 1433 1415 
1235 1237 1415 1236 
1237 1239 1238 1259 
1237 1239 1259 1435 
1237 1239 1435 1417 
1237 1239 1417 1238 
1239 1241 1240 1261 
1239 1241 1261 1437 
1239 1241 1437 1419 
1239 1241 1419 1240 
1241 1243 1242 1263 
1241 1243 1263 1439 
1241 1243 1439 1421 
1241 1243 1421 1242 
1243 1245 1244 1265 
1243 1245 1265 1441 
1243 1245 1441 1423 
1243 1245 1423 1244 
1245 1247 1246 1267 
1245 1247 1267 1443 
1245 1247 1443 1425 
1245 1247 1425 1246 
1252 1254 1253 1276 
1252 1254 1276 1448 
1252 1254 1448 1429 
1252 1254 1429 1253 
1254 1256 1255 1278 
1254 1256 1278 1450 
1254 1256 1450 1431 
1254 1256 1431 1255 
1256 1258 1257 1280 
1256 1258 1280 1452 
1256 1258 1452 1433 
1256 1258 1433 1257 
1258 1260 1259 1282 
1258 1260 1282 1454 
1258 1260 1454 1435 
1258 1260 1435 1259 
1260 1262 1261 1284 
1260 1262 1284 1456 
1260 1262 1456 1437 
1260 1262 1437 1261 
1262 1264 1263 1286 
1262 1264 1286 1458 
1262 1264 1458 1439 
1262 1264 1439 1263 
1275 1277 1276 1299 
1275 1277 1299 1465 
1275 1277 1465 1448 
1275 1277 1448 1276 
1277 1279 1278 1301 
1277 1279 1301 1467 
1277 1279 1467 1450 
1277 1279 1450 1278 
1279 1281 1280 1303 
1279 1281 1303 1469 
1279 1281 1469 1452 
1279 1281 1452 1280 
1281 1283 1282 1305 
1281 1283 1305 1471 
1281 1283 1471 1454 
1281 1283 1454 1282 
1283 1285 1284 1307 
1283 1285 1473 1456 
1283 1285 1456 1284 
1298 1300 1299 1322 
1298 1300 1322 1484 
1298 1300 1484 1465 
1298 1300 1465 1299 
1300 1302 1301 1324 
1300 1302 1324 1486 
1300 1302 1486 1467 
1300 1302 1467 1301 
1302 1304 1303 1326 
1302 1304 1326 1488 
1302 1304 1488 1469 
1302 1304 1469 1303 
1321 1323 1322 1343 
1321 1323 1484 1322 
1323 1325 1503 1486 
1323 1325 1486 1324 
1375 1377 1376 1389 
1375 1377 1389 1542 
1375 1377 1542 1532 
1377 1379 1378 1391 
1377 1379 1391 1544 
1377 1379 1544 1534 
1377 1379 1534 1378 
1379 1381 1380 1393 
1379 1381 1393 1546 
1379 1381 1546 1536 
1379 1381 1536 1380 
1381 1383 1382 1395 
1381 1383 1395 1547 
1381 1383 1547 1538 
1381 1383 1538 1382 
1384 1386 1385 1399 
1384 1386 1399 1549 
1386 1388 1387 1401 
1386 1388 1401 1551 
1386 1388 1551 1540 
1386 1388 1540 1387 
1388 1390 1389 1403 
1388 1390 1403 1553 
1388 1390 1553 1542 
1388 1390 1542 1389 
1390 1392 1391 1405 
1390 1392 1405 1555 
1390 1392 1555 1544 
1390 1392 1544 1391 
1392 1394 1393 1407 
1392 1394 1407 1557 
1392 1394 1557 1546 
1392 1394 1546 1393 
1396 1398 1397 1413 
1396 1398 1413 1559 
1398 1400 1399 1415 
1398 1400 1415 1561 
1398 1400 1561 1549 
1398 1400 1549 1399 
1400 1402 1401 1417 
1400 1402 1417 1563 
1400 1402 1563 1551 
1400 1402 1551 1401 
1402 1404 1403 1419 
1402 1404 1419 1565 
1402 1404 1565 1553 
1402 1404 1553 1403 
1404 1406 1405 1421 
1404 1406 1421 1567 
1404 1406 1567 1555 
1404 1406 1555 1405 
1406 1408 1407 1423 
1406 1408 1423 1569 
1406 1408 1569 1557 
1406 1408 1557 1407 
1412 1414 1413 1431 
1412 1414 1431 1573 
1412 1414 1573 1559 
1412 1414 1559 1413 
1414 1416 1415 1433 
1414 1416 1433 1575 
1414 1416 1575 1561 
1414 1416 1561 1415 
1416 1418 1417 1435 
1416 1418 1435 1577 
1416 1418 1577 1563 
1416 1418 1563 1417 
1418 1420 1419 1437 
1418 1420 1437 1579 
1418 1420 1579 1565 
1418 1420 1565 1419 
1420 1422 1421 1439 
1420 1422 1439 1581 
1420 1422 1581 1567 
1420 1422 1567 1421 
1422 1424 1423 1441 
1422 1424 1441 1583 
1422 1424 1583 1569 
1422 1424 1569 1423 
1424 1426 1425 1443 
1424 1426 1443 1585 
1424 1426 1585 1571 
1424 1426 1571 1425 
1428 1430 1429 1448 
1428 1430 1448 1586 
1430 1432 1431 1450 
1430 1432 1450 1588 
1430 1432 1588 1573 
1430 1432 1573 1431 
1432 1434 1433 1452 
1432 1434 1452 1590 
1432 1434 1590 1575 
1432 1434 1575 1433 
1434 1436 1435 1454 
1434 1436 1454 1592 
1434 1436 1592 1577 
1434 1436 1577 1435 
1436 1438 1437 1456 
1436 1438 1456 1594 
1436 1438 1594 1579 
1436 1438 1579 1437 
1438 1440 1439 1458 
1438 1440 1458 1596 
1438 1440 1596 1581 
1438 1440 1581 1439 
1440 1442 1598 1583 
1440 1442 1583 1441 
1447 1449 1448 1465 
1447 1449 1465 1601 
1447 1449 1601 1586 
1447 1449 1586 1448 
1449 1451 1450 1467 
1449 1451 1467 1602 
1449 1451 1602 1588 
1449 1451 1588 1450 
1451 1453 1452 1469 
1451 1453 1469 1604 
1451 1453 1604 1590 
1451 1453 1590 1452 
1453 1455 1454 1471 
1453 1455 1471 1606 
1453 1455 1606 1592 
1453 1455 1592 1454 
1455 1457 1456 1473 
1455 1457 1473 1608 
1455 1457 1608 1594 
1455 1457 1594 1456 
1466 1468 1467 1486 
1466 1468 1486 1615 
1466 1468 1615 1602 
1466 1468 1602 1467 
1468 1470 1469 1488 
1468 1470 1488 1617 
1468 1470 1617 1604 
1468 1470 1604 1469 
1470 1472 1619 1606 
1470 1472 1606 1471 
1485 1487 1486 1503 
1485 1487 1615 1486 
1531 1533 1532 1542 
1531 1533 1542 1657 
1531 1533 1657 1651 
1531 1533 1651 1532 
1533 1535 1534 1544 
1533 1535 1544 1659 
1533 1535 1659 1653 
1533 1535 1653 1534 
1539 1541 1540 1551 
1539 1541 1551 1662 
1539 1541 1662 1655 
1539 1541 1655 1540 
1541 1543 1542 1553 
1541 1543 1553 1664 
1541 1543 1664 1657 
1541 1543 1657 1542 
1543 1545 1544 1555 
1543 1545 1555 1666 
1543 1545 1666 1659 
1543 1545 1659 1544 
1548 1550 1549 1561 
1548 1550 1561 1669 
1548 1550 1669 1660 
1548 1550 1660 1549 
1550 1552 1551 1563 
1550 1552 1563 1671 
1550 1552 1671 1662 
1550 1552 1662 1551 
1552 1554 1553 1565 
1552 1554 1565 1673 
1552 1554 1673 1664 
1552 1554 1664 1553 
1554 1556 1555 1567 
1554 1556 1567 1675 
1554 1556 1675 1666 
1554 1556 1666 1555 
1558 1560 1559 1573 
1558 1560 1573 1676 
1558 1560 1676 1667 
1558 1560 1667 1559 
1560 1562 1561 1575 
1560 1562 1575 1678 
1560 1562 1678 1669 
1560 1562 1669 1561 
1562 1564 1563 1577 
1562 1564 1577 1680 
1562 1564 1680 1671 
1562 1564 1671 1563 
1564 1566 1565 1579 
1564 1566 1579 1682 
1564 1566 1682 1673 
1564 1566 1673 1565 
1566 1568 1567 1581 
1566 1568 1581 1684 
1566 1568 1684 1675 
1566 1568 1675 1567 
1568 1570 1569 1583 
1568 1570 1583 1686 
1572 1574 1573 1588 
1572 1574 1588 1687 
1572 1574 1687 1676 
1572 1574 1676 1573 
1574 1576 1575 1590 
1574 1576 1590 1689 
1574 1576 1689 1678 
1574 1576 1678 1575 
1576 1578 1577 1592 
1576 1578 1592 1691 
1576 1578 1691 1680 
1576 1578 1680 1577 
1578 1580 1579 1594 
1578 1580 1594 1693 
1578 1580 1693 1682 
1578 1580 1682 1579 
1580 1582 1581 1596 
1580 1582 1596 1695 
1580 1582 1695 1684 
1580 1582 1684 1581 
1582 1584 1583 1598 
1582 1584 1598 1697 
1582 1584 1697 1686 
1582 1584 1686 1583 
1587 1589 1588 1602 
1587 1589 1602 1698 
1587 1589 1698 1687 
1587 1589 1687 1588 
1589 1591 1590 1604 
1589 1591 1604 1699 
1589 1591 1699 1689 
1589 1591 1689 1590 
1591 1593 1592 1606 
1591 1593 1606 1701 
1591 1593 1701 1691 
1591 1593 1691 1592 
1593 1595 1594 1608 
1593 1595 1608 1703 
1593 1595 1703 1693 
1593 1595 1693 1594 
1595 1597 1705 1695 
1595 1597 1695 1596 
1603 1605 1604 1617 
1603 1605 1617 1708 
1603 1605 1708 1699 
1603 1605 1699 1604 
1605 1607 1606 1619 
1605 1607 1619 1710 
1605 1607 1710 1701 
1605 1607 1701 1606 
1616 1618 1708 1617 
1650 1652 1651 1657 
1650 1652 1657 1732 
1654 1656 1655 1662 
1654 1656 1662 1735 
1654 1656 1735 1730 
1654 1656 1730 1655 
1656 1658 1657 1664 
1656 1658 1664 1737 
1656 1658 1737 1732 
1656 1658 1732 1657 
1661 1663 1662 1671 
1661 1663 1671 1741 
1661 1663 1741 1735 
1661 1663 1735 1662 
1663 1665 1664 1673 
1663 1665 1673 1743 
1663 1665 1743 1737 
1663 1665 1737 1664 
1668 1670 1669 1678 
1668 1670 1678 1744 
1668 1670 1744 1739 
1668 1670 1739 1669 
1670 1672 1671 1680 
1670 1672 1680 1746 
1670 1672 1746 1741 
1670 1672 1741 1671 
1672 1674 1673 1682 
1672 1674 1682 1748 
1672 1674 1748 1743 
1672 1674 1743 1673 
1677 1679 1678 1689 
1677 1679 1689 1750 
1677 1679 1750 1744 
1677 1679 1744 1678 
1679 1681 1680 1691 
1679 1681 1691 1752 
1679 1681 1752 1746 
1679 1681 1746 1680 
1681 1683 1682 1693 
1681 1683 1693 1754 
1681 1683 1754 1748 
1681 1683 1748 1682 
1683 1685 1684 1695 
1683 1685 1695 1756 
1688 1690 1689 1699 
1688 1690 1699 1757 
1688 1690 1757 1750 
1688 1690 1750 1689 
1690 1692 1691 1701 
1690 1692 1701 1759 
1690 1692 1759 1752 
1690 1692 1752 1691 
1692 1694 1693 1703 
1692 1694 1703 1761 
1692 1694 1761 1754 
1692 1694 1754 1693 
1694 1696 1695 1705 
1694 1696 1705 1763 
1694 1696 1763 1756 
1694 1696 1756 1695 
1700 1702 1701 1710 
1700 1702 1710 1764 
1700 1702 1764 1759 
1700 1702 1759 1701 
1729 1731 1730 1735 
1729 1731 1735 1774 
1734 1736 1735 1741 
1734 1736 1741 1777 
1734 1736 1774 1735 
1738 1740 1739 1744 
1738 1740 1744 1778 
1738 1740 1778 1775 
1738 1740 1775 1739 
1740 1742 1741 1746 
1740 1742 1746 1779 
1740 1742 1779 1777 
1740 1742 1777 1741 
1745 1747 1746 1752 
1745 1747 1752 1782 
1745 1747 1782 1779 
1745 1747 1779 1746 
1747 1749 1748 1754 
1747 1749 1754 1784 
1747 1749 1784 1781 
1747 1749 1781 1748 
1751 1753 1752 1759 
1751 1753 1759 1785 
1751 1753 1785 1782 
1751 1753 1782 1752 
1753 1755 1754 1761 
1753 1755 1761 1787 
1753 1755 1787 1784 
1753 1755 1784 1754 
1758 1760 1759 1764 
1758 1760 1764 1788 
1758 1760 1788 1785 
1758 1760 1785 1759 
1760 1762 1789 1787 
1760 1762 1787 1761 
6 9 55 57 
6 9 57 10 
7 11 10 57 
7 11 57 59 
7 11 59 12 
11 16 65 67 
11 16 67 17 
16 21 75 77 
16 21 77 22 
8 13 12 59 
8 13 59 61 
8 13 61 14 
8 13 14 12 
13 18 17 67 
13 18 67 69 
13 18 69 19 
13 18 19 17 
46 54 133 135 
46 54 135 55 
44 48 47 122 
44 48 122 124 
44 48 124 49 
44 48 49 47 
48 56 55 135 
48 56 135 137 
48 56 137 57 
48 56 57 55 
56 64 150 152 
56 64 152 65 
64 74 163 165 
64 74 165 75 
74 85 177 179 
74 85 179 86 
45 50 49 124 
45 50 124 126 
45 50 126 51 
45 50 51 49 
50 58 57 137 
50 58 137 139 
50 58 139 59 
50 58 59 57 
58 66 65 152 
58 66 152 154 
58 66 154 67 
58 66 67 65 
66 76 75 165 
66 76 165 167 
66 76 167 77 
66 76 77 75 
52 60 59 139 
52 60 139 141 
52 60 141 61 
52 60 61 59 
60 68 67 154 
60 68 154 156 
60 68 156 69 
60 68 69 67 
53 62 61 141 
53 62 141 143 
62 70 69 156 
62 70 156 158 
62 70 158 71 
62 70 71 69 
119 132 254 256 
119 132 256 133 
132 147 273 275 
132 147 275 148 
114 121 120 239 
114 121 239 241 
114 121 241 122 
114 121 122 120 
121 134 133 256 
121 134 256 258 
121 134 258 135 
121 134 135 133 
134 149 148 275 
134 149 275 277 
134 149 277 150 
134 149 150 148 
149 162 293 295 
149 162 295 163 
162 176 310 312 
162 176 312 177 
176 190 327 329 
176 190 329 191 
115 123 122 241 
115 123 241 243 
115 123 243 124 
115 123 124 122 
123 136 135 258 
123 136 258 260 
123 136 260 137 
123 136 137 135 
136 151 150 277 
136 151 277 279 
136 151 279 152 
136 151 152 150 
151 164 163 295 
151 164 295 297 
151 164 297 165 
151 164 165 163 
164 178 177 312 
164 178 312 314 
164 178 314 179 
164 178 179 177 
116 125 124 243 
116 125 243 245 
116 125 245 126 
116 125 126 124 
125 138 137 260 
125 138 260 262 
125 138 262 139 
125 138 139 137 
138 153 152 279 
138 153 279 281 
138 153 281 154 
138 153 154 152 
153 166 165 297 
153 166 297 299 
153 166 299 167 
153 166 167 165 
117 127 126 245 
117 127 245 247 
117 127 247 128 
117 127 128 126 
127 140 139 262 
127 140 262 264 
127 140 264 141 
127 140 141 139 
140 155 154 281 
140 155 281 283 
140 155 283 156 
140 155 156 154 
155 168 167 299 
155 168 299 301 
155 168 301 169 
155 168 169 167 
118 129 128 247 
118 129 247 249 
118 129 249 130 
118 129 130 128 
129 142 141 264 
129 142 264 266 
129 142 266 143 
129 142 143 141 
142 157 156 283 
142 157 283 285 
142 157 285 158 
142 157 158 156 
131 144 143 266 
131 144 266 268 
131 144 268 145 
131 144 145 143 
236 253 412 414 
236 253 414 254 
253 272 435 437 
253 272 437 273 
226 238 237 394 
226 238 394 396 
226 238 396 239 
226 238 239 237 
238 255 254 414 
238 255 414 416 
238 255 416 256 
238 255 256 254 
255 274 273 437 
255 274 437 439 
255 274 439 275 
255 274 275 273 
274 292 460 462 
274 292 462 293 
292 309 482 484 
292 309 484 310 
309 326 503 505 
309 326 505 327 
326 343 523 525 
326 343 525 344 
227 240 239 396 
227 240 396 398 
227 240 398 241 
227 240 241 239 
240 257 256 416 
240 257 416 418 
240 257 418 258 
240 257 258 256 
257 276 275 439 
257 276 439 441 
257 276 441 277 
257 276 277 275 
276 294 293 462 
276 294 462 464 
276 294 464 295 
276 294 295 293 
294 311 310 484 
294 311 484 486 
294 311 486 312 
294 311 312 310 
311 328 327 505 
311 328 505 507 
311 328 507 329 
311 328 329 327 
229 242 241 398 
229 242 398 400 
229 242 400 243 
229 242 243 241 
242 259 258 418 
242 259 418 420 
242 259 420 260 
242 259 260 258 
259 278 277 441 
259 278 441 443 
259 278 443 279 
259 278 279 277 
278 296 295 464 
278 296 464 466 
278 296 466 297 
278 296 297 295 
296 313 312 486 
296 313 486 488 
296 313 488 314 
296 313 314 312 
225 231 230 384 
225 231 384 386 
225 231 386 232 
225 231 232 230 
231 244 243 400 
231 244 400 402 
231 244 402 245 
231 244 245 243 
244 261 260 420 
244 261 420 422 
244 261 422 262 
244 261 262 260 
261 280 279 443 
261 280 443 445 
261 280 445 281 
261 280 281 279 
280 298 297 466 
280 298 466 468 
280 298 468 299 
280 298 299 297 
298 315 314 488 
298 315 488 490 
298 315 490 316 
298 315 316 314 
233 246 245 402 
233 246 402 404 
233 246 404 247 
233 246 247 245 
246 263 262 422 
246 263 422 424 
246 263 424 264 
246 263 264 262 
263 282 281 445 
263 282 445 447 
263 282 447 283 
263 282 283 281 
282 300 299 468 
282 300 468 470 
282 300 470 301 
282 300 301 299 
234 248 247 404 
234 248 404 406 
234 248 406 249 
234 248 249 247 
248 265 264 424 
248 265 424 426 
248 265 426 266 
248 265 266 264 
265 284 283 447 
265 284 447 449 
265 284 449 285 
265 284 285 283 
235 250 249 406 
235 250 406 408 
235 250 408 251 
235 250 251 249 
250 267 266 426 
250 267 426 428 
250 267 428 268 
250 267 268 266 
267 286 285 449 
267 286 449 451 
267 286 451 287 
267 286 287 285 
252 269 268 428 
252 269 428 430 
252 269 430 270 
252 269 270 268 
393 413 603 414 
393 413 414 412 
413 436 435 625 
413 436 625 627 
413 436 627 437 
413 436 437 435 
436 459 458 650 
436 459 650 652 
436 459 652 460 
436 459 460 458 
459 481 480 675 
459 481 675 677 
459 481 677 482 
459 481 482 480 
481 502 700 702 
481 502 702 503 
502 522 723 725 
502 522 725 523 
395 415 414 603 
395 415 603 605 
395 415 605 416 
395 415 416 414 
415 438 437 627 
415 438 627 629 
415 438 629 439 
415 438 439 437 
438 461 460 652 
438 461 652 654 
438 461 654 462 
438 461 462 460 
461 483 482 677 
461 483 677 679 
461 483 679 484 
461 483 484 482 
483 504 503 702 
483 504 702 704 
483 504 704 505 
483 504 505 503 
504 524 523 725 
504 524 725 727 
504 524 727 525 
504 524 525 523 
381 397 396 584 
381 397 584 586 
381 397 586 398 
381 397 398 396 
397 417 416 605 
397 417 605 607 
397 417 607 418 
397 417 418 416 
417 440 439 629 
417 440 629 631 
417 440 631 441 
417 440 441 439 
440 463 462 654 
440 463 654 656 
440 463 656 464 
440 463 464 462 
463 485 484 679 
463 485 679 681 
463 485 681 486 
463 485 486 484 
485 506 505 704 
485 506 704 706 
485 506 706 507 
485 506 507 505 
383 399 398 586 
383 399 586 588 
383 399 588 400 
383 399 400 398 
399 419 418 607 
399 419 607 609 
399 419 609 420 
399 419 420 418 
419 442 441 631 
419 442 631 633 
419 442 633 443 
419 442 443 441 
442 465 464 656 
442 465 656 658 
442 465 658 466 
442 465 466 464 
465 487 486 681 
465 487 681 683 
465 487 683 488 
465 487 488 486 
385 401 400 588 
385 401 588 590 
385 401 590 402 
385 401 402 400 
401 421 420 609 
401 421 609 611 
401 421 611 422 
401 421 422 420 
421 444 443 633 
421 444 633 635 
421 444 635 445 
421 444 445 443 
444 467 466 658 
444 467 658 660 
444 467 660 468 
444 467 468 466 
467 489 488 683 
467 489 683 685 
467 489 685 490 
467 489 490 488 
379 387 386 574 
379 387 574 576 
379 387 576 388 
379 387 388 386 
387 403 402 590 
387 403 590 592 
387 403 592 404 
387 403 404 402 
403 423 422 611 
403 423 611 613 
403 423 613 424 
403 423 424 422 
423 446 445 635 
423 446 635 637 
423 446 637 447 
423 446 447 445 
446 469 468 660 
446 469 660 662 
446 469 662 470 
446 469 470 468 
380 389 388 576 
380 389 576 578 
380 389 578 390 
380 389 390 388 
389 405 404 592 
389 405 592 594 
389 405 594 406 
389 405 406 404 
405 425 424 613 
405 425 613 615 
405 425 615 426 
405 425 426 424 
425 448 447 637 
425 448 637 639 
425 448 639 449 
425 448 449 447 
391 407 406 594 
391 407 594 596 
391 407 596 408 
391 407 408 406 
407 427 426 615 
407 427 615 617 
407 427 617 428 
407 427 428 426 
427 450 449 639 
427 450 639 641 
427 450 641 451 
427 450 451 449 
392 409 408 596 
392 409 596 598 
392 409 598 410 
392 409 410 408 
409 429 428 617 
409 429 617 619 
409 429 619 430 
409 429 430 428 
411 431 430 619 
411 431 619 621 
411 431 621 432 
411 431 432 430 
602 626 837 627 
602 626 627 625 
626 651 650 861 
626 651 861 863 
626 651 863 652 
626 651 652 650 
651 676 675 887 
651 676 887 889 
651 676 889 677 
651 676 677 675 
676 701 700 911 
676 701 911 913 
676 701 913 702 
676 701 702 700 
701 724 723 934 
701 724 934 935 
701 724 935 725 
701 724 725 723 
583 604 603 812 
583 604 812 814 
583 604 814 605 
583 604 605 603 
604 628 627 837 
604 628 837 839 
604 628 839 629 
604 628 629 627 
628 653 652 863 
628 653 863 865 
628 653 865 654 
628 653 654 652 
653 678 677 889 
653 678 889 891 
653 678 891 679 
653 678 679 677 
678 703 702 913 
678 703 913 915 
678 703 915 704 
678 703 704 702 
703 726 725 935 
703 726 935 937 
703 726 937 727 
703 726 727 725 
569 585 584 791 
569 585 791 793 
569 585 793 586 
569 585 586 584 
585 606 605 814 
585 606 814 816 
585 606 816 607 
585 606 607 605 
606 630 629 839 
606 630 839 841 
606 630 841 631 
606 630 631 629 
630 655 654 865 
630 655 865 867 
630 655 867 656 
630 655 656 654 
655 680 679 891 
655 680 891 893 
655 680 893 681 
655 680 681 679 
680 705 704 915 
680 705 915 917 
680 705 917 706 
680 705 706 704 
571 587 586 793 
571 587 793 795 
571 587 795 588 
571 587 588 586 
587 608 607 816 
587 608 816 818 
587 608 818 609 
587 608 609 607 
608 632 631 841 
608 632 841 843 
608 632 843 633 
608 632 633 631 
632 657 656 867 
632 657 867 869 
632 657 869 658 
632 657 658 656 
657 682 681 893 
657 682 893 895 
657 682 895 683 
657 682 683 681 
682 707 706 917 
682 707 917 919 
682 707 919 708 
682 707 708 706 
565 573 572 775 
565 573 775 777 
565 573 777 574 
565 573 574 572 
573 589 588 795 
573 589 795 797 
573 589 797 590 
573 589 590 588 
589 610 609 818 
589 610 818 820 
589 610 820 611 
589 610 611 609 
610 634 633 843 
610 634 843 845 
610 634 845 635 
610 634 635 633 
634 659 658 869 
634 659 869 871 
634 659 871 660 
634 659 660 658 
659 684 683 895 
659 684 895 897 
659 684 897 685 
659 684 685 683 
566 575 574 777 
566 575 777 779 
566 575 779 576 
566 575 576 574 
575 591 590 797 
575 591 797 799 
575 591 799 592 
575 591 592 590 
591 612 611 820 
591 612 820 822 
591 612 822 613 
591 612 613 611 
612 636 635 845 
612 636 845 847 
612 636 847 637 
612 636 637 635 
636 661 660 871 
636 661 871 873 
636 661 873 662 
636 661 662 660 
567 577 576 779 
567 577 779 781 
567 577 781 578 
567 577 578 576 
577 593 592 799 
577 593 799 801 
577 593 801 594 
577 593 594 592 
593 614 613 822 
593 614 822 824 
593 614 824 615 
593 614 615 613 
614 638 637 847 
614 638 847 849 
614 638 849 639 
614 638 639 637 
638 663 662 873 
638 663 873 875 
638 663 875 664 
638 663 664 662 
568 579 578 781 
568 579 781 783 
568 579 783 580 
568 579 580 578 
579 595 594 801 
579 595 801 803 
579 595 803 596 
579 595 596 594 
595 616 615 824 
595 616 824 826 
595 616 826 617 
595 616 617 615 
616 640 639 849 
616 640 849 851 
616 640 851 641 
616 640 641 639 
581 597 596 803 
581 597 803 805 
581 597 805 598 
581 597 598 596 
597 618 617 826 
597 618 826 828 
597 618 828 619 
597 618 619 617 
582 599 598 805 
582 599 805 807 
582 599 807 600 
582 599 600 598 
599 620 619 828 
599 620 828 830 
599 620 830 621 
599 620 621 619 
836 862 1072 863 
836 862 863 861 
862 888 1098 889 
862 888 889 887 
888 912 1123 913 
888 912 913 911 
790 813 1023 814 
790 813 814 812 
813 838 837 1046 
813 838 1046 1048 
813 838 1048 839 
813 838 839 837 
838 864 863 1072 
838 864 1072 1074 
838 864 1074 865 
838 864 865 863 
864 890 889 1098 
864 890 1098 1100 
864 890 1100 891 
864 890 891 889 
890 914 913 1123 
890 914 1123 1125 
890 914 1125 915 
890 914 915 913 
914 936 1147 937 
914 936 937 935 
792 815 814 1023 
792 815 1023 1025 
792 815 1025 816 
792 815 816 814 
815 840 839 1048 
815 840 1048 1050 
815 840 1050 841 
815 840 841 839 
840 866 865 1074 
840 866 1074 1076 
840 866 1076 867 
840 866 867 865 
866 892 891 1100 
866 892 1100 1102 
866 892 1102 893 
866 892 893 891 
892 916 915 1125 
892 916 1125 1127 
892 916 1127 917 
892 916 917 915 
916 938 937 1147 
916 938 1147 1149 
916 938 1149 939 
916 938 939 937 
774 794 793 1002 
774 794 1002 1004 
774 794 1004 795 
774 794 795 793 
794 817 816 1025 
794 817 1025 1027 
794 817 1027 818 
794 817 818 816 
817 842 841 1050 
817 842 1050 1052 
817 842 1052 843 
817 842 843 841 
842 868 867 1076 
842 868 1076 1078 
842 868 1078 869 
842 868 869 867 
868 894 893 1102 
868 894 1102 1104 
868 894 1104 895 
868 894 895 893 
894 918 917 1127 
894 918 1127 1129 
894 918 1129 919 
894 918 919 917 
768 776 775 985 
768 776 985 987 
768 776 987 777 
768 776 777 775 
776 796 795 1004 
776 796 1004 1006 
776 796 1006 797 
776 796 797 795 
796 819 818 1027 
796 819 1027 1029 
796 819 1029 820 
796 819 820 818 
819 844 843 1052 
819 844 1052 1054 
819 844 1054 845 
819 844 845 843 
844 870 869 1078 
844 870 1078 1080 
844 870 1080 871 
844 870 871 869 
870 896 895 1104 
870 896 1104 1106 
870 896 1106 897 
870 896 897 895 
769 778 777 987 
769 778 987 989 
769 778 989 779 
769 778 779 777 
778 798 797 1006 
778 798 1006 1008 
778 798 1008 799 
778 798 799 797 
798 821 820 1029 
798 821 1029 1031 
798 821 1031 822 
798 821 822 820 
821 846 845 1054 
821 846 1054 1056 
821 846 1056 847 
821 846 847 845 
846 872 871 1080 
846 872 1080 1082 
846 872 1082 873 
846 872 873 871 
872 898 897 1106 
872 898 1106 1108 
872 898 1108 899 
872 898 899 897 
770 780 779 989 
770 780 989 991 
770 780 991 781 
770 780 781 779 
780 800 799 1008 
780 800 1008 1010 
780 800 1010 801 
780 800 801 799 
800 823 822 1031 
800 823 1031 1033 
800 823 1033 824 
800 823 824 822 
823 848 847 1056 
823 848 1056 1058 
823 848 1058 849 
823 848 849 847 
848 874 873 1082 
848 874 1082 1084 
848 874 1084 875 
848 874 875 873 
771 782 781 991 
771 782 991 993 
771 782 993 783 
771 782 783 781 
782 802 801 1010 
782 802 1010 1012 
782 802 1012 803 
782 802 803 801 
802 825 824 1033 
802 825 1033 1035 
802 825 1035 826 
802 825 826 824 
825 850 849 1058 
825 850 1058 1060 
825 850 1060 851 
825 850 851 849 
772 784 783 993 
772 784 993 995 
772 784 995 785 
772 784 785 783 
784 804 803 1012 
784 804 1012 1014 
784 804 1014 805 
784 804 805 803 
804 827 826 1035 
804 827 1035 1037 
804 827 1037 828 
804 827 828 826 
827 852 851 1060 
827 852 1060 1062 
827 852 1062 853 
827 852 853 851 
773 786 785 995 
773 786 995 997 
773 786 997 787 
773 786 787 785 
786 806 805 1014 
786 806 1014 1016 
786 806 1016 807 
786 806 807 805 
806 829 828 1037 
806 829 1037 1039 
806 829 1039 830 
806 829 830 828 
788 808 807 1016 
788 808 1016 1018 
788 808 1018 809 
788 808 809 807 
789 810 809 1018 
789 810 1018 1020 
1022 1047 1251 1048 
1022 1047 1048 1046 
1047 1073 1274 1074 
1047 1073 1074 1072 
1073 1099 1297 1100 
1073 1099 1100 1098 
1099 1124 1320 1125 
1099 1124 1125 1123 
1001 1024 1230 1232 
1001 1024 1232 1025 
1001 1024 1025 1023 
1024 1049 1048 1251 
1024 1049 1251 1253 
1024 1049 1253 1050 
1024 1049 1050 1048 
1049 1075 1074 1274 
1049 1075 1274 1276 
1049 1075 1276 1076 
1049 1075 1076 1074 
1075 1101 1100 1297 
1075 1101 1297 1299 
1075 1101 1299 1102 
1075 1101 1102 1100 
1101 1126 1125 1320 
1101 1126 1320 1322 
1101 1126 1322 1127 
1101 1126 1127 1125 
1126 1148 1343 1149 
1126 1148 1149 1147 
984 1003 1002 1211 
984 1003 1211 1213 
984 1003 1213 1004 
984 1003 1004 1002 
1003 1026 1025 1232 
1003 1026 1232 1234 
1003 1026 1234 1027 
1003 1026 1027 1025 
1026 1051 1050 1253 
1026 1051 1253 1255 
1026 1051 1255 1052 
1026 1051 1052 1050 
1051 1077 1076 1276 
1051 1077 1276 1278 
1051 1077 1278 1078 
1051 1077 1078 1076 
1077 1103 1102 1299 
1077 1103 1299 1301 
1077 1103 1301 1104 
1077 1103 1104 1102 
1103 1128 1127 1322 
1103 1128 1322 1324 
1103 1128 1324 1129 
1103 1128 1129 1127 
986 1005 1004 1213 
986 1005 1213 1215 
986 1005 1215 1006 
986 1005 1006 1004 
1005 1028 1027 1234 
1005 1028 1234 1236 
1005 1028 1236 1029 
1005 1028 1029 1027 
1028 1053 1052 1255 
1028 1053 1255 1257 
1028 1053 1257 1054 
1028 1053 1054 1052 
1053 1079 1078 1278 
1053 1079 1278 1280 
1053 1079 1280 1080 
1053 1079 1080 1078 
1079 1105 1104 1301 
1079 1105 1301 1303 
1079 1105 1303 1106 
1079 1105 1106 1104 
1105 1130 1129 1324 
1105 1130 1324 1326 
1105 1130 1326 1131 
1105 1130 1131 1129 
976 988 987 1196 
976 988 1196 1198 
976 988 1198 989 
976 988 989 987 
988 1007 1006 1215 
988 1007 1215 1217 
988 1007 1217 1008 
988 1007 1008 1006 
1007 1030 1029 1236 
1007 1030 1236 1238 
1007 1030 1238 1031 
1007 1030 1031 1029 
1030 1055 1054 1257 
1030 1055 1257 1259 
1030 1055 1259 1056 
1030 1055 1056 1054 
1055 1081 1080 1280 
1055 1081 1280 1282 
1055 1081 1282 1082 
1055 1081 1082 1080 
1081 1107 1106 1303 
1081 1107 1303 1305 
1081 1107 1305 1108 
1081 1107 1108 1106 
977 990 989 1198 
977 990 1198 1200 
977 990 1200 991 
977 990 991 989 
990 1009 1008 1217 
990 1009 1217 1219 
990 1009 1219 1010 
990 1009 1010 1008 
1009 1032 1031 1238 
1009 1032 1238 1240 
1009 1032 1240 1033 
1009 1032 1033 1031 
1032 1057 1056 1259 
1032 1057 1259 1261 
1032 1057 1261 1058 
1032 1057 1058 1056 
1057 1083 1082 1282 
1057 1083 1282 1284 
1057 1083 1284 1084 
1057 1083 1084 1082 
979 992 991 1200 
979 992 1200 1202 
979 992 1202 993 
979 992 993 991 
992 1011 1010 1219 
992 1011 1219 1221 
992 1011 1221 1012 
992 1011 1012 1010 
1011 1034 1033 1240 
1011 1034 1240 1242 
1011 1034 1242 1035 
1011 1034 1035 1033 
1034 1059 1058 1261 
1034 1059 1261 1263 
1034 1059 1263 1060 
1034 1059 1060 1058 
1059 1085 1084 1284 
1059 1085 1284 1286 
1059 1085 1286 1086 
1059 1085 1086 1084 
981 994 993 1202 
981 994 1202 1204 
981 994 1204 995 
981 994 995 993 
994 1013 1012 1221 
994 1013 1221 1223 
994 1013 1223 1014 
994 1013 1014 1012 
1013 1036 1035 1242 
1013 1036 1242 1244 
1013 1036 1244 1037 
1013 1036 1037 1035 
1036 1061 1060 1263 
1036 1061 1263 1265 
1036 1061 1265 1062 
1036 1061 1062 1060 
982 996 995 1204 
982 996 1204 1206 
982 996 1206 997 
982 996 997 995 
996 1015 1014 1223 
996 1015 1223 1225 
996 1015 1225 1016 
996 1015 1016 1014 
1015 1038 1037 1244 
1015 1038 1244 1246 
1015 1038 1246 1039 
1015 1038 1039 1037 
983 998 997 1206 
983 998 1206 1208 
983 998 1208 999 
983 998 999 997 
998 1017 1016 1225 
998 1017 1225 1227 
998 1017 1227 1018 
998 1017 1018 1016 
1017 1040 1039 1246 
1017 1040 1246 1248 
1017 1040 1248 1041 
1017 1040 1041 1039 
1000 1019 1018 1227 
1000 1019 1227 1229 
1000 1019 1229 1020 
1000 1019 1020 1018 
1210 1231 1411 1232 
1210 1231 1232 1230 
1231 1252 1429 1253 
1231 1252 1253 1251 
1252 1275 1446 1448 
1252 1275 1448 1276 
1252 1275 1276 1274 
1275 1298 1465 1299 
1275 1298 1299 1297 
1298 1321 1484 1322 
1298 1321 1322 1320 
1212 1233 1232 1411 
1212 1233 1411 1413 
1212 1233 1413 1234 
1212 1233 1234 1232 
1233 1254 1253 1429 
1233 1254 1429 1431 
1233 1254 1431 1255 
1233 1254 1255 1253 
1254 1277 1276 1448 
1254 1277 1448 1450 
1254 1277 1450 1278 
1254 1277 1278 1276 
1277 1300 1299 1465 
1277 1300 1465 1467 
1277 1300 1467 1301 
1277 1300 1301 1299 
1300 1323 1322 1484 
1300 1323 1484 1486 
1300 1323 1486 1324 
1300 1323 1324 1322 
1195 1214 1213 1397 
1195 1214 1397 1399 
1195 1214 1399 1215 
1195 1214 1215 1213 
1214 1235 1234 1413 
1214 1235 1413 1415 
1214 1235 1415 1236 
1214 1235 1236 1234 
1235 1256 1255 1431 
1235 1256 1431 1433 
1235 1256 1433 1257 
1235 1256 1257 1255 
1256 1279 1278 1450 
1256 1279 1450 1452 
1256 1279 1452 1280 
1256 1279 1280 1278 
1279 1302 1301 1467 
1279 1302 1467 1469 
1279 1302 1469 1303 
1279 1302 1303 1301 
1302 1325 1324 1486 
1302 1325 1486 1488 
1302 1325 1488 1326 
1302 1325 1326 1324 
1184 1197 1196 1385 
1184 1197 1385 1387 
1184 1197 1387 1198 
1184 1197 1198 1196 
1197 1216 1215 1399 
1197 1216 1399 1401 
1197 1216 1401 1217 
1197 1216 1217 1215 
1216 1237 1236 1415 
1216 1237 1415 1417 
1216 1237 1417 1238 
1216 1237 1238 1236 
1237 1258 1257 1433 
1237 1258 1433 1435 
1237 1258 1435 1259 
1237 1258 1259 1257 
1258 1281 1280 1452 
1258 1281 1452 1454 
1258 1281 1454 1282 
1258 1281 1282 1280 
1281 1304 1303 1469 
1281 1304 1469 1471 
1281 1304 1471 1305 
1281 1304 1305 1303 
1186 1199 1198 1387 
1186 1199 1387 1389 
1186 1199 1389 1200 
1186 1199 1200 1198 
1199 1218 1217 1401 
1199 1218 1401 1403 
1199 1218 1403 1219 
1199 1218 1219 1217 
1218 1239 1238 1417 
1218 1239 1417 1419 
1218 1239 1419 1240 
1218 1239 1240 1238 
1239 1260 1259 1435 
1239 1260 1435 1437 
1239 1260 1437 1261 
1239 1260 1261 1259 
1260 1283 1282 1454 
1260 1283 1454 1456 
1260 1283 1456 1284 
1260 1283 1284 1282 
1188 1201 1200 1389 
1188 1201 1389 1391 
1188 1201 1391 1202 
1188 1201 1202 1200 
1201 1220 1219 1403 
1201 1220 1403 1405 
1201 1220 1405 1221 
1201 1220 1221 1219 
1220 1241 1240 1419 
1220 1241 1419 1421 
1220 1241 1421 1242 
1220 1241 1242 1240 
1241 1262 1261 1437 
1241 1262 1437 1439 
1241 1262 1439 1263 
1241 1262 1263 1261 
1262 1285 1284 1456 
1262 1285 1456 1458 
1262 1285 1458 1286 
1262 1285 1286 1284 
1182 1190 1189 1378 
1182 1190 1378 1380 
1182 1190 1380 1191 
1182 1190 1191 1189 
1190 1203 1202 1391 
1190 1203 1391 1393 
1190 1203 1393 1204 
1190 1203 1204 1202 
1203 1222 1221 1405 
1203 1222 1405 1407 
1203 1222 1407 1223 
1203 1222 1223 1221 
1222 1243 1242 1421 
1222 1243 1421 1423 
1222 1243 1423 1244 
1222 1243 1244 1242 
1243 1264 1263 1439 
1243 1264 1439 1441 
1243 1264 1441 1265 
1243 1264 1265 1263 
1183 1192 1191 1380 
1183 1192 1380 1382 
1183 1192 1382 1193 
1183 1192 1193 1191 
1192 1205 1204 1393 
1192 1205 1393 1395 
1192 1205 1395 1206 
1192 1205 1206 1204 
1205 1224 1223 1407 
1205 1224 1407 1409 
1205 1224 1409 1225 
1205 1224 1225 1223 
1224 1245 1244 1423 
1224 1245 1423 1425 
1224 1245 1425 1246 
1224 1245 1246 1244 
1245 1266 1265 1441 
1245 1266 1441 1443 
1245 1266 1443 1267 
1245 1266 1267 1265 
1194 1207 1206 1395 
1194 1207 1208 1206 
1207 1226 1225 1409 
1207 1226 1410 1227 
1207 1226 1227 1225 
1226 1247 1246 1425 
1226 1247 1425 1427 
1226 1247 1427 1248 
1226 1247 1248 1246 
1209 1228 1227 1410 
1209 1228 1229 1227 
1428 1447 1586 1448 
1428 1447 1448 1446 
1396 1412 1559 1413 
1396 1412 1413 1411 
1412 1430 1573 1431 
1412 1430 1431 1429 
1430 1449 1448 1586 
1430 1449 1586 1588 
1430 1449 1588 1450 
1430 1449 1450 1448 
1449 1466 1465 1601 
1449 1466 1601 1602 
1449 1466 1602 1467 
1449 1466 1467 1465 
1466 1485 1615 1486 
1466 1485 1486 1484 
1384 1398 1549 1399 
1384 1398 1399 1397 
1398 1414 1413 1559 
1398 1414 1559 1561 
1398 1414 1561 1415 
1398 1414 1415 1413 
1414 1432 1431 1573 
1414 1432 1573 1575 
1414 1432 1575 1433 
1414 1432 1433 1431 
1432 1451 1450 1588 
1432 1451 1588 1590 
1432 1451 1590 1452 
1432 1451 1452 1450 
1451 1468 1467 1602 
1451 1468 1602 1604 
1451 1468 1604 1469 
1451 1468 1469 1467 
1468 1487 1486 1615 
1468 1487 1615 1617 
1468 1487 1617 1488 
1468 1487 1488 1486 
1386 1400 1399 1549 
1386 1400 1549 1551 
1386 1400 1551 1401 
1386 1400 1401 1399 
1400 1416 1415 1561 
1400 1416 1561 1563 
1400 1416 1563 1417 
1400 1416 1417 1415 
1416 1434 1433 1575 
1416 1434 1575 1577 
1416 1434 1577 1435 
1416 1434 1435 1433 
1434 1453 1452 1590 
1434 1453 1590 1592 
1434 1453 1592 1454 
1434 1453 1454 1452 
1453 1470 1469 1604 
1453 1470 1604 1606 
1453 1470 1606 1471 
1453 1470 1471 1469 
1375 1388 1387 1540 
1375 1388 1540 1542 
1375 1388 1542 1389 
1375 1388 1389 1387 
1388 1402 1401 1551 
1388 1402 1551 1553 
1388 1402 1553 1403 
1388 1402 1403 1401 
1402 1418 1417 1563 
1402 1418 1563 1565 
1402 1418 1565 1419 
1402 1418 1419 1417 
1418 1436 1435 1577 
1418 1436 1577 1579 
1418 1436 1579 1437 
1418 1436 1437 1435 
1436 1455 1454 1592 
1436 1455 1592 1594 
1436 1455 1594 1456 
1436 1455 1456 1454 
1455 1472 1471 1606 
1455 1472 1606 1608 
1455 1472 1608 1473 
1455 1472 1473 1471 
1377 1390 1389 1542 
1377 1390 1542 1544 
1377 1390 1544 1391 
1377 1390 1391 1389 
1390 1404 1403 1553 
1390 1404 1553 1555 
1390 1404 1555 1405 
1390 1404 1405 1403 
1404 1420 1419 1565 
1404 1420 1565 1567 
1404 1420 1567 1421 
1404 1420 1421 1419 
1420 1438 1437 1579 
1420 1438 1579 1581 
1420 1438 1581 1439 
1420 1438 1439 1437 
1438 1457 1456 1594 
1438 1457 1594 1596 
1438 1457 1596 1458 
1438 1457 1458 1456 
1373 1379 1378 1534 
1373 1379 1534 1536 
1373 1379 1536 1380 
1373 1379 1380 1378 
1379 1392 1391 1544 
1379 1392 1544 1546 
1379 1392 1546 1393 
1379 1392 1393 1391 
1392 1406 1405 1555 
1392 1406 1555 1557 
1392 1406 1557 1407 
1392 1406 1407 1405 
1406 1422 1421 1567 
1406 1422 1567 1569 
1406 1422 1569 1423 
1406 1422 1423 1421 
1422 1440 1439 1581 
1422 1440 1581 1583 
1422 1440 1583 1441 
1422 1440 1441 1439 
1374 1381 1380 1536 
1374 1381 1536 1538 
1374 1381 1538 1382 
1374 1381 1382 1380 
1381 1394 1393 1546 
1381 1394 1546 1547 
1381 1394 1547 1395 
1381 1394 1395 1393 
1394 1408 1407 1557 
1394 1408 1409 1407 
1408 1424 1423 1569 
1408 1424 1569 1571 
1408 1424 1571 1425 
1408 1424 1425 1423 
1424 1442 1441 1583 
1424 1442 1583 1585 
1424 1442 1585 1443 
1424 1442 1443 1441 
1548 1560 1559 1667 
1548 1560 1667 1669 
1548 1560 1669 1561 
1548 1560 1561 1559 
1560 1574 1573 1676 
1560 1574 1676 1678 
1560 1574 1678 1575 
1560 1574 1575 1573 
1574 1589 1588 1687 
1574 1589 1687 1689 
1574 1589 1689 1590 
1574 1589 1590 1588 
1589 1603 1602 1698 
1589 1603 1698 1699 
1589 1603 1699 1604 
1589 1603 1604 1602 
1603 1616 1708 1617 
1603 1616 1617 1615 
1539 1550 1549 1660 
1539 1550 1660 1662 
1539 1550 1662 1551 
1539 1550 1551 1549 
1550 1562 1561 1669 
1550 1562 1669 1671 
1550 1562 1671 1563 
1550 1562 1563 1561 
1562 1576 1575 1678 
1562 1576 1678 1680 
1562 1576 1680 1577 
1562 1576 1577 1575 
1576 1591 1590 1689 
1576 1591 1689 1691 
1576 1591 1691 1592 
1576 1591 1592 1590 
1591 1605 1604 1699 
1591 1605 1699 1701 
1591 1605 1701 1606 
1591 1605 1606 1604 
1605 1618 1617 1708 
1605 1618 1708 1710 
1605 1618 1710 1619 
1605 1618 1619 1617 
1531 1541 1540 1655 
1531 1541 1655 1657 
1531 1541 1657 1542 
1531 1541 1542 1540 
1541 1552 1551 1662 
1541 1552 1662 1664 
1541 1552 1664 1553 
1541 1552 1553 1551 
1552 1564 1563 1671 
1552 1564 1671 1673 
1552 1564 1673 1565 
1552 1564 1565 1563 
1564 1578 1577 1680 
1564 1578 1680 1682 
1564 1578 1682 1579 
1564 1578 1579 1577 
1578 1593 1592 1691 
1578 1593 1691 1693 
1578 1593 1693 1594 
1578 1593 1594 1592 
1593 1607 1606 1701 
1593 1607 1701 1703 
1593 1607 1703 1608 
1593 1607 1608 1606 
1530 1533 1532 1651 
1530 1533 1651 1653 
1530 1533 1653 1534 
1530 1533 1534 1532 
1533 1543 1542 1657 
1533 1543 1657 1659 
1533 1543 1659 1544 
1533 1543 1544 1542 
1543 1554 1553 1664 
1543 1554 1664 1666 
1543 1554 1666 1555 
1543 1554 1555 1553 
1554 1566 1565 1673 
1554 1566 1673 1675 
1554 1566 1675 1567 
1554 1566 1567 1565 
1566 1580 1579 1682 
1566 1580 1682 1684 
1566 1580 1684 1581 
1566 1580 1581 1579 
1580 1595 1594 1693 
1580 1595 1693 1695 
1580 1595 1695 1596 
1580 1595 1596 1594 
1535 1545 1544 1659 
1535 1545 1546 1544 
1545 1556 1555 1666 
1545 1556 1557 1555 
1556 1568 1567 1675 
1556 1568 1569 1567 
1568 1582 1581 1684 
1568 1582 1684 1686 
1568 1582 1686 1583 
1568 1582 1583 1581 
1582 1597 1596 1695 
1582 1597 1695 1697 
1582 1597 1697 1598 
1582 1597 1598 1596 
1570 1584 1583 1686 
1570 1584 1585 1583 
1668 1677 1744 1678 
1668 1677 1678 1676 
1677 1688 1750 1689 
1677 1688 1689 1687 
1654 1661 1733 1735 
1654 1661 1735 1662 
1654 1661 1662 1660 
1661 1670 1669 1739 
1661 1670 1739 1741 
1661 1670 1741 1671 
1661 1670 1671 1669 
1670 1679 1678 1744 
1670 1679 1744 1746 
1670 1679 1746 1680 
1670 1679 1680 1678 
1679 1690 1689 1750 
1679 1690 1750 1752 
1679 1690 1752 1691 
1679 1690 1691 1689 
1690 1700 1699 1757 
1690 1700 1757 1759 
1690 1700 1759 1701 
1690 1700 1701 1699 
1700 1709 1764 1710 
1700 1709 1710 1708 
1650 1656 1655 1730 
1650 1656 1730 1732 
1650 1656 1732 1657 
1650 1656 1657 1655 
1656 1663 1662 1735 
1656 1663 1735 1737 
1656 1663 1737 1664 
1656 1663 1664 1662 
1663 1672 1671 1741 
1663 1672 1741 1743 
1663 1672 1743 1673 
1663 1672 1673 1671 
1672 1681 1680 1746 
1672 1681 1746 1748 
1672 1681 1748 1682 
1672 1681 1682 1680 
1681 1692 1691 1752 
1681 1692 1752 1754 
1681 1692 1754 1693 
1681 1692 1693 1691 
1692 1702 1701 1759 
1692 1702 1759 1761 
1692 1702 1761 1703 
1692 1702 1703 1701 
1652 1658 1657 1732 
1652 1658 1659 1657 
1658 1665 1664 1737 
1658 1665 1666 1664 
1665 1674 1673 1743 
1665 1674 1675 1673 
1674 1683 1682 1748 
1674 1683 1684 1682 
1683 1694 1693 1754 
1683 1694 1754 1756 
1683 1694 1756 1695 
1683 1694 1695 1693 
1694 1704 1703 1761 
1694 1704 1761 1763 
1694 1704 1763 1705 
1694 1704 1705 1703 
1685 1696 1695 1756 
1685 1696 1697 1695 
1729 1734 1774 1735 
1729 1734 1735 1733 
1734 1740 1739 1775 
1734 1740 1775 1777 
1734 1740 1777 1741 
1734 1740 1741 1739 
1740 1745 1744 1778 
1740 1745 1778 1779 
1740 1745 1779 1746 
1740 1745 1746 1744 
1745 1751 1782 1752 
1745 1751 1752 1750 
1731 1736 1735 1774 
1731 1736 1737 1735 
1736 1742 1741 1777 
1736 1742 1743 1741 
1742 1747 1746 1779 
1742 1747 1779 1781 
1742 1747 1781 1748 
1742 1747 1748 1746 
1747 1753 1752 1782 
1747 1753 1782 1784 
1747 1753 1784 1754 
1747 1753 1754 1752 
1753 1760 1759 1785 
1753 1760 1785 1787 
1753 1760 1787 1761 
1753 1760 1761 1759 
1755 1762 1761 1787 
1755 1762 1763 1761 
976 1184 1185 1198 
976 1184 1198 1196 
770 977 978 991 
770 977 991 989 
977 1186 1187 1200 
977 1186 1200 1198 
977 1186 1198 1185 
1186 1375 1376 1389 
1186 1375 1389 1387 
1375 1531 1532 1542 
1375 1531 1542 1540 
1531 1650 1651 1657 
1531 1650 1657 1655 
771 979 980 993 
771 979 993 991 
771 979 991 978 
979 1188 1189 1202 
979 1188 1202 1200 
979 1188 1200 1187 
1188 1377 1378 1391 
1188 1377 1391 1389 
1188 1377 1389 1376 
1377 1533 1532 1534 
1377 1533 1534 1544 
1377 1533 1544 1542 
1377 1533 1542 1532 
1533 1652 1651 1653 
1533 1652 1653 1659 
1533 1652 1659 1657 
1533 1652 1657 1651 
772 981 995 993 
772 981 993 980 
981 1190 1189 1191 
981 1190 1191 1204 
981 1190 1204 1202 
981 1190 1202 1189 
1190 1379 1378 1380 
1190 1379 1380 1393 
1190 1379 1393 1391 
1190 1379 1391 1378 
1379 1535 1534 1536 
1379 1535 1536 1546 
1379 1535 1546 1544 
1379 1535 1544 1534 
982 1192 1191 1193 
982 1192 1193 1206 
982 1192 1206 1204 
982 1192 1204 1191 
1192 1381 1380 1382 
1192 1381 1382 1395 
1192 1381 1395 1393 
1192 1381 1393 1380 
1381 1537 1536 1538 
1381 1537 1538 1547 
1381 1537 1547 1546 
1381 1537 1546 1536 
983 1194 1208 1206 
983 1194 1206 1193 
114 227 228 241 
114 227 241 239 
227 381 382 398 
227 381 398 396 
381 569 570 586 
381 569 586 584 
115 229 230 243 
115 229 243 241 
115 229 241 228 
229 383 384 400 
229 383 400 398 
229 383 398 382 
383 571 572 588 
383 571 588 586 
383 571 586 570 
571 774 775 795 
571 774 795 793 
774 984 985 1004 
774 984 1004 1002 
116 231 230 232 
116 231 232 245 
116 231 245 243 
116 231 243 230 
231 385 384 386 
231 385 386 402 
231 385 402 400 
231 385 400 384 
385 573 572 574 
385 573 574 590 
385 573 590 588 
385 573 588 572 
573 776 775 777 
573 776 777 797 
573 776 797 795 
573 776 795 775 
776 986 985 987 
776 986 987 1006 
776 986 1006 1004 
776 986 1004 985 
986 1195 1196 1215 
986 1195 1215 1213 
1195 1384 1385 1399 
1195 1384 1399 1397 
117 233 247 245 
117 233 245 232 
233 387 386 388 
233 387 388 404 
233 387 404 402 
233 387 402 386 
387 575 574 576 
387 575 576 592 
387 575 592 590 
387 575 590 574 
575 778 777 779 
575 778 779 799 
575 778 799 797 
575 778 797 777 
778 988 987 989 
778 988 989 1008 
778 988 1008 1006 
778 988 1006 987 
988 1197 1196 1198 
988 1197 1198 1217 
988 1197 1217 1215 
988 1197 1215 1196 
1197 1386 1385 1387 
1197 1386 1387 1401 
1197 1386 1401 1399 
1197 1386 1399 1385 
1386 1539 1540 1551 
1386 1539 1551 1549 
1539 1654 1655 1662 
1539 1654 1662 1660 
1654 1729 1730 1735 
1654 1729 1735 1733 
234 389 388 390 
234 389 390 406 
234 389 406 404 
234 389 404 388 
389 577 576 578 
389 577 578 594 
389 577 594 592 
389 577 592 576 
577 780 779 781 
577 780 781 801 
577 780 801 799 
577 780 799 779 
780 990 989 991 
780 990 991 1010 
780 990 1010 1008 
780 990 1008 989 
990 1199 1198 1200 
990 1199 1200 1219 
990 1199 1219 1217 
990 1199 1217 1198 
1199 1388 1387 1389 
1199 1388 1389 1403 
1199 1388 1403 1401 
1199 1388 1401 1387 
1388 1541 1540 1542 
1388 1541 1542 1553 
1388 1541 1553 1551 
1388 1541 1551 1540 
1541 1656 1655 1657 
1541 1656 1657 1664 
1541 1656 1664 1662 
1541 1656 1662 1655 
1656 1731 1730 1732 
1656 1731 1732 1737 
1656 1731 1737 1735 
1656 1731 1735 1730 
235 391 408 406 
235 391 406 390 
391 579 578 580 
391 579 580 596 
391 579 596 594 
391 579 594 578 
579 782 781 783 
579 782 783 803 
579 782 803 801 
579 782 801 781 
782 992 991 993 
782 992 993 1012 
782 992 1012 1010 
782 992 1010 991 
992 1201 1200 1202 
992 1201 1202 1221 
992 1201 1221 1219 
992 1201 1219 1200 
1201 1390 1389 1391 
1201 1390 1391 1405 
1201 1390 1405 1403 
1201 1390 1403 1389 
1390 1543 1542 1544 
1390 1543 1544 1555 
1390 1543 1555 1553 
1390 1543 1553 1542 
1543 1658 1657 1659 
1543 1658 1659 1666 
1543 1658 1666 1664 
1543 1658 1664 1657 
392 581 598 596 
392 581 596 580 
581 784 783 785 
581 784 785 805 
581 784 805 803 
581 784 803 783 
784 994 993 995 
784 994 995 1014 
784 994 1014 1012 
784 994 1012 993 
994 1203 1202 1204 
994 1203 1204 1223 
994 1203 1223 1221 
994 1203 1221 1202 
1203 1392 1391 1393 
1203 1392 1393 1407 
1203 1392 1407 1405 
1203 1392 1405 1391 
1392 1545 1544 1546 
1392 1545 1546 1557 
1392 1545 1557 1555 
1392 1545 1555 1544 
582 786 785 787 
582 786 787 807 
582 786 807 805 
582 786 805 785 
786 996 995 997 
786 996 997 1016 
786 996 1016 1014 
786 996 1014 995 
996 1205 1204 1206 
996 1205 1206 1225 
996 1205 1225 1223 
996 1205 1223 1204 
1205 1394 1393 1395 
1205 1394 1395 1409 
1205 1394 1409 1407 
1205 1394 1407 1393 
788 998 997 999 
788 998 999 1018 
788 998 1018 1016 
788 998 1016 997 
998 1207 1206 1208 
998 1207 1208 1227 
998 1207 1227 1225 
998 1207 1225 1206 
789 1000 1020 1018 
789 1000 1018 999 
1000 1209 1229 1227 
1000 1209 1227 1208 
236 393 394 414 
236 393 414 412 
119 238 237 239 
119 238 239 256 
119 238 256 254 
119 238 254 237 
238 395 394 396 
238 395 396 416 
238 395 416 414 
238 395 414 394 
395 583 584 605 
395 583 605 603 
583 790 791 814 
583 790 814 812 
46 121 120 122 
46 121 122 135 
46 121 135 133 
46 121 133 120 
121 240 239 241 
121 240 241 258 
121 240 258 256 
121 240 256 239 
240 397 396 398 
240 397 398 418 
240 397 418 416 
240 397 416 396 
397 585 584 586 
397 585 586 607 
397 585 607 605 
397 585 605 584 
585 792 791 793 
585 792 793 816 
585 792 816 814 
585 792 814 791 
792 1001 1002 1025 
792 1001 1025 1023 
1001 1210 1211 1232 
1001 1210 1232 1230 
6 48 47 49 
6 48 49 57 
6 48 57 55 
6 48 55 47 
48 123 122 124 
48 123 124 137 
48 123 137 135 
48 123 135 122 
123 242 241 243 
123 242 243 260 
123 242 260 258 
123 242 258 241 
242 399 398 400 
242 399 400 420 
242 399 420 418 
242 399 418 398 
399 587 586 588 
399 587 588 609 
399 587 609 607 
399 587 607 586 
587 794 793 795 
587 794 795 818 
587 794 818 816 
587 794 816 793 
794 1003 1002 1004 
794 1003 1004 1027 
794 1003 1027 1025 
794 1003 1025 1002 
1003 1212 1211 1213 
1003 1212 1213 1234 
1003 1212 1234 1232 
1003 1212 1232 1211 
1212 1396 1397 1413 
1212 1396 1413 1411 
7 50 49 51 
7 50 51 59 
7 50 59 57 
7 50 57 49 
50 125 124 126 
50 125 126 139 
50 125 139 137 
50 125 137 124 
125 244 243 245 
125 244 245 262 
125 244 262 260 
125 244 260 243 
244 401 400 402 
244 401 402 422 
244 401 422 420 
244 401 420 400 
401 589 588 590 
401 589 590 611 
401 589 611 609 
401 589 609 588 
589 796 795 797 
589 796 797 820 
589 796 820 818 
589 796 818 795 
796 1005 1004 1006 
796 1005 1006 1029 
796 1005 1029 1027 
796 1005 1027 1004 
1005 1214 1213 1215 
1005 1214 1215 1236 
1005 1214 1236 1234 
1005 1214 1234 1213 
1214 1398 1397 1399 
1214 1398 1399 1415 
1214 1398 1415 1413 
1214 1398 1413 1397 
1398 1548 1549 1561 
1398 1548 1561 1559 
8 52 61 59 
8 52 59 51 
52 127 126 128 
52 127 128 141 
52 127 141 139 
52 127 139 126 
127 246 245 247 
127 246 247 264 
127 246 264 262 
127 246 262 245 
246 403 402 404 
246 403 404 424 
246 403 424 422 
246 403 422 402 
403 591 590 592 
403 591 592 613 
403 591 613 611 
403 591 611 590 
591 798 797 799 
591 798 799 822 
591 798 822 820 
591 798 820 797 
798 1007 1006 1008 
798 1007 1008 1031 
798 1007 1031 1029 
798 1007 1029 1006 
1007 1216 1215 1217 
1007 1216 1217 1238 
1007 1216 1238 1236 
1007 1216 1236 1215 
1216 1400 1399 1401 
1216 1400 1401 1417 
1216 1400 1417 1415 
1216 1400 1415 1399 
1400 1550 1549 1551 
1400 1550 1551 1563 
1400 1550 1563 1561 
1400 1550 1561 1549 
1550 1661 1660 1662 
1550 1661 1662 1671 
1550 1661 1671 1669 
1550 1661 1669 1660 
1661 1734 1733 1735 
1661 1734 1735 1741 
1661 1734 1741 1739 
53 129 128 130 
53 129 130 143 
53 129 143 141 
53 129 141 128 
129 248 247 249 
129 248 249 266 
129 248 266 264 
129 248 264 247 
248 405 404 406 
248 405 406 426 
248 405 426 424 
248 405 424 404 
405 593 592 594 
405 593 594 615 
405 593 615 613 
405 593 613 592 
593 800 799 801 
593 800 801 824 
593 800 824 822 
593 800 822 799 
800 1009 1008 1010 
800 1009 1010 1033 
800 1009 1033 1031 
800 1009 1031 1008 
1009 1218 1217 1219 
1009 1218 1219 1240 
1009 1218 1240 1238 
1009 1218 1238 1217 
1218 1402 1401 1403 
1218 1402 1403 1419 
1218 1402 1419 1417 
1218 1402 1417 1401 
1402 1552 1551 1553 
1402 1552 1553 1565 
1402 1552 1565 1563 
1402 1552 1563 1551 
1552 1663 1662 1664 
1552 1663 1664 1673 
1552 1663 1673 1671 
1552 1663 1671 1662 
1663 1736 1735 1737 
1663 1736 1737 1743 
1663 1736 1743 1741 
1663 1736 1741 1735 
131 250 249 251 
131 250 251 268 
131 250 268 266 
131 250 266 249 
250 407 406 408 
250 407 408 428 
250 407 428 426 
250 407 426 406 
407 595 594 596 
407 595 596 617 
407 595 617 615 
407 595 615 594 
595 802 801 803 
595 802 803 826 
595 802 826 824 
595 802 824 801 
802 1011 1010 1012 
802 1011 1012 1035 
802 1011 1035 1033 
802 1011 1033 1010 
1011 1220 1219 1221 
1011 1220 1221 1242 
1011 1220 1242 1240 
1011 1220 1240 1219 
1220 1404 1403 1405 
1220 1404 1405 1421 
1220 1404 1421 1419 
1220 1404 1419 1403 
1404 1554 1553 1555 
1404 1554 1555 1567 
1404 1554 1567 1565 
1404 1554 1565 1553 
1554 1665 1664 1666 
1554 1665 1666 1675 
1554 1665 1675 1673 
1554 1665 1673 1664 
252 409 408 410 
252 409 410 430 
252 409 430 428 
252 409 428 408 
409 597 596 598 
409 597 598 619 
409 597 619 617 
409 597 617 596 
597 804 803 805 
597 804 805 828 
597 804 828 826 
597 804 826 803 
804 1013 1012 1014 
804 1013 1014 1037 
804 1013 1037 1035 
804 1013 1035 1012 
1013 1222 1221 1223 
1013 1222 1223 1244 
1013 1222 1244 1242 
1013 1222 1242 1221 
1222 1406 1405 1407 
1222 1406 1407 1423 
1222 1406 1423 1421 
1222 1406 1421 1405 
1406 1556 1555 1557 
1406 1556 1557 1569 
1406 1556 1569 1567 
1406 1556 1567 1555 
411 599 598 600 
411 599 600 621 
411 599 621 619 
411 599 619 598 
599 806 805 807 
599 806 807 830 
599 806 830 828 
599 806 828 805 
806 1015 1014 1016 
806 1015 1016 1039 
806 1015 1039 1037 
806 1015 1037 1014 
1015 1224 1223 1225 
1015 1224 1225 1246 
1015 1224 1246 1244 
1015 1224 1244 1223 
1224 1408 1407 1409 
1224 1408 1409 1425 
1224 1408 1425 1423 
1224 1408 1423 1407 
601 808 807 809 
601 808 830 807 
808 1017 1016 1018 
808 1017 1018 1041 
808 1017 1041 1039 
808 1017 1039 1016 
1017 1226 1225 1227 
1017 1226 1227 1248 
1017 1226 1248 1246 
1017 1226 1246 1225 
810 1019 1018 1020 
810 1019 1041 1018 
1019 1228 1227 1229 
1019 1228 1248 1227 
253 413 412 414 
253 413 414 437 
253 413 437 435 
413 602 603 627 
413 602 627 625 
132 255 254 256 
132 255 256 275 
132 255 275 273 
132 255 273 254 
255 415 414 416 
255 415 416 439 
255 415 439 437 
255 415 437 414 
415 604 603 605 
415 604 605 629 
415 604 629 627 
415 604 627 603 
604 813 812 814 
604 813 814 839 
604 813 839 837 
604 813 837 812 
813 1022 1023 1048 
813 1022 1048 1046 
54 134 133 135 
54 134 135 150 
54 134 150 148 
54 134 148 133 
134 257 256 258 
134 257 258 277 
134 257 277 275 
134 257 275 256 
257 417 416 418 
257 417 418 441 
257 417 441 439 
257 417 439 416 
417 606 605 607 
417 606 607 631 
417 606 631 629 
417 606 629 605 
606 815 814 816 
606 815 816 841 
606 815 841 839 
606 815 839 814 
815 1024 1023 1025 
815 1024 1025 1050 
815 1024 1050 1048 
815 1024 1048 1023 
1024 1231 1230 1232 
1024 1231 1232 1253 
1024 1231 1253 1251 
9 56 55 57 
9 56 57 65 
56 136 135 137 
56 136 137 152 
56 136 152 150 
56 136 150 135 
136 259 258 260 
136 259 260 279 
136 259 279 277 
136 259 277 258 
259 419 418 420 
259 419 420 443 
259 419 443 441 
259 419 441 418 
419 608 607 609 
419 608 609 633 
419 608 633 631 
419 608 631 607 
608 817 816 818 
608 817 818 843 
608 817 843 841 
608 817 841 816 
817 1026 1025 1027 
817 1026 1027 1052 
817 1026 1052 1050 
817 1026 1050 1025 
1026 1233 1232 1234 
1026 1233 1234 1255 
1026 1233 1255 1253 
1026 1233 1253 1232 
1233 1412 1411 1413 
1233 1412 1413 1431 
1233 1412 1431 1429 
1233 1412 1429 1411 
11 58 57 59 
11 58 59 67 
11 58 67 65 
11 58 65 57 
58 138 137 139 
58 138 139 154 
58 138 154 152 
58 138 152 137 
138 261 260 262 
138 261 262 281 
138 261 281 279 
138 261 279 260 
261 421 420 422 
261 421 422 445 
261 421 445 443 
261 421 443 420 
421 610 609 611 
421 610 611 635 
421 610 635 633 
421 610 633 609 
610 819 818 820 
610 819 820 845 
610 819 845 843 
610 819 843 818 
819 1028 1027 1029 
819 1028 1029 1054 
819 1028 1054 1052 
819 1028 1052 1027 
1028 1235 1234 1236 
1028 1235 1236 1257 
1028 1235 1257 1255 
1028 1235 1255 1234 
1235 1414 1413 1415 
1235 1414 1415 1433 
1235 1414 1433 1431 
1235 1414 1431 1413 
1414 1560 1559 1561 
1414 1560 1561 1575 
1414 1560 1575 1573 
1414 1560 1573 1559 
1560 1668 1667 1669 
1560 1668 1669 1678 
1560 1668 1678 1676 
1560 1668 1676 1667 
0 13 12 14 
0 13 14 19 
0 13 19 17 
0 13 17 12 
13 60 59 61 
13 60 61 69 
13 60 69 67 
13 60 67 59 
60 140 139 141 
60 140 141 156 
60 140 156 154 
60 140 154 139 
140 263 262 264 
140 263 264 283 
140 263 283 281 
140 263 281 262 
263 423 422 424 
263 423 424 447 
263 423 447 445 
263 423 445 422 
423 612 611 613 
423 612 613 637 
423 612 637 635 
423 612 635 611 
612 821 820 822 
612 821 822 847 
612 821 847 845 
612 821 845 820 
821 1030 1029 1031 
821 1030 1031 1056 
821 1030 1056 1054 
821 1030 1054 1029 
1030 1237 1236 1238 
1030 1237 1238 1259 
1030 1237 1259 1257 
1030 1237 1257 1236 
1237 1416 1415 1417 
1237 1416 1417 1435 
1237 1416 1435 1433 
1237 1416 1433 1415 
1416 1562 1561 1563 
1416 1562 1563 1577 
1416 1562 1577 1575 
1416 1562 1575 1561 
1562 1670 1669 1671 
1562 1670 1671 1680 
1562 1670 1680 1678 
1562 1670 1678 1669 
1670 1740 1739 1741 
1670 1740 1741 1746 
1670 1740 1746 1744 
1670 1740 1744 1739 
1740 1776 1775 1777 
1740 1776 1777 1779 
1740 1776 1779 1778 
1740 1776 1778 1775 
15 62 71 69 
15 62 69 61 
62 142 141 143 
62 142 143 158 
62 142 158 156 
62 142 156 141 
142 265 264 266 
142 265 266 285 
142 265 285 283 
142 265 283 264 
265 425 424 426 
265 425 426 449 
265 425 449 447 
265 425 447 424 
425 614 613 615 
425 614 615 639 
425 614 639 637 
425 614 637 613 
614 823 822 824 
614 823 824 849 
614 823 849 847 
614 823 847 822 
823 1032 1031 1033 
823 1032 1033 1058 
823 1032 1058 1056 
823 1032 1056 1031 
1032 1239 1238 1240 
1032 1239 1240 1261 
1032 1239 1261 1259 
1032 1239 1259 1238 
1239 1418 1417 1419 
1239 1418 1419 1437 
1239 1418 1437 1435 
1239 1418 1435 1417 
1418 1564 1563 1565 
1418 1564 1565 1579 
1418 1564 1579 1577 
1418 1564 1577 1563 
1564 1672 1671 1673 
1564 1672 1673 1682 
1564 1672 1682 1680 
1564 1672 1680 1671 
1672 1742 1741 1743 
1672 1742 1743 1748 
1672 1742 1748 1746 
1672 1742 1746 1741 
63 144 143 145 
63 144 158 143 
144 267 266 268 
144 267 268 287 
144 267 287 285 
144 267 285 266 
267 427 426 428 
267 427 428 451 
267 427 451 449 
267 427 449 426 
427 616 615 617 
427 616 617 641 
427 616 641 639 
427 616 639 615 
616 825 824 826 
616 825 826 851 
616 825 851 849 
616 825 849 824 
825 1034 1033 1035 
825 1034 1035 1060 
825 1034 1060 1058 
825 1034 1058 1033 
1034 1241 1240 1242 
1034 1241 1242 1263 
1034 1241 1263 1261 
1034 1241 1261 1240 
1241 1420 1419 1421 
1241 1420 1421 1439 
1241 1420 1439 1437 
1241 1420 1437 1419 
1420 1566 1565 1567 
1420 1566 1567 1581 
1420 1566 1581 1579 
1420 1566 1579 1565 
1566 1674 1673 1675 
1566 1674 1675 1684 
1566 1674 1684 1682 
1566 1674 1682 1673 
146 269 268 270 
146 269 287 268 
269 429 428 430 
269 429 451 428 
429 618 617 619 
429 618 641 617 
618 827 826 828 
618 827 828 853 
618 827 853 851 
618 827 851 826 
827 1036 1035 1037 
827 1036 1037 1062 
827 1036 1062 1060 
827 1036 1060 1035 
1036 1243 1242 1244 
1036 1243 1244 1265 
1036 1243 1265 1263 
1036 1243 1263 1242 
1243 1422 1421 1423 
1243 1422 1423 1441 
1243 1422 1441 1439 
1243 1422 1439 1421 
1422 1568 1567 1569 
1422 1568 1569 1583 
1422 1568 1583 1581 
1422 1568 1581 1567 
620 829 828 830 
620 829 853 828 
829 1038 1037 1039 
829 1038 1062 1037 
1038 1245 1244 1246 
1038 1245 1246 1267 
1038 1245 1267 1265 
1038 1245 1265 1244 
1245 1424 1423 1425 
1245 1424 1425 1443 
1245 1424 1443 1441 
1245 1424 1441 1423 
1424 1570 1569 1571 
1424 1570 1571 1585 
1424 1570 1585 1583 
1424 1570 1583 1569 
1040 1247 1246 1248 
1040 1247 1267 1246 
1247 1426 1425 1427 
1247 1426 1443 1425 
272 436 435 437 
272 436 437 460 
272 436 460 458 
272 436 458 435 
436 626 625 627 
436 626 627 652 
436 626 652 650 
436 626 650 625 
626 836 837 863 
626 836 863 861 
147 274 273 275 
147 274 275 293 
274 438 437 439 
274 438 439 462 
274 438 462 460 
274 438 460 437 
438 628 627 629 
438 628 629 654 
438 628 654 652 
438 628 652 627 
628 838 837 839 
628 838 839 865 
628 838 865 863 
628 838 863 837 
838 1047 1046 1048 
838 1047 1048 1074 
838 1047 1074 1072 
838 1047 1072 1046 
149 276 275 277 
149 276 277 295 
149 276 295 293 
149 276 293 275 
276 440 439 441 
276 440 441 464 
276 440 464 462 
276 440 462 439 
440 630 629 631 
440 630 631 656 
440 630 656 654 
440 630 654 629 
630 840 839 841 
630 840 841 867 
630 840 867 865 
630 840 865 839 
840 1049 1048 1050 
840 1049 1050 1076 
840 1049 1076 1074 
840 1049 1074 1048 
1049 1252 1251 1253 
1049 1252 1253 1276 
1049 1252 1276 1274 
1049 1252 1274 1251 
1252 1428 1429 1448 
1252 1428 1448 1446 
64 151 150 152 
64 151 152 165 
64 151 165 163 
64 151 163 150 
151 278 277 279 
151 278 279 297 
151 278 297 295 
151 278 295 277 
278 442 441 443 
278 442 443 466 
278 442 466 464 
278 442 464 441 
442 632 631 633 
442 632 633 658 
442 632 658 656 
442 632 656 631 
632 842 841 843 
632 842 843 869 
632 842 869 867 
632 842 867 841 
842 1051 1050 1052 
842 1051 1052 1078 
842 1051 1078 1076 
842 1051 1076 1050 
1051 1254 1253 1255 
1051 1254 1255 1278 
1051 1254 1278 1276 
1051 1254 1276 1253 
1254 1430 1429 1431 
1254 1430 1431 1450 
1254 1430 1450 1448 
1254 1430 1448 1429 
16 66 65 67 
16 66 67 77 
16 66 77 75 
16 66 75 65 
66 153 152 154 
66 153 154 167 
66 153 167 165 
66 153 165 152 
153 280 279 281 
153 280 281 299 
153 280 299 297 
153 280 297 279 
280 444 443 445 
280 444 445 468 
280 444 468 466 
280 444 466 443 
444 634 633 635 
444 634 635 660 
444 634 660 658 
444 634 658 633 
634 844 843 845 
634 844 845 871 
634 844 871 869 
634 844 869 843 
844 1053 1052 1054 
844 1053 1054 1080 
844 1053 1080 1078 
844 1053 1078 1052 
1053 1256 1255 1257 
1053 1256 1257 1280 
1053 1256 1280 1278 
1053 1256 1278 1255 
1256 1432 1431 1433 
1256 1432 1433 1452 
1256 1432 1452 1450 
1256 1432 1450 1431 
1432 1574 1573 1575 
1432 1574 1575 1590 
1432 1574 1590 1588 
1432 1574 1588 1573 
1574 1677 1676 1678 
1574 1677 1678 1689 
1574 1677 1689 1687 
1574 1677 1687 1676 
1 18 17 19 
1 18 22 17 
18 68 67 69 
18 68 77 67 
68 155 154 156 
68 155 156 169 
68 155 169 167 
68 155 167 154 
155 282 281 283 
155 282 283 301 
155 282 301 299 
155 282 299 281 
282 446 445 447 
282 446 447 470 
282 446 470 468 
282 446 468 445 
446 636 635 637 
446 636 637 662 
446 636 662 660 
446 636 660 635 
636 846 845 847 
636 846 847 873 
636 846 873 871 
636 846 871 845 
846 1055 1054 1056 
846 1055 1056 1082 
846 1055 1082 1080 
846 1055 1080 1054 
1055 1258 1257 1259 
1055 1258 1259 1282 
1055 1258 1282 1280 
1055 1258 1280 1257 
1258 1434 1433 1435 
1258 1434 1435 1454 
1258 1434 1454 1452 
1258 1434 1452 1433 
1434 1576 1575 1577 
1434 1576 1577 1592 
1434 1576 1592 1590 
1434 1576 1590 1575 
1576 1679 1678 1680 
1576 1679 1680 1691 
1576 1679 1691 1689 
1576 1679 1689 1678 
1679 1745 1744 1746 
1679 1745 1746 1752 
1679 1745 1752 1750 
1679 1745 1750 1744 
70 157 156 158 
70 157 169 156 
157 284 283 285 
157 284 301 283 
284 448 447 449 
284 448 449 472 
284 448 470 447 
448 638 637 639 
448 638 639 664 
448 638 664 662 
448 638 662 637 
638 848 847 849 
638 848 849 875 
638 848 875 873 
638 848 873 847 
848 1057 1056 1058 
848 1057 1058 1084 
848 1057 1084 1082 
848 1057 1082 1056 
1057 1260 1259 1261 
1057 1260 1261 1284 
1057 1260 1284 1282 
1057 1260 1282 1259 
1260 1436 1435 1437 
1260 1436 1437 1456 
1260 1436 1456 1454 
1260 1436 1454 1435 
1436 1578 1577 1579 
1436 1578 1579 1594 
1436 1578 1594 1592 
1436 1578 1592 1577 
1578 1681 1680 1682 
1578 1681 1682 1693 
1578 1681 1693 1691 
1578 1681 1691 1680 
1681 1747 1746 1748 
1681 1747 1748 1754 
1681 1747 1754 1752 
1681 1747 1752 1746 
1747 1780 1779 1781 
1747 1780 1781 1784 
1747 1780 1784 1782 
1747 1780 1782 1779 
286 450 449 451 
286 450 472 449 
450 640 639 641 
450 640 664 639 
640 850 849 851 
640 850 875 849 
850 1059 1058 1060 
850 1059 1060 1086 
850 1059 1086 1084 
850 1059 1084 1058 
1059 1262 1261 1263 
1059 1262 1263 1286 
1059 1262 1286 1284 
1059 1262 1284 1261 
1262 1438 1437 1439 
1262 1438 1439 1458 
1262 1438 1458 1456 
1262 1438 1456 1437 
1438 1580 1579 1581 
1438 1580 1581 1596 
1438 1580 1596 1594 
1438 1580 1594 1579 
1580 1683 1682 1684 
1580 1683 1684 1695 
1580 1683 1695 1693 
1580 1683 1693 1682 
852 1061 1060 1062 
852 1061 1086 1060 
1061 1264 1263 1265 
1061 1264 1286 1263 
1264 1440 1439 1441 
1264 1440 1458 1439 
1440 1582 1581 1583 
1440 1582 1583 1598 
1440 1582 1598 1596 
1440 1582 1596 1581 
1582 1685 1684 1686 
1582 1685 1686 1697 
1582 1685 1697 1695 
1582 1685 1695 1684 
1442 1584 1583 1585 
1442 1584 1598 1583 
291 459 458 460 
291 459 460 482 
291 459 482 480 
291 459 480 458 
459 651 650 652 
459 651 652 677 
459 651 677 675 
459 651 675 650 
651 862 861 863 
651 862 863 889 
651 862 889 887 
651 862 887 861 
292 461 460 462 
292 461 462 484 
292 461 484 482 
292 461 482 460 
461 653 652 654 
461 653 654 679 
461 653 679 677 
461 653 677 652 
653 864 863 865 
653 864 865 891 
653 864 891 889 
653 864 889 863 
864 1073 1072 1074 
864 1073 1074 1100 
864 1073 1100 1098 
864 1073 1098 1072 
162 294 293 295 
162 294 295 312 
162 294 312 310 
162 294 310 293 
294 463 462 464 
294 463 464 486 
294 463 486 484 
294 463 484 462 
463 655 654 656 
463 655 656 681 
463 655 681 679 
463 655 679 654 
655 866 865 867 
655 866 867 893 
655 866 893 891 
655 866 891 865 
866 1075 1074 1076 
866 1075 1076 1102 
866 1075 1102 1100 
866 1075 1100 1074 
1075 1275 1274 1276 
1075 1275 1276 1299 
1075 1275 1299 1297 
1075 1275 1297 1274 
1275 1447 1446 1448 
1275 1447 1448 1465 
74 164 163 165 
74 164 165 179 
74 164 179 177 
74 164 177 163 
164 296 295 297 
164 296 297 314 
164 296 314 312 
164 296 312 295 
296 465 464 466 
296 465 466 488 
296 465 488 486 
296 465 486 464 
465 657 656 658 
465 657 658 683 
465 657 683 681 
465 657 681 656 
657 868 867 869 
657 868 869 895 
657 868 895 893 
657 868 893 867 
868 1077 1076 1078 
868 1077 1078 1104 
868 1077 1104 1102 
868 1077 1102 1076 
1077 1277 1276 1278 
1077 1277 1278 1301 
1077 1277 1301 1299 
1077 1277 1299 1276 
1277 1449 1448 1450 
1277 1449 1450 1467 
1277 1449 1467 1465 
1277 1449 1465 1448 
1449 1587 1586 1588 
1449 1587 1588 1602 
1449 1587 1602 1601 
1449 1587 1601 1586 
21 76 75 77 
21 76 86 75 
76 166 165 167 
76 166 179 165 
166 298 297 299 
166 298 299 316 
166 298 316 314 
166 298 314 297 
298 467 466 468 
298 467 468 490 
298 467 490 488 
298 467 488 466 
467 659 658 660 
467 659 660 685 
467 659 685 683 
467 659 683 658 
659 870 869 871 
659 870 871 897 
659 870 897 895 
659 870 895 869 
870 1079 1078 1080 
870 1079 1080 1106 
870 1079 1106 1104 
870 1079 1104 1078 
1079 1279 1278 1280 
1079 1279 1280 1303 
1079 1279 1303 1301 
1079 1279 1301 1278 
1279 1451 1450 1452 
1279 1451 1452 1469 
1279 1451 1469 1467 
1279 1451 1467 1450 
1451 1589 1588 1590 
1451 1589 1590 1604 
1451 1589 1604 1602 
1451 1589 1602 1588 
1589 1688 1687 1689 
1589 1688 1689 1699 
1589 1688 1699 1698 
1589 1688 1698 1687 
168 300 299 301 
168 300 316 299 
300 469 468 470 
300 469 490 468 
469 661 660 662 
469 661 685 660 
661 872 871 873 
661 872 873 899 
661 872 899 897 
661 872 897 871 
872 1081 1080 1082 
872 1081 1082 1108 
872 1081 1108 1106 
872 1081 1106 1080 
1081 1281 1280 1282 
1081 1281 1282 1305 
1081 1281 1305 1303 
1081 1281 1303 1280 
1281 1453 1452 1454 
1281 1453 1454 1471 
1281 1453 1471 1469 
1281 1453 1469 1452 
1453 1591 1590 1592 
1453 1591 1592 1606 
1453 1591 1606 1604 
1453 1591 1604 1590 
1591 1690 1689 1691 
1591 1690 1691 1701 
1591 1690 1701 1699 
1591 1690 1699 1689 
1690 1751 1750 1752 
1690 1751 1752 1759 
1690 1751 1759 1757 
1690 1751 1757 1750 
663 874 873 875 
663 874 899 873 
874 1083 1082 1084 
874 1083 1108 1082 
1083 1283 1282 1284 
1083 1283 1284 1307 
1083 1283 1305 1282 
1283 1455 1454 1456 
1283 1455 1456 1473 
1283 1455 1473 1471 
1283 1455 1471 1454 
1455 1593 1592 1594 
1455 1593 1594 1608 
1455 1593 1608 1606 
1455 1593 1606 1592 
1593 1692 1691 1693 
1593 1692 1693 1703 
1593 1692 1703 1701 
1593 1692 1701 1691 
1692 1753 1752 1754 
1692 1753 1754 1761 
1692 1753 1761 1759 
1692 1753 1759 1752 
1753 1783 1782 1784 
1753 1783 1784 1787 
1753 1783 1787 1785 
1753 1783 1785 1782 
1085 1285 1284 1286 
1085 1285 1307 1284 
1285 1457 1456 1458 
1285 1457 1473 1456 
1457 1595 1594 1596 
1457 1595 1608 1594 
1595 1694 1693 1695 
1595 1694 1695 1705 
1595 1694 1705 1703 
1595 1694 1703 1693 
1694 1755 1754 1756 
1694 1755 1756 1763 
1694 1755 1763 1761 
1694 1755 1761 1754 
1597 1696 1695 1697 
1597 1696 1705 1695 
481 676 675 677 
481 676 677 702 
481 676 702 700 
481 676 700 675 
676 888 887 889 
676 888 889 913 
676 888 913 911 
676 888 911 887 
309 483 482 484 
309 483 484 505 
309 483 505 503 
309 483 503 482 
483 678 677 679 
483 678 679 704 
483 678 704 702 
483 678 702 677 
678 890 889 891 
678 890 891 915 
678 890 915 913 
678 890 913 889 
890 1099 1098 1100 
890 1099 1100 1125 
890 1099 1125 1123 
890 1099 1123 1098 
176 311 310 312 
176 311 312 329 
176 311 329 327 
176 311 327 310 
311 485 484 486 
311 485 486 507 
311 485 507 505 
311 485 505 484 
485 680 679 681 
485 680 681 706 
485 680 706 704 
485 680 704 679 
680 892 891 893 
680 892 893 917 
680 892 917 915 
680 892 915 891 
892 1101 1100 1102 
892 1101 1102 1127 
892 1101 1127 1125 
892 1101 1125 1100 
1101 1298 1297 1299 
1101 1298 1299 1322 
1101 1298 1322 1320 
1101 1298 1320 1297 
85 178 177 179 
85 178 191 177 
178 313 312 314 
178 313 329 312 
313 487 486 488 
313 487 488 509 
313 487 507 486 
487 682 681 683 
487 682 683 708 
487 682 708 706 
487 682 706 681 
682 894 893 895 
682 894 895 919 
682 894 919 917 
682 894 917 893 
894 1103 1102 1104 
894 1103 1104 1129 
894 1103 1129 1127 
894 1103 1127 1102 
1103 1300 1299 1301 
1103 1300 1301 1324 
1103 1300 1324 1322 
1103 1300 1322 1299 
1300 1466 1465 1467 
1300 1466 1467 1486 
1300 1466 1486 1484 
1300 1466 1484 1465 
315 489 488 490 
315 489 509 488 
489 684 683 685 
489 684 708 683 
684 896 895 897 
684 896 919 895 
896 1105 1104 1106 
896 1105 1106 1131 
896 1105 1131 1129 
896 1105 1129 1104 
1105 1302 1301 1303 
1105 1302 1303 1326 
1105 1302 1326 1324 
1105 1302 1324 1301 
1302 1468 1467 1469 
1302 1468 1469 1488 
1302 1468 1488 1486 
1302 1468 1486 1467 
1468 1603 1602 1604 
1468 1603 1604 1617 
1468 1603 1617 1615 
1468 1603 1615 1602 
898 1107 1106 1108 
898 1107 1131 1106 
1107 1304 1303 1305 
1107 1304 1326 1303 
1304 1470 1469 1471 
1304 1470 1488 1469 
1470 1605 1604 1606 
1470 1605 1606 1619 
1470 1605 1619 1617 
1470 1605 1617 1604 
1605 1700 1699 1701 
1605 1700 1701 1710 
1605 1700 1710 1708 
1605 1700 1708 1699 
1472 1607 1606 1608 
1472 1607 1619 1606 
1607 1702 1701 1703 
1607 1702 1710 1701 
1702 1760 1759 1761 
1702 1760 1764 1759 
1760 1786 1785 1787 
1760 1786 1787 1789 
1760 1786 1789 1788 
1760 1786 1788 1785 
502 701 700 702 
502 701 702 725 
502 701 725 723 
502 701 723 700 
701 912 911 913 
701 912 913 935 
701 912 935 934 
701 912 934 911 
326 504 503 505 
326 504 505 525 
326 504 525 523 
326 504 523 503 
504 703 702 704 
504 703 704 727 
504 703 727 725 
504 703 725 702 
703 914 913 915 
703 914 915 937 
703 914 937 935 
703 914 935 913 
914 1124 1123 1125 
914 1124 1125 1147 
190 328 327 329 
190 328 344 327 
328 506 505 507 
328 506 525 505 
506 705 704 706 
506 705 727 704 
705 916 915 917 
705 916 917 939 
705 916 939 937 
705 916 937 915 
916 1126 1125 1127 
916 1126 1127 1149 
916 1126 1149 1147 
916 1126 1147 1125 
1126 1321 1320 1322 
1126 1321 1322 1343 
707 918 917 919 
707 918 939 917 
918 1128 1127 1129 
918 1128 1149 1127 
1128 1323 1322 1324 
1128 1323 1343 1322 
1323 1485 1484 1486 
1323 1485 1486 1503 
1325 1487 1486 1488 
1325 1487 1503 1486 
1487 1616 1615 1617 
1618 1709 1708 1710 
522 724 723 725 
522 724 725 744 
524 726 725 727 
524 726 744 725 
726 936 935 937 
726 936 955 935 
938 1148 1147 1149 
