4626
13 15 14 19 
13 15 19 69 
13 15 69 61 
13 15 61 14 
16 18 17 22 
16 18 22 77 
16 18 77 67 
16 18 67 17 
18 20 19 24 
18 20 24 79 
18 20 79 69 
18 20 69 19 
21 23 22 29 
21 23 29 88 
21 23 88 77 
21 23 77 22 
23 25 24 31 
23 25 31 90 
23 25 90 79 
23 25 79 24 
25 27 26 33 
25 27 33 92 
25 27 92 81 
25 27 81 26 
28 30 98 88 
28 30 88 29 
30 32 31 36 
30 32 36 100 
30 32 100 90 
30 32 90 31 
32 34 33 38 
32 34 38 102 
32 34 102 92 
32 34 92 33 
35 37 36 41 
35 37 41 107 
35 37 107 100 
35 37 100 36 
37 39 38 43 
37 39 43 109 
37 39 109 102 
37 39 102 38 
40 42 113 107 
40 42 107 41 
60 62 61 69 
60 62 69 156 
62 63 71 158 
62 63 158 143 
66 68 67 77 
66 68 77 167 
66 68 167 154 
66 68 154 67 
68 70 69 79 
68 70 79 169 
68 70 169 156 
68 70 156 69 
70 72 71 81 
70 72 81 171 
70 72 171 158 
70 72 158 71 
72 73 83 173 
72 73 173 160 
74 76 75 86 
74 76 86 179 
74 76 179 165 
74 76 165 75 
76 78 77 88 
76 78 88 181 
76 78 181 167 
76 78 167 77 
78 80 79 90 
78 80 90 183 
78 80 183 169 
78 80 169 79 
80 82 81 92 
80 82 92 185 
80 82 185 171 
80 82 171 81 
82 84 83 94 
82 84 94 187 
82 84 187 173 
82 84 173 83 
85 87 86 96 
85 87 96 193 
85 87 193 179 
85 87 179 86 
87 89 88 98 
87 89 98 195 
87 89 195 181 
87 89 181 88 
89 91 90 100 
89 91 100 197 
89 91 197 183 
89 91 183 90 
91 93 92 102 
91 93 102 199 
91 93 199 185 
91 93 185 92 
93 95 201 187 
93 95 187 94 
97 99 98 105 
97 99 105 206 
97 99 206 195 
97 99 195 98 
99 101 100 107 
99 101 107 208 
99 101 208 197 
99 101 197 100 
101 103 102 109 
101 103 109 210 
101 103 210 199 
101 103 199 102 
104 106 105 111 
104 106 111 216 
104 106 216 206 
104 106 206 105 
106 108 107 113 
106 108 113 218 
106 108 218 208 
106 108 208 107 
110 112 224 216 
110 112 216 111 
142 144 143 158 
142 144 158 285 
142 144 285 266 
142 144 266 143 
144 146 145 160 
144 146 160 287 
144 146 287 268 
144 146 268 145 
153 155 154 167 
153 155 167 299 
155 157 156 169 
155 157 169 301 
155 157 301 283 
155 157 283 156 
157 159 158 171 
157 159 171 303 
157 159 303 285 
157 159 285 158 
159 161 160 173 
159 161 173 305 
159 161 305 287 
159 161 287 160 
164 166 165 179 
164 166 179 314 
164 166 314 297 
164 166 297 165 
166 168 167 181 
166 168 181 316 
166 168 316 299 
166 168 299 167 
168 170 169 183 
168 170 183 318 
168 170 318 301 
168 170 301 169 
170 172 171 185 
170 172 185 320 
170 172 320 303 
170 172 303 171 
172 174 173 187 
172 174 187 322 
172 174 322 305 
172 174 305 173 
176 178 177 191 
176 178 191 329 
176 178 329 312 
176 178 312 177 
178 180 179 193 
178 180 193 331 
178 180 331 314 
178 180 314 179 
180 182 181 195 
180 182 195 333 
180 182 333 316 
180 182 316 181 
182 184 183 197 
182 184 197 335 
182 184 335 318 
182 184 318 183 
184 186 185 199 
184 186 199 337 
184 186 337 320 
184 186 320 185 
186 188 187 201 
186 188 201 339 
186 188 339 322 
186 188 322 187 
190 192 346 329 
190 192 329 191 
192 194 193 204 
192 194 204 348 
192 194 348 331 
192 194 331 193 
194 196 195 206 
194 196 206 350 
194 196 350 333 
194 196 333 195 
196 198 197 208 
196 198 208 352 
196 198 352 335 
196 198 335 197 
198 200 199 210 
198 200 210 354 
198 200 354 337 
198 200 337 199 
200 202 201 212 
200 202 212 356 
200 202 356 339 
200 202 339 201 
203 205 204 214 
203 205 214 361 
203 205 361 348 
203 205 348 204 
205 207 206 216 
205 207 216 363 
205 207 363 350 
205 207 350 206 
207 209 208 218 
207 209 218 365 
207 209 365 352 
207 209 352 208 
209 211 210 220 
209 211 220 367 
209 211 367 354 
209 211 354 210 
213 215 214 222 
213 215 222 373 
213 215 373 361 
213 215 361 214 
215 217 216 224 
215 217 224 375 
215 217 375 363 
215 217 363 216 
217 219 377 365 
217 219 365 218 
221 223 378 373 
221 223 373 222 
265 267 266 285 
265 267 285 449 
267 269 268 287 
267 269 287 451 
267 269 451 428 
267 269 428 268 
269 271 270 289 
269 271 289 453 
269 271 453 430 
269 271 430 270 
282 284 283 301 
282 284 301 470 
282 284 470 447 
282 284 447 283 
284 286 285 303 
284 286 303 472 
284 286 472 449 
284 286 449 285 
286 288 287 305 
286 288 305 474 
286 288 474 451 
286 288 451 287 
288 290 289 307 
288 290 307 476 
288 290 476 453 
288 290 453 289 
296 298 297 314 
296 298 314 488 
298 300 299 316 
298 300 316 490 
298 300 490 468 
298 300 468 299 
300 302 301 318 
300 302 318 492 
300 302 492 470 
300 302 470 301 
302 304 303 320 
302 304 320 494 
302 304 494 472 
302 304 472 303 
304 306 305 322 
304 306 322 496 
304 306 496 474 
304 306 474 305 
306 308 307 324 
306 308 324 498 
306 308 498 476 
306 308 476 307 
311 313 312 329 
311 313 329 507 
311 313 507 486 
311 313 486 312 
313 315 314 331 
313 315 331 509 
313 315 509 488 
313 315 488 314 
315 317 316 333 
315 317 333 511 
315 317 511 490 
315 317 490 316 
317 319 318 335 
317 319 335 513 
317 319 513 492 
317 319 492 318 
319 321 320 337 
319 321 337 515 
319 321 515 494 
319 321 494 320 
321 323 322 339 
321 323 339 517 
321 323 517 496 
321 323 496 322 
323 325 324 341 
323 325 341 519 
323 325 519 498 
323 325 498 324 
326 328 327 344 
326 328 344 525 
326 328 525 505 
326 328 505 327 
328 330 329 346 
328 330 346 527 
328 330 527 507 
328 330 507 329 
330 332 331 348 
330 332 348 529 
330 332 529 509 
330 332 509 331 
332 334 333 350 
332 334 350 531 
332 334 531 511 
332 334 511 333 
334 336 335 352 
334 336 352 533 
334 336 533 513 
334 336 513 335 
336 338 337 354 
336 338 354 535 
336 338 535 515 
336 338 515 337 
338 340 339 356 
338 340 356 537 
338 340 537 517 
338 340 517 339 
340 342 539 519 
340 342 519 341 
343 345 542 525 
343 345 525 344 
345 347 346 359 
345 347 359 544 
345 347 544 527 
345 347 527 346 
347 349 348 361 
347 349 361 546 
347 349 546 529 
347 349 529 348 
349 351 350 363 
349 351 363 548 
349 351 548 531 
349 351 531 350 
351 353 352 365 
351 353 365 550 
351 353 550 533 
351 353 533 352 
353 355 354 367 
353 355 367 552 
353 355 552 535 
353 355 535 354 
355 357 356 369 
355 357 369 554 
355 357 554 537 
355 357 537 356 
358 360 359 371 
358 360 371 557 
358 360 557 544 
358 360 544 359 
360 362 361 373 
360 362 373 559 
360 362 559 546 
360 362 546 361 
362 364 363 375 
362 364 375 561 
362 364 561 548 
362 364 548 363 
364 366 365 377 
364 366 377 563 
364 366 563 550 
364 366 550 365 
370 372 564 557 
370 372 557 371 
372 374 373 378 
372 374 559 373 
409 411 410 430 
409 411 430 619 
409 411 619 598 
427 429 428 451 
427 429 451 641 
427 429 641 617 
427 429 617 428 
429 431 430 453 
429 431 453 643 
429 431 643 619 
429 431 619 430 
431 433 432 455 
431 433 455 645 
431 433 645 621 
431 433 621 432 
446 448 447 470 
446 448 470 662 
446 448 662 637 
446 448 637 447 
448 450 449 472 
448 450 472 664 
448 450 664 639 
448 450 639 449 
450 452 451 474 
450 452 474 666 
450 452 666 641 
450 452 641 451 
452 454 453 476 
452 454 476 668 
452 454 668 643 
452 454 643 453 
454 456 455 478 
454 456 478 670 
454 456 670 645 
454 456 645 455 
467 469 468 490 
467 469 490 685 
467 469 685 660 
467 469 660 468 
469 471 470 492 
469 471 492 687 
469 471 687 662 
469 471 662 470 
471 473 472 494 
471 473 494 689 
471 473 689 664 
471 473 664 472 
473 475 474 496 
473 475 496 691 
473 475 691 666 
473 475 666 474 
475 477 476 498 
475 477 498 693 
475 477 693 668 
475 477 668 476 
477 479 478 500 
477 479 500 695 
477 479 695 670 
477 479 670 478 
485 487 486 507 
485 487 507 706 
485 487 706 681 
485 487 681 486 
487 489 488 509 
487 489 509 708 
487 489 708 683 
487 489 683 488 
489 491 490 511 
489 491 511 710 
489 491 710 685 
489 491 685 490 
491 493 492 513 
491 493 513 712 
491 493 712 687 
491 493 687 492 
493 495 494 515 
493 495 515 714 
493 495 714 689 
493 495 689 494 
495 497 496 517 
495 497 517 716 
495 497 716 691 
495 497 691 496 
497 499 498 519 
497 499 519 718 
497 499 718 693 
497 499 693 498 
499 501 500 521 
499 501 521 720 
499 501 720 695 
499 501 695 500 
502 504 503 523 
502 504 523 725 
504 506 505 525 
504 506 525 727 
504 506 727 704 
504 506 704 505 
506 508 507 527 
506 508 527 729 
506 508 729 706 
506 508 706 507 
508 510 509 529 
508 510 529 731 
508 510 731 708 
508 510 708 509 
510 512 511 531 
510 512 531 733 
510 512 733 710 
510 512 710 511 
512 514 513 533 
512 514 533 735 
512 514 735 712 
512 514 712 513 
514 516 515 535 
514 516 535 737 
514 516 737 714 
514 516 714 515 
516 518 517 537 
516 518 537 739 
516 518 739 716 
516 518 716 517 
518 520 519 539 
518 520 539 741 
518 520 741 718 
518 520 718 519 
522 524 523 540 
522 524 540 744 
522 524 744 725 
522 524 725 523 
524 526 525 542 
524 526 542 746 
524 526 746 727 
524 526 727 525 
526 528 527 544 
526 528 544 748 
526 528 748 729 
526 528 729 527 
528 530 529 546 
528 530 546 750 
528 530 750 731 
528 530 731 529 
530 532 531 548 
530 532 548 752 
530 532 752 733 
530 532 733 531 
532 534 533 550 
532 534 550 754 
532 534 754 735 
532 534 735 533 
534 536 535 552 
534 536 552 756 
534 536 756 737 
534 536 737 535 
536 538 537 554 
536 538 554 758 
536 538 758 739 
536 538 739 537 
541 543 542 555 
541 543 555 761 
541 543 761 746 
541 543 746 542 
543 545 544 557 
543 545 557 762 
543 545 762 748 
543 545 748 544 
545 547 546 559 
545 547 559 763 
545 547 763 750 
545 547 750 546 
547 549 548 561 
547 549 561 765 
547 549 765 752 
547 549 752 548 
549 551 550 563 
549 551 563 766 
549 551 766 754 
549 551 754 550 
551 553 767 756 
551 553 756 552 
556 558 557 564 
556 558 762 557 
597 599 598 619 
597 599 619 828 
599 601 600 621 
599 601 621 830 
599 601 830 807 
599 601 807 600 
616 618 617 641 
616 618 641 851 
616 618 851 826 
616 618 826 617 
618 620 619 643 
618 620 643 853 
618 620 853 828 
618 620 828 619 
620 622 621 645 
620 622 645 855 
620 622 855 830 
620 622 830 621 
622 624 623 647 
622 624 647 857 
622 624 857 832 
622 624 832 623 
636 638 637 662 
636 638 662 873 
638 640 639 664 
638 640 664 875 
638 640 875 849 
638 640 849 639 
640 642 641 666 
640 642 666 877 
640 642 877 851 
640 642 851 641 
642 644 643 668 
642 644 668 879 
642 644 879 853 
642 644 853 643 
644 646 645 670 
644 646 670 881 
644 646 881 855 
644 646 855 645 
646 648 647 672 
646 648 672 883 
646 648 883 857 
646 648 857 647 
659 661 660 685 
659 661 685 897 
659 661 897 871 
659 661 871 660 
661 663 662 687 
661 663 687 899 
661 663 899 873 
661 663 873 662 
663 665 664 689 
663 665 689 901 
663 665 901 875 
663 665 875 664 
665 667 666 691 
665 667 691 903 
665 667 903 877 
665 667 877 666 
667 669 668 693 
667 669 693 905 
667 669 905 879 
667 669 879 668 
669 671 670 695 
669 671 695 907 
669 671 907 881 
669 671 881 670 
671 673 672 697 
671 673 697 909 
671 673 909 883 
671 673 883 672 
680 682 681 706 
680 682 706 917 
682 684 683 708 
682 684 708 919 
682 684 919 895 
682 684 895 683 
684 686 685 710 
684 686 710 921 
684 686 921 897 
684 686 897 685 
686 688 687 712 
686 688 712 923 
686 688 923 899 
686 688 899 687 
688 690 689 714 
688 690 714 925 
688 690 925 901 
688 690 901 689 
690 692 691 716 
690 692 716 927 
690 692 927 903 
690 692 903 691 
692 694 693 718 
692 694 718 929 
692 694 929 905 
692 694 905 693 
694 696 695 720 
694 696 720 931 
694 696 931 907 
694 696 907 695 
696 698 697 722 
696 698 722 933 
696 698 933 909 
696 698 909 697 
703 705 704 727 
703 705 727 937 
703 705 937 915 
703 705 915 704 
705 707 706 729 
705 707 729 939 
705 707 939 917 
705 707 917 706 
707 709 708 731 
707 709 731 941 
707 709 941 919 
707 709 919 708 
709 711 710 733 
709 711 733 943 
709 711 943 921 
709 711 921 710 
711 713 712 735 
711 713 735 945 
711 713 945 923 
711 713 923 712 
713 715 714 737 
713 715 737 947 
713 715 947 925 
713 715 925 714 
715 717 716 739 
715 717 739 949 
715 717 949 927 
715 717 927 716 
717 719 718 741 
717 719 741 951 
717 719 951 929 
717 719 929 718 
719 721 720 743 
719 721 743 953 
719 721 953 931 
719 721 931 720 
724 726 725 744 
724 726 744 955 
724 726 955 935 
724 726 935 725 
726 728 727 746 
726 728 746 956 
726 728 956 937 
726 728 937 727 
728 730 729 748 
728 730 748 958 
728 730 958 939 
728 730 939 729 
730 732 731 750 
730 732 750 960 
730 732 960 941 
730 732 941 731 
732 734 733 752 
732 734 752 962 
732 734 962 943 
732 734 943 733 
734 736 735 754 
734 736 754 964 
734 736 964 945 
734 736 945 735 
736 738 737 756 
736 738 756 966 
736 738 966 947 
736 738 947 737 
738 740 739 758 
738 740 758 968 
738 740 968 949 
738 740 949 739 
740 742 741 760 
740 742 760 970 
740 742 970 951 
740 742 951 741 
745 747 746 761 
745 747 956 746 
747 749 748 762 
747 749 971 958 
747 749 958 748 
749 751 750 763 
749 751 763 972 
749 751 972 960 
749 751 960 750 
751 753 752 765 
751 753 765 973 
751 753 973 962 
751 753 962 752 
753 755 754 766 
753 755 974 964 
753 755 964 754 
755 757 756 767 
755 757 975 966 
755 757 966 756 
788 789 809 1018 
806 808 807 830 
806 808 830 1039 
806 808 1039 1016 
806 808 1016 807 
808 810 809 832 
808 810 832 1041 
808 810 1041 1018 
808 810 1018 809 
810 811 834 1043 
810 811 1043 1020 
825 827 826 851 
825 827 851 1060 
827 829 828 853 
827 829 853 1062 
827 829 1062 1037 
827 829 1037 828 
829 831 830 855 
829 831 855 1064 
829 831 1064 1039 
829 831 1039 830 
831 833 832 857 
831 833 857 1066 
831 833 1066 1041 
831 833 1041 832 
833 835 859 1068 
833 835 1068 1043 
833 835 1043 834 
848 850 849 875 
848 850 875 1084 
848 850 1084 1058 
848 850 1058 849 
850 852 851 877 
850 852 877 1086 
850 852 1086 1060 
850 852 1060 851 
852 854 853 879 
852 854 879 1088 
852 854 1088 1062 
852 854 1062 853 
854 856 855 881 
854 856 881 1090 
854 856 1090 1064 
854 856 1064 855 
856 858 857 883 
856 858 883 1092 
856 858 1092 1066 
856 858 1066 857 
858 860 859 885 
858 860 885 1094 
858 860 1094 1068 
858 860 1068 859 
870 872 871 897 
870 872 897 1106 
872 874 873 899 
872 874 899 1108 
872 874 1108 1082 
872 874 1082 873 
874 876 875 901 
874 876 901 1110 
874 876 1110 1084 
874 876 1084 875 
876 878 877 903 
876 878 903 1112 
876 878 1112 1086 
876 878 1086 877 
878 880 879 905 
878 880 905 1114 
878 880 1114 1088 
878 880 1088 879 
880 882 881 907 
880 882 907 1116 
880 882 1116 1090 
880 882 1090 881 
882 884 883 909 
882 884 909 1118 
882 884 1118 1092 
882 884 1092 883 
894 896 895 919 
894 896 919 1129 
894 896 1129 1104 
894 896 1104 895 
896 898 897 921 
896 898 921 1131 
896 898 1131 1106 
896 898 1106 897 
898 900 899 923 
898 900 923 1133 
898 900 1133 1108 
898 900 1108 899 
900 902 901 925 
900 902 925 1135 
900 902 1135 1110 
900 902 1110 901 
902 904 903 927 
902 904 927 1137 
902 904 1137 1112 
902 904 1112 903 
904 906 905 929 
904 906 929 1139 
904 906 1139 1114 
904 906 1114 905 
906 908 907 931 
906 908 931 1141 
906 908 1141 1116 
906 908 1116 907 
908 910 909 933 
908 910 933 1143 
908 910 1143 1118 
908 910 1118 909 
914 916 915 937 
914 916 937 1147 
916 918 917 939 
916 918 939 1149 
916 918 1149 1127 
916 918 1127 917 
918 920 919 941 
918 920 941 1151 
918 920 1151 1129 
918 920 1129 919 
920 922 921 943 
920 922 943 1153 
920 922 1153 1131 
920 922 1131 921 
922 924 923 945 
922 924 945 1155 
922 924 1155 1133 
922 924 1133 923 
924 926 925 947 
924 926 947 1157 
924 926 1157 1135 
924 926 1135 925 
926 928 927 949 
926 928 949 1159 
926 928 1159 1137 
926 928 1137 927 
928 930 929 951 
928 930 951 1161 
928 930 1161 1139 
928 930 1139 929 
930 932 931 953 
930 932 953 1163 
930 932 1163 1141 
930 932 1141 931 
936 938 937 956 
936 938 1147 937 
938 940 939 958 
938 940 958 1166 
938 940 1166 1149 
938 940 1149 939 
940 942 941 960 
940 942 960 1167 
940 942 1167 1151 
940 942 1151 941 
942 944 943 962 
942 944 962 1169 
942 944 1169 1153 
942 944 1153 943 
944 946 945 964 
944 946 964 1171 
944 946 1171 1155 
944 946 1155 945 
946 948 947 966 
946 948 966 1173 
946 948 1173 1157 
946 948 1157 947 
948 950 949 968 
948 950 968 1175 
948 950 1175 1159 
948 950 1159 949 
950 952 951 970 
950 952 970 1177 
950 952 1177 1161 
950 952 1161 951 
952 954 1178 1163 
952 954 1163 953 
957 959 958 971 
957 959 1166 958 
959 961 960 972 
959 961 1167 960 
961 963 962 973 
961 963 1179 1169 
961 963 1169 962 
963 965 964 974 
963 965 1180 1171 
963 965 1171 964 
965 967 966 975 
965 967 1181 1173 
965 967 1173 966 
1015 1017 1016 1039 
1015 1017 1039 1246 
1017 1019 1018 1041 
1017 1019 1041 1248 
1017 1019 1248 1227 
1017 1019 1227 1018 
1019 1021 1020 1043 
1019 1021 1043 1250 
1019 1021 1250 1229 
1019 1021 1229 1020 
1036 1038 1037 1062 
1036 1038 1062 1265 
1036 1038 1265 1244 
1036 1038 1244 1037 
1038 1040 1039 1064 
1038 1040 1064 1267 
1038 1040 1267 1246 
1038 1040 1246 1039 
1040 1042 1041 1066 
1040 1042 1066 1269 
1040 1042 1269 1248 
1040 1042 1248 1041 
1042 1044 1043 1068 
1042 1044 1068 1271 
1042 1044 1271 1250 
1042 1044 1250 1043 
1057 1059 1058 1084 
1057 1059 1084 1284 
1059 1061 1060 1086 
1059 1061 1086 1286 
1059 1061 1286 1263 
1059 1061 1263 1060 
1061 1063 1062 1088 
1061 1063 1088 1288 
1061 1063 1288 1265 
1061 1063 1265 1062 
1063 1065 1064 1090 
1063 1065 1090 1290 
1063 1065 1290 1267 
1063 1065 1267 1064 
1065 1067 1066 1092 
1065 1067 1092 1292 
1065 1067 1292 1269 
1065 1067 1269 1066 
1067 1069 1068 1094 
1067 1069 1094 1294 
1067 1069 1294 1271 
1067 1069 1271 1068 
1069 1071 1070 1096 
1069 1071 1096 1296 
1069 1071 1296 1273 
1069 1071 1273 1070 
1081 1083 1082 1108 
1081 1083 1108 1305 
1081 1083 1305 1282 
1081 1083 1282 1082 
1083 1085 1084 1110 
1083 1085 1110 1307 
1083 1085 1307 1284 
1083 1085 1284 1084 
1085 1087 1086 1112 
1085 1087 1112 1309 
1085 1087 1309 1286 
1085 1087 1286 1086 
1087 1089 1088 1114 
1087 1089 1114 1311 
1087 1089 1311 1288 
1087 1089 1288 1088 
1089 1091 1090 1116 
1089 1091 1116 1313 
1089 1091 1313 1290 
1089 1091 1290 1090 
1091 1093 1092 1118 
1091 1093 1118 1315 
1091 1093 1315 1292 
1091 1093 1292 1092 
1093 1095 1094 1120 
1093 1095 1120 1317 
1093 1095 1317 1294 
1093 1095 1294 1094 
1095 1097 1096 1122 
1095 1097 1122 1319 
1095 1097 1319 1296 
1095 1097 1296 1096 
1103 1105 1104 1129 
1103 1105 1129 1324 
1103 1105 1324 1301 
1105 1107 1106 1131 
1105 1107 1131 1326 
1105 1107 1326 1303 
1105 1107 1303 1106 
1107 1109 1108 1133 
1107 1109 1133 1328 
1107 1109 1328 1305 
1107 1109 1305 1108 
1109 1111 1110 1135 
1109 1111 1135 1330 
1109 1111 1330 1307 
1109 1111 1307 1110 
1111 1113 1112 1137 
1111 1113 1137 1332 
1111 1113 1332 1309 
1111 1113 1309 1112 
1113 1115 1114 1139 
1113 1115 1139 1334 
1113 1115 1334 1311 
1113 1115 1311 1114 
1115 1117 1116 1141 
1115 1117 1141 1336 
1115 1117 1336 1313 
1115 1117 1313 1116 
1117 1119 1118 1143 
1117 1119 1143 1338 
1117 1119 1338 1315 
1117 1119 1315 1118 
1119 1121 1120 1145 
1119 1121 1145 1340 
1119 1121 1340 1317 
1119 1121 1317 1120 
1126 1128 1127 1149 
1126 1128 1149 1343 
1126 1128 1343 1322 
1126 1128 1322 1127 
1128 1130 1129 1151 
1128 1130 1151 1345 
1128 1130 1345 1324 
1128 1130 1324 1129 
1130 1132 1131 1153 
1130 1132 1153 1347 
1130 1132 1347 1326 
1130 1132 1326 1131 
1132 1134 1133 1155 
1132 1134 1155 1349 
1132 1134 1349 1328 
1132 1134 1328 1133 
1134 1136 1135 1157 
1134 1136 1157 1351 
1134 1136 1351 1330 
1134 1136 1330 1135 
1136 1138 1137 1159 
1136 1138 1159 1353 
1136 1138 1353 1332 
1136 1138 1332 1137 
1138 1140 1139 1161 
1138 1140 1161 1355 
1138 1140 1355 1334 
1138 1140 1334 1139 
1140 1142 1141 1163 
1140 1142 1163 1357 
1140 1142 1357 1336 
1140 1142 1336 1141 
1142 1144 1143 1165 
1142 1144 1165 1359 
1142 1144 1359 1338 
1142 1144 1338 1143 
1144 1146 1361 1340 
1144 1146 1340 1145 
1148 1150 1149 1166 
1148 1150 1343 1149 
1150 1152 1151 1167 
1150 1152 1167 1362 
1150 1152 1362 1345 
1150 1152 1345 1151 
1152 1154 1153 1169 
1152 1154 1169 1363 
1152 1154 1363 1347 
1152 1154 1347 1153 
1154 1156 1155 1171 
1154 1156 1171 1365 
1154 1156 1365 1349 
1154 1156 1349 1155 
1156 1158 1157 1173 
1156 1158 1173 1367 
1156 1158 1367 1351 
1156 1158 1351 1157 
1158 1160 1159 1175 
1158 1160 1175 1369 
1158 1160 1369 1353 
1158 1160 1353 1159 
1160 1162 1161 1177 
1160 1162 1177 1371 
1160 1162 1371 1355 
1160 1162 1355 1161 
1162 1164 1163 1178 
1162 1164 1372 1357 
1162 1164 1357 1163 
1168 1170 1169 1179 
1168 1170 1363 1169 
1170 1172 1171 1180 
1170 1172 1365 1171 
1172 1174 1173 1181 
1172 1174 1367 1173 
1226 1228 1227 1248 
1226 1228 1248 1427 
1226 1228 1410 1227 
1243 1245 1244 1265 
1243 1245 1265 1441 
1243 1245 1441 1423 
1245 1247 1246 1267 
1245 1247 1267 1443 
1245 1247 1443 1425 
1245 1247 1425 1246 
1247 1249 1248 1269 
1247 1249 1269 1445 
1247 1249 1445 1427 
1247 1249 1427 1248 
1262 1264 1263 1286 
1262 1264 1286 1458 
1262 1264 1458 1439 
1262 1264 1439 1263 
1264 1266 1265 1288 
1264 1266 1288 1460 
1264 1266 1460 1441 
1264 1266 1441 1265 
1266 1268 1267 1290 
1266 1268 1290 1462 
1266 1268 1462 1443 
1266 1268 1443 1267 
1268 1270 1269 1292 
1268 1270 1292 1464 
1268 1270 1464 1445 
1268 1270 1445 1269 
1281 1283 1282 1305 
1281 1283 1305 1471 
1281 1283 1471 1454 
1281 1283 1454 1282 
1283 1285 1284 1307 
1283 1285 1307 1473 
1283 1285 1473 1456 
1283 1285 1456 1284 
1285 1287 1286 1309 
1285 1287 1309 1475 
1285 1287 1475 1458 
1285 1287 1458 1286 
1287 1289 1288 1311 
1287 1289 1311 1477 
1287 1289 1477 1460 
1287 1289 1460 1288 
1289 1291 1290 1313 
1289 1291 1313 1479 
1289 1291 1479 1462 
1289 1291 1462 1290 
1291 1293 1292 1315 
1291 1293 1315 1481 
1291 1293 1481 1464 
1291 1293 1464 1292 
1293 1295 1294 1317 
1293 1295 1317 1483 
1300 1302 1301 1324 
1300 1302 1324 1486 
1302 1304 1303 1326 
1302 1304 1326 1488 
1302 1304 1488 1469 
1302 1304 1469 1303 
1304 1306 1305 1328 
1304 1306 1328 1490 
1304 1306 1490 1471 
1304 1306 1471 1305 
1306 1308 1307 1330 
1306 1308 1330 1492 
1306 1308 1492 1473 
1306 1308 1473 1307 
1308 1310 1309 1332 
1308 1310 1332 1494 
1308 1310 1494 1475 
1308 1310 1475 1309 
1310 1312 1311 1334 
1310 1312 1334 1496 
1310 1312 1496 1477 
1310 1312 1477 1311 
1312 1314 1313 1336 
1312 1314 1336 1498 
1312 1314 1498 1479 
1312 1314 1479 1313 
1314 1316 1315 1338 
1314 1316 1338 1500 
1314 1316 1500 1481 
1314 1316 1481 1315 
1316 1318 1317 1340 
1316 1318 1340 1502 
1316 1318 1502 1483 
1316 1318 1483 1317 
1321 1323 1322 1343 
1321 1323 1484 1322 
1323 1325 1324 1345 
1323 1325 1345 1503 
1323 1325 1503 1486 
1323 1325 1486 1324 
1325 1327 1326 1347 
1325 1327 1347 1505 
1325 1327 1505 1488 
1325 1327 1488 1326 
1327 1329 1328 1349 
1327 1329 1349 1507 
1327 1329 1507 1490 
1327 1329 1490 1328 
1329 1331 1330 1351 
1329 1331 1351 1509 
1329 1331 1509 1492 
1329 1331 1492 1330 
1331 1333 1332 1353 
1331 1333 1353 1511 
1331 1333 1511 1494 
1331 1333 1494 1332 
1333 1335 1334 1355 
1333 1335 1355 1513 
1333 1335 1513 1496 
1333 1335 1496 1334 
1335 1337 1336 1357 
1335 1337 1357 1515 
1335 1337 1515 1498 
1335 1337 1498 1336 
1337 1339 1338 1359 
1337 1339 1359 1517 
1337 1339 1517 1500 
1337 1339 1500 1338 
1339 1341 1340 1361 
1339 1341 1361 1519 
1339 1341 1519 1502 
1339 1341 1502 1340 
1344 1346 1345 1362 
1344 1346 1503 1345 
1346 1348 1347 1363 
1346 1348 1363 1520 
1346 1348 1520 1505 
1346 1348 1505 1347 
1348 1350 1349 1365 
1348 1350 1365 1521 
1348 1350 1521 1507 
1348 1350 1507 1349 
1350 1352 1351 1367 
1350 1352 1367 1522 
1350 1352 1522 1509 
1350 1352 1509 1351 
1352 1354 1353 1369 
1352 1354 1369 1524 
1352 1354 1524 1511 
1352 1354 1511 1353 
1354 1356 1355 1371 
1354 1356 1371 1526 
1354 1356 1526 1513 
1354 1356 1513 1355 
1356 1358 1357 1372 
1356 1358 1527 1515 
1356 1358 1515 1357 
1358 1360 1529 1517 
1358 1360 1517 1359 
1422 1424 1423 1441 
1422 1424 1441 1583 
1424 1426 1425 1443 
1424 1426 1443 1585 
1424 1426 1585 1571 
1424 1426 1571 1425 
1438 1440 1439 1458 
1438 1440 1458 1596 
1438 1440 1596 1581 
1438 1440 1581 1439 
1440 1442 1441 1460 
1440 1442 1460 1598 
1440 1442 1598 1583 
1440 1442 1583 1441 
1442 1444 1443 1462 
1442 1444 1462 1600 
1442 1444 1600 1585 
1442 1444 1585 1443 
1453 1455 1454 1471 
1453 1455 1471 1606 
1455 1457 1456 1473 
1455 1457 1473 1608 
1455 1457 1608 1594 
1455 1457 1594 1456 
1457 1459 1458 1475 
1457 1459 1475 1610 
1457 1459 1610 1596 
1457 1459 1596 1458 
1459 1461 1460 1477 
1459 1461 1477 1612 
1459 1461 1612 1598 
1459 1461 1598 1460 
1461 1463 1462 1479 
1461 1463 1479 1614 
1461 1463 1614 1600 
1461 1463 1600 1462 
1468 1470 1469 1488 
1468 1470 1488 1617 
1468 1470 1617 1604 
1468 1470 1604 1469 
1470 1472 1471 1490 
1470 1472 1490 1619 
1470 1472 1619 1606 
1470 1472 1606 1471 
1472 1474 1473 1492 
1472 1474 1492 1621 
1472 1474 1621 1608 
1472 1474 1608 1473 
1474 1476 1475 1494 
1474 1476 1494 1623 
1474 1476 1623 1610 
1474 1476 1610 1475 
1476 1478 1477 1496 
1476 1478 1496 1625 
1476 1478 1625 1612 
1476 1478 1612 1477 
1478 1480 1479 1498 
1478 1480 1498 1627 
1478 1480 1627 1614 
1478 1480 1614 1479 
1480 1482 1481 1500 
1480 1482 1500 1629 
1485 1487 1486 1503 
1485 1487 1615 1486 
1487 1489 1488 1505 
1487 1489 1505 1630 
1487 1489 1630 1617 
1487 1489 1617 1488 
1489 1491 1490 1507 
1489 1491 1507 1632 
1489 1491 1632 1619 
1489 1491 1619 1490 
1491 1493 1492 1509 
1491 1493 1509 1634 
1491 1493 1634 1621 
1491 1493 1621 1492 
1493 1495 1494 1511 
1493 1495 1511 1636 
1493 1495 1636 1623 
1493 1495 1623 1494 
1495 1497 1496 1513 
1495 1497 1513 1638 
1495 1497 1638 1625 
1495 1497 1625 1496 
1497 1499 1498 1515 
1497 1499 1515 1640 
1497 1499 1640 1627 
1497 1499 1627 1498 
1499 1501 1500 1517 
1499 1501 1517 1642 
1499 1501 1642 1629 
1499 1501 1629 1500 
1504 1506 1505 1520 
1504 1506 1630 1505 
1506 1508 1507 1521 
1506 1508 1643 1632 
1506 1508 1632 1507 
1508 1510 1509 1522 
1508 1510 1522 1644 
1508 1510 1644 1634 
1508 1510 1634 1509 
1510 1512 1511 1524 
1510 1512 1524 1645 
1510 1512 1645 1636 
1510 1512 1636 1511 
1512 1514 1513 1526 
1512 1514 1526 1646 
1512 1514 1646 1638 
1512 1514 1638 1513 
1514 1516 1515 1527 
1514 1516 1527 1648 
1514 1516 1648 1640 
1514 1516 1640 1515 
1516 1518 1517 1529 
1516 1518 1529 1649 
1516 1518 1649 1642 
1516 1518 1642 1517 
1580 1582 1581 1596 
1580 1582 1596 1695 
1582 1584 1583 1598 
1582 1584 1598 1697 
1582 1584 1697 1686 
1582 1584 1686 1583 
1593 1595 1594 1608 
1593 1595 1608 1703 
1593 1595 1703 1693 
1593 1595 1693 1594 
1595 1597 1596 1610 
1595 1597 1610 1705 
1595 1597 1705 1695 
1595 1597 1695 1596 
1597 1599 1598 1612 
1597 1599 1612 1707 
1597 1599 1707 1697 
1597 1599 1697 1598 
1603 1605 1604 1617 
1603 1605 1617 1708 
1605 1607 1606 1619 
1605 1607 1619 1710 
1605 1607 1710 1701 
1605 1607 1701 1606 
1607 1609 1608 1621 
1607 1609 1621 1712 
1607 1609 1712 1703 
1607 1609 1703 1608 
1609 1611 1610 1623 
1609 1611 1623 1714 
1609 1611 1714 1705 
1609 1611 1705 1610 
1611 1613 1612 1625 
1611 1613 1625 1716 
1611 1613 1716 1707 
1611 1613 1707 1612 
1616 1618 1617 1630 
1616 1618 1708 1617 
1618 1620 1619 1632 
1618 1620 1632 1718 
1618 1620 1718 1710 
1618 1620 1710 1619 
1620 1622 1621 1634 
1620 1622 1634 1719 
1620 1622 1719 1712 
1620 1622 1712 1621 
1622 1624 1623 1636 
1622 1624 1636 1721 
1622 1624 1721 1714 
1622 1624 1714 1623 
1624 1626 1625 1638 
1624 1626 1638 1723 
1624 1626 1723 1716 
1624 1626 1716 1625 
1626 1628 1627 1640 
1626 1628 1640 1725 
1631 1633 1632 1643 
1631 1633 1718 1632 
1633 1635 1634 1644 
1633 1635 1719 1634 
1635 1637 1636 1645 
1635 1637 1726 1721 
1635 1637 1721 1636 
1637 1639 1638 1646 
1637 1639 1646 1727 
1637 1639 1727 1723 
1637 1639 1723 1638 
1639 1641 1640 1648 
1639 1641 1648 1728 
1639 1641 1728 1725 
1639 1641 1725 1640 
1692 1694 1693 1703 
1692 1694 1703 1761 
1692 1694 1761 1754 
1694 1696 1695 1705 
1694 1696 1705 1763 
1694 1696 1763 1756 
1694 1696 1756 1695 
1700 1702 1701 1710 
1700 1702 1710 1764 
1700 1702 1764 1759 
1700 1702 1759 1701 
1702 1704 1703 1712 
1702 1704 1712 1766 
1702 1704 1766 1761 
1702 1704 1761 1703 
1704 1706 1705 1714 
1704 1706 1714 1768 
1704 1706 1768 1763 
1704 1706 1763 1705 
1709 1711 1710 1718 
1709 1711 1764 1710 
1711 1713 1712 1719 
1711 1713 1719 1771 
1711 1713 1771 1766 
1711 1713 1766 1712 
1713 1715 1714 1721 
1713 1715 1721 1772 
1713 1715 1772 1768 
1713 1715 1768 1714 
1715 1717 1716 1723 
1715 1717 1723 1773 
1715 1717 1773 1770 
1715 1717 1770 1716 
1720 1722 1721 1726 
1720 1722 1772 1721 
1722 1724 1723 1727 
1722 1724 1773 1723 
1753 1755 1754 1761 
1753 1755 1761 1787 
1758 1760 1759 1764 
1758 1760 1764 1788 
1758 1760 1788 1785 
1758 1760 1785 1759 
1760 1762 1761 1766 
1760 1762 1766 1789 
1760 1762 1789 1787 
1760 1762 1787 1761 
1765 1767 1766 1771 
1765 1767 1789 1766 
16 21 75 77 
16 21 77 22 
21 28 86 88 
21 28 88 29 
13 18 17 67 
13 18 67 69 
13 18 69 19 
13 18 19 17 
18 23 22 77 
18 23 77 79 
18 23 79 24 
18 23 24 22 
23 30 29 88 
23 30 88 90 
23 30 90 31 
23 30 31 29 
30 35 98 100 
30 35 100 36 
35 40 105 107 
35 40 107 41 
15 20 19 69 
15 20 69 71 
20 25 24 79 
20 25 79 81 
20 25 81 26 
20 25 26 24 
25 32 31 90 
25 32 90 92 
25 32 92 33 
25 32 33 31 
32 37 36 100 
32 37 100 102 
32 37 102 38 
32 37 38 36 
37 42 41 107 
37 42 107 109 
37 42 109 43 
37 42 43 41 
74 85 177 179 
74 85 179 86 
66 76 75 165 
66 76 165 167 
66 76 167 77 
66 76 77 75 
76 87 86 179 
76 87 179 181 
76 87 181 88 
76 87 88 86 
87 97 96 193 
87 97 193 195 
87 97 195 98 
87 97 98 96 
97 104 204 206 
97 104 206 105 
104 110 214 216 
104 110 216 111 
60 68 67 154 
60 68 154 156 
60 68 156 69 
60 68 69 67 
68 78 77 167 
68 78 167 169 
68 78 169 79 
68 78 79 77 
78 89 88 181 
78 89 181 183 
78 89 183 90 
78 89 90 88 
89 99 98 195 
89 99 195 197 
89 99 197 100 
89 99 100 98 
99 106 105 206 
99 106 206 208 
99 106 208 107 
99 106 107 105 
106 112 111 216 
106 112 216 218 
106 112 218 113 
106 112 113 111 
62 70 69 156 
62 70 156 158 
62 70 158 71 
62 70 71 69 
70 80 79 169 
70 80 169 171 
70 80 171 81 
70 80 81 79 
80 91 90 183 
80 91 183 185 
80 91 185 92 
80 91 92 90 
91 101 100 197 
91 101 197 199 
91 101 199 102 
91 101 102 100 
101 108 107 208 
101 108 208 210 
101 108 210 109 
101 108 109 107 
63 72 71 158 
63 72 158 160 
72 82 81 171 
72 82 171 173 
72 82 173 83 
72 82 83 81 
82 93 92 185 
82 93 185 187 
82 93 187 94 
82 93 94 92 
93 103 102 199 
93 103 199 201 
73 84 83 173 
73 84 173 175 
84 95 94 187 
84 95 187 189 
176 190 327 329 
176 190 329 191 
164 178 177 312 
164 178 312 314 
164 178 314 179 
164 178 179 177 
178 192 191 329 
178 192 329 331 
178 192 331 193 
178 192 193 191 
192 203 346 348 
192 203 348 204 
203 213 359 361 
203 213 361 214 
213 221 371 373 
213 221 373 222 
153 166 165 297 
153 166 297 299 
153 166 299 167 
153 166 167 165 
166 180 179 314 
166 180 314 316 
166 180 316 181 
166 180 181 179 
180 194 193 331 
180 194 331 333 
180 194 333 195 
180 194 195 193 
194 205 204 348 
194 205 348 350 
194 205 350 206 
194 205 206 204 
205 215 214 361 
205 215 361 363 
205 215 363 216 
205 215 216 214 
215 223 222 373 
215 223 373 375 
215 223 375 224 
215 223 224 222 
155 168 167 299 
155 168 299 301 
155 168 301 169 
155 168 169 167 
168 182 181 316 
168 182 316 318 
168 182 318 183 
168 182 183 181 
182 196 195 333 
182 196 333 335 
182 196 335 197 
182 196 197 195 
196 207 206 350 
196 207 350 352 
196 207 352 208 
196 207 208 206 
207 217 216 363 
207 217 363 365 
207 217 365 218 
207 217 218 216 
142 157 156 283 
142 157 283 285 
142 157 285 158 
142 157 158 156 
157 170 169 301 
157 170 301 303 
157 170 303 171 
157 170 171 169 
170 184 183 318 
170 184 318 320 
170 184 320 185 
170 184 185 183 
184 198 197 335 
184 198 335 337 
184 198 337 199 
184 198 199 197 
198 209 208 352 
198 209 352 354 
198 209 354 210 
198 209 210 208 
209 219 218 365 
209 219 365 367 
209 219 367 220 
209 219 220 218 
131 144 143 266 
131 144 266 268 
131 144 268 145 
131 144 145 143 
144 159 158 285 
144 159 285 287 
144 159 287 160 
144 159 160 158 
159 172 171 303 
159 172 303 305 
159 172 305 173 
159 172 173 171 
172 186 185 320 
172 186 320 322 
172 186 322 187 
172 186 187 185 
186 200 199 337 
186 200 337 339 
186 200 339 201 
186 200 201 199 
200 211 210 354 
200 211 354 356 
200 211 356 212 
200 211 212 210 
146 161 160 287 
146 161 287 289 
161 174 173 305 
161 174 305 307 
161 174 175 173 
174 188 187 322 
174 188 322 324 
174 188 189 187 
188 202 201 339 
188 202 339 341 
326 343 523 525 
326 343 525 344 
311 328 327 505 
311 328 505 507 
311 328 507 329 
311 328 329 327 
328 345 344 525 
328 345 525 527 
328 345 527 346 
328 345 346 344 
345 358 542 544 
345 358 544 359 
358 370 555 557 
358 370 557 371 
296 313 312 486 
296 313 486 488 
296 313 488 314 
296 313 314 312 
313 330 329 507 
313 330 507 509 
313 330 509 331 
313 330 331 329 
330 347 346 527 
330 347 527 529 
330 347 529 348 
330 347 348 346 
347 360 359 544 
347 360 544 546 
347 360 546 361 
347 360 361 359 
360 372 371 557 
360 372 557 559 
360 372 559 373 
360 372 373 371 
298 315 314 488 
298 315 488 490 
298 315 490 316 
298 315 316 314 
315 332 331 509 
315 332 509 511 
315 332 511 333 
315 332 333 331 
332 349 348 529 
332 349 529 531 
332 349 531 350 
332 349 350 348 
349 362 361 546 
349 362 546 548 
349 362 548 363 
349 362 363 361 
362 374 373 559 
362 374 559 561 
362 374 561 375 
362 374 375 373 
282 300 299 468 
282 300 468 470 
282 300 470 301 
282 300 301 299 
300 317 316 490 
300 317 490 492 
300 317 492 318 
300 317 318 316 
317 334 333 511 
317 334 511 513 
317 334 513 335 
317 334 335 333 
334 351 350 531 
334 351 531 533 
334 351 533 352 
334 351 352 350 
351 364 363 548 
351 364 548 550 
351 364 550 365 
351 364 365 363 
364 376 375 561 
364 376 561 563 
364 376 563 377 
364 376 377 375 
265 284 283 447 
265 284 447 449 
265 284 449 285 
265 284 285 283 
284 302 301 470 
284 302 470 472 
284 302 472 303 
284 302 303 301 
302 319 318 492 
302 319 492 494 
302 319 494 320 
302 319 320 318 
319 336 335 513 
319 336 513 515 
319 336 515 337 
319 336 337 335 
336 353 352 533 
336 353 533 535 
336 353 535 354 
336 353 354 352 
353 366 365 550 
353 366 550 552 
353 366 552 367 
353 366 367 365 
267 286 285 449 
267 286 449 451 
267 286 451 287 
267 286 287 285 
286 304 303 472 
286 304 472 474 
286 304 474 305 
286 304 305 303 
304 321 320 494 
304 321 494 496 
304 321 496 322 
304 321 322 320 
321 338 337 515 
321 338 515 517 
321 338 517 339 
321 338 339 337 
338 355 354 535 
338 355 535 537 
338 355 537 356 
338 355 356 354 
355 368 367 552 
355 368 552 554 
355 368 554 369 
355 368 369 367 
252 269 268 428 
252 269 428 430 
252 269 430 270 
252 269 270 268 
269 288 287 451 
269 288 451 453 
269 288 453 289 
269 288 289 287 
288 306 305 474 
288 306 474 476 
288 306 476 307 
288 306 307 305 
306 323 322 496 
306 323 496 498 
306 323 498 324 
306 323 324 322 
323 340 339 517 
323 340 517 519 
323 340 519 341 
323 340 341 339 
340 357 356 537 
340 357 537 539 
271 290 289 453 
271 290 453 455 
290 308 307 476 
290 308 476 478 
308 325 324 498 
308 325 498 500 
325 342 341 519 
325 342 519 521 
502 522 723 725 
502 522 725 523 
504 524 523 725 
504 524 725 727 
504 524 727 525 
504 524 525 523 
524 541 540 744 
524 541 744 746 
524 541 746 542 
524 541 542 540 
485 506 505 704 
485 506 704 706 
485 506 706 507 
485 506 507 505 
506 526 525 727 
506 526 727 729 
506 526 729 527 
506 526 527 525 
526 543 542 746 
526 543 746 748 
526 543 748 544 
526 543 544 542 
543 556 555 761 
543 556 761 762 
543 556 762 557 
543 556 557 555 
465 487 486 681 
465 487 681 683 
465 487 683 488 
465 487 488 486 
487 508 507 706 
487 508 706 708 
487 508 708 509 
487 508 509 507 
508 528 527 729 
508 528 729 731 
508 528 731 529 
508 528 529 527 
528 545 544 748 
528 545 748 750 
528 545 750 546 
528 545 546 544 
545 558 557 762 
545 558 762 763 
545 558 763 559 
545 558 559 557 
467 489 488 683 
467 489 683 685 
467 489 685 490 
467 489 490 488 
489 510 509 708 
489 510 708 710 
489 510 710 511 
489 510 511 509 
510 530 529 731 
510 530 731 733 
510 530 733 531 
510 530 531 529 
530 547 546 750 
530 547 750 752 
530 547 752 548 
530 547 548 546 
547 560 559 763 
547 560 763 765 
547 560 765 561 
547 560 561 559 
446 469 468 660 
446 469 660 662 
446 469 662 470 
446 469 470 468 
469 491 490 685 
469 491 685 687 
469 491 687 492 
469 491 492 490 
491 512 511 710 
491 512 710 712 
491 512 712 513 
491 512 513 511 
512 532 531 733 
512 532 733 735 
512 532 735 533 
512 532 533 531 
532 549 548 752 
532 549 752 754 
532 549 754 550 
532 549 550 548 
549 562 561 765 
549 562 765 766 
549 562 766 563 
549 562 563 561 
425 448 447 637 
425 448 637 639 
425 448 639 449 
425 448 449 447 
448 471 470 662 
448 471 662 664 
448 471 664 472 
448 471 472 470 
471 493 492 687 
471 493 687 689 
471 493 689 494 
471 493 494 492 
493 514 513 712 
493 514 712 714 
493 514 714 515 
493 514 515 513 
514 534 533 735 
514 534 735 737 
514 534 737 535 
514 534 535 533 
534 551 550 754 
534 551 754 756 
534 551 756 552 
534 551 552 550 
427 450 449 639 
427 450 639 641 
427 450 641 451 
427 450 451 449 
450 473 472 664 
450 473 664 666 
450 473 666 474 
450 473 474 472 
473 495 494 689 
473 495 689 691 
473 495 691 496 
473 495 496 494 
495 516 515 714 
495 516 714 716 
495 516 716 517 
495 516 517 515 
516 536 535 737 
516 536 737 739 
516 536 739 537 
516 536 537 535 
536 553 552 756 
536 553 756 758 
536 553 758 554 
536 553 554 552 
409 429 428 617 
409 429 617 619 
409 429 619 430 
409 429 430 428 
429 452 451 641 
429 452 641 643 
429 452 643 453 
429 452 453 451 
452 475 474 666 
452 475 666 668 
452 475 668 476 
452 475 476 474 
475 497 496 691 
475 497 691 693 
475 497 693 498 
475 497 498 496 
497 518 517 716 
497 518 716 718 
497 518 718 519 
497 518 519 517 
518 538 537 739 
518 538 739 741 
518 538 741 539 
518 538 539 537 
411 431 430 619 
411 431 619 621 
411 431 621 432 
411 431 432 430 
431 454 453 643 
431 454 643 645 
431 454 645 455 
431 454 455 453 
454 477 476 668 
454 477 668 670 
454 477 670 478 
454 477 478 476 
477 499 498 693 
477 499 693 695 
477 499 695 500 
477 499 500 498 
499 520 519 718 
499 520 718 720 
499 520 720 521 
499 520 521 519 
433 456 455 645 
433 456 645 647 
456 479 478 670 
456 479 670 672 
479 501 500 695 
479 501 695 697 
703 726 725 935 
703 726 935 937 
703 726 937 727 
703 726 727 725 
726 745 744 955 
726 745 955 956 
726 745 956 746 
726 745 746 744 
680 705 704 915 
680 705 915 917 
680 705 917 706 
680 705 706 704 
705 728 727 937 
705 728 937 939 
705 728 939 729 
705 728 729 727 
728 747 746 956 
728 747 956 958 
728 747 958 748 
728 747 748 746 
682 707 706 917 
682 707 917 919 
682 707 919 708 
682 707 708 706 
707 730 729 939 
707 730 939 941 
707 730 941 731 
707 730 731 729 
730 749 748 958 
730 749 958 960 
730 749 960 750 
730 749 750 748 
659 684 683 895 
659 684 895 897 
659 684 897 685 
659 684 685 683 
684 709 708 919 
684 709 919 921 
684 709 921 710 
684 709 710 708 
709 732 731 941 
709 732 941 943 
709 732 943 733 
709 732 733 731 
732 751 750 960 
732 751 960 962 
732 751 962 752 
732 751 752 750 
751 764 763 972 
751 764 972 973 
751 764 973 765 
751 764 765 763 
636 661 660 871 
636 661 871 873 
636 661 873 662 
636 661 662 660 
661 686 685 897 
661 686 897 899 
661 686 899 687 
661 686 687 685 
686 711 710 921 
686 711 921 923 
686 711 923 712 
686 711 712 710 
711 734 733 943 
711 734 943 945 
711 734 945 735 
711 734 735 733 
734 753 752 962 
734 753 962 964 
734 753 964 754 
734 753 754 752 
638 663 662 873 
638 663 873 875 
638 663 875 664 
638 663 664 662 
663 688 687 899 
663 688 899 901 
663 688 901 689 
663 688 689 687 
688 713 712 923 
688 713 923 925 
688 713 925 714 
688 713 714 712 
713 736 735 945 
713 736 945 947 
713 736 947 737 
713 736 737 735 
736 755 754 964 
736 755 964 966 
736 755 966 756 
736 755 756 754 
616 640 639 849 
616 640 849 851 
616 640 851 641 
616 640 641 639 
640 665 664 875 
640 665 875 877 
640 665 877 666 
640 665 666 664 
665 690 689 901 
665 690 901 903 
665 690 903 691 
665 690 691 689 
690 715 714 925 
690 715 925 927 
690 715 927 716 
690 715 716 714 
715 738 737 947 
715 738 947 949 
715 738 949 739 
715 738 739 737 
738 757 756 966 
738 757 966 968 
738 757 968 758 
738 757 758 756 
597 618 617 826 
597 618 826 828 
597 618 828 619 
597 618 619 617 
618 642 641 851 
618 642 851 853 
618 642 853 643 
618 642 643 641 
642 667 666 877 
642 667 877 879 
642 667 879 668 
642 667 668 666 
667 692 691 903 
667 692 903 905 
667 692 905 693 
667 692 693 691 
692 717 716 927 
692 717 927 929 
692 717 929 718 
692 717 718 716 
717 740 739 949 
717 740 949 951 
717 740 951 741 
717 740 741 739 
740 759 758 968 
740 759 968 970 
740 759 970 760 
740 759 760 758 
599 620 619 828 
599 620 828 830 
599 620 830 621 
599 620 621 619 
620 644 643 853 
620 644 853 855 
620 644 855 645 
620 644 645 643 
644 669 668 879 
644 669 879 881 
644 669 881 670 
644 669 670 668 
669 694 693 905 
669 694 905 907 
669 694 907 695 
669 694 695 693 
694 719 718 929 
694 719 929 931 
694 719 931 720 
694 719 720 718 
719 742 741 951 
719 742 951 953 
719 742 953 743 
719 742 743 741 
601 622 621 830 
601 622 830 832 
601 622 832 623 
601 622 623 621 
622 646 645 855 
622 646 855 857 
622 646 857 647 
622 646 647 645 
646 671 670 881 
646 671 881 883 
646 671 883 672 
646 671 672 670 
671 696 695 907 
671 696 907 909 
671 696 909 697 
671 696 697 695 
696 721 720 931 
696 721 931 933 
696 721 933 722 
696 721 722 720 
624 648 647 857 
624 648 857 859 
648 673 672 883 
648 673 883 885 
914 936 1147 937 
914 936 937 935 
916 938 937 1147 
916 938 1147 1149 
916 938 1149 939 
916 938 939 937 
938 957 1166 958 
938 957 958 956 
894 918 917 1127 
894 918 1127 1129 
894 918 1129 919 
894 918 919 917 
918 940 939 1149 
918 940 1149 1151 
918 940 1151 941 
918 940 941 939 
940 959 958 1166 
940 959 1166 1167 
940 959 1167 960 
940 959 960 958 
870 896 895 1104 
870 896 1104 1106 
870 896 1106 897 
870 896 897 895 
896 920 919 1129 
896 920 1129 1131 
896 920 1131 921 
896 920 921 919 
920 942 941 1151 
920 942 1151 1153 
920 942 1153 943 
920 942 943 941 
942 961 960 1167 
942 961 1167 1169 
942 961 1169 962 
942 961 962 960 
872 898 897 1106 
872 898 1106 1108 
872 898 1108 899 
872 898 899 897 
898 922 921 1131 
898 922 1131 1133 
898 922 1133 923 
898 922 923 921 
922 944 943 1153 
922 944 1153 1155 
922 944 1155 945 
922 944 945 943 
944 963 962 1169 
944 963 1169 1171 
944 963 1171 964 
944 963 964 962 
848 874 873 1082 
848 874 1082 1084 
848 874 1084 875 
848 874 875 873 
874 900 899 1108 
874 900 1108 1110 
874 900 1110 901 
874 900 901 899 
900 924 923 1133 
900 924 1133 1135 
900 924 1135 925 
900 924 925 923 
924 946 945 1155 
924 946 1155 1157 
924 946 1157 947 
924 946 947 945 
946 965 964 1171 
946 965 1171 1173 
946 965 1173 966 
946 965 966 964 
825 850 849 1058 
825 850 1058 1060 
825 850 1060 851 
825 850 851 849 
850 876 875 1084 
850 876 1084 1086 
850 876 1086 877 
850 876 877 875 
876 902 901 1110 
876 902 1110 1112 
876 902 1112 903 
876 902 903 901 
902 926 925 1135 
902 926 1135 1137 
902 926 1137 927 
902 926 927 925 
926 948 947 1157 
926 948 1157 1159 
926 948 1159 949 
926 948 949 947 
948 967 966 1173 
948 967 1173 1175 
948 967 1175 968 
948 967 968 966 
827 852 851 1060 
827 852 1060 1062 
827 852 1062 853 
827 852 853 851 
852 878 877 1086 
852 878 1086 1088 
852 878 1088 879 
852 878 879 877 
878 904 903 1112 
878 904 1112 1114 
878 904 1114 905 
878 904 905 903 
904 928 927 1137 
904 928 1137 1139 
904 928 1139 929 
904 928 929 927 
928 950 949 1159 
928 950 1159 1161 
928 950 1161 951 
928 950 951 949 
950 969 968 1175 
950 969 1175 1177 
950 969 1177 970 
950 969 970 968 
806 829 828 1037 
806 829 1037 1039 
806 829 1039 830 
806 829 830 828 
829 854 853 1062 
829 854 1062 1064 
829 854 1064 855 
829 854 855 853 
854 880 879 1088 
854 880 1088 1090 
854 880 1090 881 
854 880 881 879 
880 906 905 1114 
880 906 1114 1116 
880 906 1116 907 
880 906 907 905 
906 930 929 1139 
906 930 1139 1141 
906 930 1141 931 
906 930 931 929 
930 952 951 1161 
930 952 1161 1163 
930 952 1163 953 
930 952 953 951 
788 808 807 1016 
788 808 1016 1018 
788 808 1018 809 
788 808 809 807 
808 831 830 1039 
808 831 1039 1041 
808 831 1041 832 
808 831 832 830 
831 856 855 1064 
831 856 1064 1066 
831 856 1066 857 
831 856 857 855 
856 882 881 1090 
856 882 1090 1092 
856 882 1092 883 
856 882 883 881 
882 908 907 1116 
882 908 1116 1118 
882 908 1118 909 
882 908 909 907 
908 932 931 1141 
908 932 1141 1143 
908 932 1143 933 
908 932 933 931 
932 954 953 1163 
932 954 1163 1165 
789 810 809 1018 
789 810 1018 1020 
810 833 832 1041 
810 833 1041 1043 
810 833 1043 834 
833 858 857 1066 
833 858 1066 1068 
833 858 1068 859 
833 858 859 857 
858 884 883 1092 
858 884 1092 1094 
858 884 1094 885 
858 884 885 883 
884 910 909 1118 
884 910 1118 1120 
811 835 834 1043 
811 835 1043 1045 
835 860 859 1068 
835 860 1068 1070 
1126 1148 1343 1149 
1126 1148 1149 1147 
1103 1128 1127 1322 
1103 1128 1322 1324 
1103 1128 1324 1129 
1103 1128 1129 1127 
1128 1150 1149 1343 
1128 1150 1343 1345 
1128 1150 1345 1151 
1128 1150 1151 1149 
1105 1130 1129 1324 
1105 1130 1324 1326 
1105 1130 1326 1131 
1105 1130 1131 1129 
1130 1152 1151 1345 
1130 1152 1345 1347 
1130 1152 1347 1153 
1130 1152 1153 1151 
1152 1168 1167 1362 
1152 1168 1362 1363 
1152 1168 1363 1169 
1152 1168 1169 1167 
1081 1107 1106 1303 
1081 1107 1303 1305 
1081 1107 1305 1108 
1081 1107 1108 1106 
1107 1132 1131 1326 
1107 1132 1326 1328 
1107 1132 1328 1133 
1107 1132 1133 1131 
1132 1154 1153 1347 
1132 1154 1347 1349 
1132 1154 1349 1155 
1132 1154 1155 1153 
1154 1170 1169 1363 
1154 1170 1363 1365 
1154 1170 1365 1171 
1154 1170 1171 1169 
1057 1083 1082 1282 
1057 1083 1282 1284 
1057 1083 1284 1084 
1057 1083 1084 1082 
1083 1109 1108 1305 
1083 1109 1305 1307 
1083 1109 1307 1110 
1083 1109 1110 1108 
1109 1134 1133 1328 
1109 1134 1328 1330 
1109 1134 1330 1135 
1109 1134 1135 1133 
1134 1156 1155 1349 
1134 1156 1349 1351 
1134 1156 1351 1157 
1134 1156 1157 1155 
1156 1172 1171 1365 
1156 1172 1365 1367 
1156 1172 1367 1173 
1156 1172 1173 1171 
1059 1085 1084 1284 
1059 1085 1284 1286 
1059 1085 1286 1086 
1059 1085 1086 1084 
1085 1111 1110 1307 
1085 1111 1307 1309 
1085 1111 1309 1112 
1085 1111 1112 1110 
1111 1136 1135 1330 
1111 1136 1330 1332 
1111 1136 1332 1137 
1111 1136 1137 1135 
1136 1158 1157 1351 
1136 1158 1351 1353 
1136 1158 1353 1159 
1136 1158 1159 1157 
1158 1174 1173 1367 
1158 1174 1367 1369 
1158 1174 1369 1175 
1158 1174 1175 1173 
1036 1061 1060 1263 
1036 1061 1263 1265 
1036 1061 1265 1062 
1036 1061 1062 1060 
1061 1087 1086 1286 
1061 1087 1286 1288 
1061 1087 1288 1088 
1061 1087 1088 1086 
1087 1113 1112 1309 
1087 1113 1309 1311 
1087 1113 1311 1114 
1087 1113 1114 1112 
1113 1138 1137 1332 
1113 1138 1332 1334 
1113 1138 1334 1139 
1113 1138 1139 1137 
1138 1160 1159 1353 
1138 1160 1353 1355 
1138 1160 1355 1161 
1138 1160 1161 1159 
1160 1176 1175 1369 
1160 1176 1369 1371 
1160 1176 1371 1177 
1160 1176 1177 1175 
1015 1038 1037 1244 
1015 1038 1244 1246 
1015 1038 1246 1039 
1015 1038 1039 1037 
1038 1063 1062 1265 
1038 1063 1265 1267 
1038 1063 1267 1064 
1038 1063 1064 1062 
1063 1089 1088 1288 
1063 1089 1288 1290 
1063 1089 1290 1090 
1063 1089 1090 1088 
1089 1115 1114 1311 
1089 1115 1311 1313 
1089 1115 1313 1116 
1089 1115 1116 1114 
1115 1140 1139 1334 
1115 1140 1334 1336 
1115 1140 1336 1141 
1115 1140 1141 1139 
1140 1162 1161 1355 
1140 1162 1355 1357 
1140 1162 1357 1163 
1140 1162 1163 1161 
1017 1040 1039 1246 
1017 1040 1246 1248 
1017 1040 1248 1041 
1017 1040 1041 1039 
1040 1065 1064 1267 
1040 1065 1267 1269 
1040 1065 1269 1066 
1040 1065 1066 1064 
1065 1091 1090 1290 
1065 1091 1290 1292 
1065 1091 1292 1092 
1065 1091 1092 1090 
1091 1117 1116 1313 
1091 1117 1313 1315 
1091 1117 1315 1118 
1091 1117 1118 1116 
1117 1142 1141 1336 
1117 1142 1336 1338 
1117 1142 1338 1143 
1117 1142 1143 1141 
1142 1164 1163 1357 
1142 1164 1357 1359 
1142 1164 1359 1165 
1142 1164 1165 1163 
1000 1019 1018 1227 
1000 1019 1227 1229 
1000 1019 1229 1020 
1000 1019 1020 1018 
1019 1042 1041 1248 
1019 1042 1248 1250 
1019 1042 1250 1043 
1019 1042 1043 1041 
1042 1067 1066 1269 
1042 1067 1269 1271 
1042 1067 1271 1068 
1042 1067 1068 1066 
1067 1093 1092 1292 
1067 1093 1292 1294 
1067 1093 1294 1094 
1067 1093 1094 1092 
1093 1119 1118 1315 
1093 1119 1315 1317 
1093 1119 1317 1120 
1093 1119 1120 1118 
1119 1144 1143 1338 
1119 1144 1338 1340 
1119 1144 1340 1145 
1119 1144 1145 1143 
1021 1044 1043 1250 
1021 1044 1045 1043 
1044 1069 1068 1271 
1044 1069 1271 1273 
1044 1069 1273 1070 
1044 1069 1070 1068 
1069 1095 1094 1294 
1069 1095 1294 1296 
1069 1095 1296 1096 
1069 1095 1096 1094 
1095 1121 1120 1317 
1095 1121 1317 1319 
1095 1121 1319 1122 
1095 1121 1122 1120 
1121 1146 1145 1340 
1121 1146 1340 1342 
1300 1323 1322 1484 
1300 1323 1484 1486 
1300 1323 1486 1324 
1300 1323 1324 1322 
1323 1344 1503 1345 
1323 1344 1345 1343 
1302 1325 1324 1486 
1302 1325 1486 1488 
1302 1325 1488 1326 
1302 1325 1326 1324 
1325 1346 1345 1503 
1325 1346 1503 1505 
1325 1346 1505 1347 
1325 1346 1347 1345 
1281 1304 1303 1469 
1281 1304 1469 1471 
1281 1304 1471 1305 
1281 1304 1305 1303 
1304 1327 1326 1488 
1304 1327 1488 1490 
1304 1327 1490 1328 
1304 1327 1328 1326 
1327 1348 1347 1505 
1327 1348 1505 1507 
1327 1348 1507 1349 
1327 1348 1349 1347 
1348 1364 1363 1520 
1348 1364 1520 1521 
1348 1364 1521 1365 
1348 1364 1365 1363 
1260 1283 1282 1454 
1260 1283 1454 1456 
1260 1283 1456 1284 
1260 1283 1284 1282 
1283 1306 1305 1471 
1283 1306 1471 1473 
1283 1306 1473 1307 
1283 1306 1307 1305 
1306 1329 1328 1490 
1306 1329 1490 1492 
1306 1329 1492 1330 
1306 1329 1330 1328 
1329 1350 1349 1507 
1329 1350 1507 1509 
1329 1350 1509 1351 
1329 1350 1351 1349 
1350 1366 1365 1521 
1350 1366 1521 1522 
1350 1366 1522 1367 
1350 1366 1367 1365 
1262 1285 1284 1456 
1262 1285 1456 1458 
1262 1285 1458 1286 
1262 1285 1286 1284 
1285 1308 1307 1473 
1285 1308 1473 1475 
1285 1308 1475 1309 
1285 1308 1309 1307 
1308 1331 1330 1492 
1308 1331 1492 1494 
1308 1331 1494 1332 
1308 1331 1332 1330 
1331 1352 1351 1509 
1331 1352 1509 1511 
1331 1352 1511 1353 
1331 1352 1353 1351 
1352 1368 1367 1522 
1352 1368 1522 1524 
1352 1368 1524 1369 
1352 1368 1369 1367 
1243 1264 1263 1439 
1243 1264 1439 1441 
1243 1264 1441 1265 
1243 1264 1265 1263 
1264 1287 1286 1458 
1264 1287 1458 1460 
1264 1287 1460 1288 
1264 1287 1288 1286 
1287 1310 1309 1475 
1287 1310 1475 1477 
1287 1310 1477 1311 
1287 1310 1311 1309 
1310 1333 1332 1494 
1310 1333 1494 1496 
1310 1333 1496 1334 
1310 1333 1334 1332 
1333 1354 1353 1511 
1333 1354 1511 1513 
1333 1354 1513 1355 
1333 1354 1355 1353 
1354 1370 1369 1524 
1354 1370 1524 1526 
1354 1370 1526 1371 
1354 1370 1371 1369 
1245 1266 1265 1441 
1245 1266 1441 1443 
1245 1266 1443 1267 
1245 1266 1267 1265 
1266 1289 1288 1460 
1266 1289 1460 1462 
1266 1289 1462 1290 
1266 1289 1290 1288 
1289 1312 1311 1477 
1289 1312 1477 1479 
1289 1312 1479 1313 
1289 1312 1313 1311 
1312 1335 1334 1496 
1312 1335 1496 1498 
1312 1335 1498 1336 
1312 1335 1336 1334 
1335 1356 1355 1513 
1335 1356 1513 1515 
1335 1356 1515 1357 
1335 1356 1357 1355 
1226 1247 1246 1425 
1226 1247 1425 1427 
1226 1247 1427 1248 
1226 1247 1248 1246 
1247 1268 1267 1443 
1247 1268 1443 1445 
1247 1268 1445 1269 
1247 1268 1269 1267 
1268 1291 1290 1462 
1268 1291 1462 1464 
1268 1291 1464 1292 
1268 1291 1292 1290 
1291 1314 1313 1479 
1291 1314 1479 1481 
1291 1314 1481 1315 
1291 1314 1315 1313 
1314 1337 1336 1498 
1314 1337 1498 1500 
1314 1337 1500 1338 
1314 1337 1338 1336 
1337 1358 1357 1515 
1337 1358 1515 1517 
1337 1358 1517 1359 
1337 1358 1359 1357 
1209 1228 1227 1410 
1209 1228 1229 1227 
1228 1249 1248 1427 
1228 1249 1250 1248 
1249 1270 1269 1445 
1249 1270 1271 1269 
1270 1293 1292 1464 
1270 1293 1294 1292 
1293 1316 1315 1481 
1293 1316 1481 1483 
1293 1316 1483 1317 
1293 1316 1317 1315 
1316 1339 1338 1500 
1316 1339 1500 1502 
1316 1339 1502 1340 
1316 1339 1340 1338 
1339 1360 1359 1517 
1339 1360 1517 1519 
1339 1360 1519 1361 
1339 1360 1361 1359 
1295 1318 1317 1483 
1295 1318 1319 1317 
1318 1341 1340 1502 
1318 1341 1342 1340 
1468 1487 1486 1615 
1468 1487 1615 1617 
1468 1487 1617 1488 
1468 1487 1488 1486 
1487 1504 1630 1505 
1487 1504 1505 1503 
1453 1470 1469 1604 
1453 1470 1604 1606 
1453 1470 1606 1471 
1453 1470 1471 1469 
1470 1489 1488 1617 
1470 1489 1617 1619 
1470 1489 1619 1490 
1470 1489 1490 1488 
1489 1506 1505 1630 
1489 1506 1630 1632 
1489 1506 1632 1507 
1489 1506 1507 1505 
1455 1472 1471 1606 
1455 1472 1606 1608 
1455 1472 1608 1473 
1455 1472 1473 1471 
1472 1491 1490 1619 
1472 1491 1619 1621 
1472 1491 1621 1492 
1472 1491 1492 1490 
1491 1508 1507 1632 
1491 1508 1632 1634 
1491 1508 1634 1509 
1491 1508 1509 1507 
1438 1457 1456 1594 
1438 1457 1594 1596 
1438 1457 1596 1458 
1438 1457 1458 1456 
1457 1474 1473 1608 
1457 1474 1608 1610 
1457 1474 1610 1475 
1457 1474 1475 1473 
1474 1493 1492 1621 
1474 1493 1621 1623 
1474 1493 1623 1494 
1474 1493 1494 1492 
1493 1510 1509 1634 
1493 1510 1634 1636 
1493 1510 1636 1511 
1493 1510 1511 1509 
1510 1523 1522 1644 
1510 1523 1644 1645 
1510 1523 1645 1524 
1510 1523 1524 1522 
1422 1440 1439 1581 
1422 1440 1581 1583 
1422 1440 1583 1441 
1422 1440 1441 1439 
1440 1459 1458 1596 
1440 1459 1596 1598 
1440 1459 1598 1460 
1440 1459 1460 1458 
1459 1476 1475 1610 
1459 1476 1610 1612 
1459 1476 1612 1477 
1459 1476 1477 1475 
1476 1495 1494 1623 
1476 1495 1623 1625 
1476 1495 1625 1496 
1476 1495 1496 1494 
1495 1512 1511 1636 
1495 1512 1636 1638 
1495 1512 1638 1513 
1495 1512 1513 1511 
1512 1525 1524 1645 
1512 1525 1645 1646 
1512 1525 1646 1526 
1512 1525 1526 1524 
1424 1442 1441 1583 
1424 1442 1583 1585 
1424 1442 1585 1443 
1424 1442 1443 1441 
1442 1461 1460 1598 
1442 1461 1598 1600 
1442 1461 1600 1462 
1442 1461 1462 1460 
1461 1478 1477 1612 
1461 1478 1612 1614 
1461 1478 1614 1479 
1461 1478 1479 1477 
1478 1497 1496 1625 
1478 1497 1625 1627 
1478 1497 1627 1498 
1478 1497 1498 1496 
1497 1514 1513 1638 
1497 1514 1638 1640 
1497 1514 1640 1515 
1497 1514 1515 1513 
1426 1444 1443 1585 
1426 1444 1445 1443 
1444 1463 1462 1600 
1444 1463 1464 1462 
1463 1480 1479 1614 
1463 1480 1481 1479 
1480 1499 1498 1627 
1480 1499 1627 1629 
1480 1499 1629 1500 
1480 1499 1500 1498 
1499 1516 1515 1640 
1499 1516 1640 1642 
1499 1516 1642 1517 
1499 1516 1517 1515 
1516 1528 1527 1648 
1516 1528 1648 1649 
1516 1528 1649 1529 
1516 1528 1529 1527 
1482 1501 1500 1629 
1482 1501 1502 1500 
1501 1518 1517 1642 
1501 1518 1519 1517 
1603 1616 1708 1617 
1603 1616 1617 1615 
1605 1618 1617 1708 
1605 1618 1708 1710 
1605 1618 1710 1619 
1605 1618 1619 1617 
1618 1631 1718 1632 
1618 1631 1632 1630 
1593 1607 1606 1701 
1593 1607 1701 1703 
1593 1607 1703 1608 
1593 1607 1608 1606 
1607 1620 1619 1710 
1607 1620 1710 1712 
1607 1620 1712 1621 
1607 1620 1621 1619 
1620 1633 1632 1718 
1620 1633 1718 1719 
1620 1633 1719 1634 
1620 1633 1634 1632 
1580 1595 1594 1693 
1580 1595 1693 1695 
1580 1595 1695 1596 
1580 1595 1596 1594 
1595 1609 1608 1703 
1595 1609 1703 1705 
1595 1609 1705 1610 
1595 1609 1610 1608 
1609 1622 1621 1712 
1609 1622 1712 1714 
1609 1622 1714 1623 
1609 1622 1623 1621 
1622 1635 1634 1719 
1622 1635 1719 1721 
1622 1635 1721 1636 
1622 1635 1636 1634 
1582 1597 1596 1695 
1582 1597 1695 1697 
1582 1597 1697 1598 
1582 1597 1598 1596 
1597 1611 1610 1705 
1597 1611 1705 1707 
1597 1611 1707 1612 
1597 1611 1612 1610 
1611 1624 1623 1714 
1611 1624 1714 1716 
1611 1624 1716 1625 
1611 1624 1625 1623 
1624 1637 1636 1721 
1624 1637 1721 1723 
1624 1637 1723 1638 
1624 1637 1638 1636 
1570 1584 1583 1686 
1570 1584 1585 1583 
1584 1599 1598 1697 
1584 1599 1600 1598 
1599 1613 1612 1707 
1599 1613 1614 1612 
1613 1626 1625 1716 
1613 1626 1627 1625 
1626 1639 1638 1723 
1626 1639 1723 1725 
1626 1639 1725 1640 
1626 1639 1640 1638 
1639 1647 1646 1727 
1639 1647 1727 1728 
1639 1647 1728 1648 
1639 1647 1648 1646 
1628 1641 1640 1725 
1628 1641 1642 1640 
1700 1709 1764 1710 
1700 1709 1710 1708 
1692 1702 1701 1759 
1692 1702 1759 1761 
1692 1702 1761 1703 
1692 1702 1703 1701 
1702 1711 1710 1764 
1702 1711 1764 1766 
1702 1711 1766 1712 
1702 1711 1712 1710 
1694 1704 1703 1761 
1694 1704 1761 1763 
1694 1704 1763 1705 
1694 1704 1705 1703 
1704 1713 1712 1766 
1704 1713 1766 1768 
1704 1713 1768 1714 
1704 1713 1714 1712 
1713 1720 1719 1771 
1713 1720 1771 1772 
1713 1720 1772 1721 
1713 1720 1721 1719 
1685 1696 1695 1756 
1685 1696 1697 1695 
1696 1706 1705 1763 
1696 1706 1707 1705 
1706 1715 1714 1768 
1706 1715 1768 1770 
1706 1715 1770 1716 
1706 1715 1716 1714 
1715 1722 1721 1772 
1715 1722 1772 1773 
1715 1722 1773 1723 
1715 1722 1723 1721 
1717 1724 1723 1773 
1717 1724 1725 1723 
1753 1760 1759 1785 
1753 1760 1785 1787 
1753 1760 1787 1761 
1753 1760 1761 1759 
1760 1765 1764 1788 
1760 1765 1788 1789 
1760 1765 1789 1766 
1760 1765 1766 1764 
1755 1762 1761 1787 
1755 1762 1763 1761 
1762 1767 1766 1789 
1762 1767 1768 1766 
789 1000 1020 1018 
1000 1209 1229 1227 
252 409 410 430 
252 409 430 428 
409 597 598 619 
409 597 619 617 
411 599 600 621 
411 599 621 619 
411 599 619 598 
599 806 807 830 
599 806 830 828 
806 1015 1016 1039 
806 1015 1039 1037 
601 808 807 809 
601 808 809 832 
601 808 832 830 
601 808 830 807 
808 1017 1016 1018 
808 1017 1018 1041 
808 1017 1041 1039 
808 1017 1039 1016 
1017 1226 1227 1248 
1017 1226 1248 1246 
810 1019 1018 1020 
810 1019 1020 1043 
810 1019 1043 1041 
810 1019 1041 1018 
1019 1228 1227 1229 
1019 1228 1229 1250 
1019 1228 1250 1248 
1019 1228 1248 1227 
811 1021 1045 1043 
811 1021 1043 1020 
0 13 14 19 
0 13 19 17 
13 60 61 69 
13 60 69 67 
15 62 71 69 
15 62 69 61 
62 142 143 158 
62 142 158 156 
142 265 266 285 
142 265 285 283 
63 144 143 145 
63 144 145 160 
63 144 160 158 
63 144 158 143 
144 267 266 268 
144 267 268 287 
144 267 287 285 
144 267 285 266 
267 427 428 451 
267 427 451 449 
427 616 617 641 
427 616 641 639 
616 825 826 851 
616 825 851 849 
146 269 268 270 
146 269 270 289 
146 269 289 287 
146 269 287 268 
269 429 428 430 
269 429 430 453 
269 429 453 451 
269 429 451 428 
429 618 617 619 
429 618 619 643 
429 618 643 641 
429 618 641 617 
618 827 826 828 
618 827 828 853 
618 827 853 851 
618 827 851 826 
827 1036 1037 1062 
827 1036 1062 1060 
1036 1243 1244 1265 
1036 1243 1265 1263 
1243 1422 1423 1441 
1243 1422 1441 1439 
271 431 430 432 
271 431 432 455 
271 431 455 453 
271 431 453 430 
431 620 619 621 
431 620 621 645 
431 620 645 643 
431 620 643 619 
620 829 828 830 
620 829 830 855 
620 829 855 853 
620 829 853 828 
829 1038 1037 1039 
829 1038 1039 1064 
829 1038 1064 1062 
829 1038 1062 1037 
1038 1245 1244 1246 
1038 1245 1246 1267 
1038 1245 1267 1265 
1038 1245 1265 1244 
1245 1424 1425 1443 
1245 1424 1443 1441 
1245 1424 1441 1423 
1424 1570 1571 1585 
1424 1570 1585 1583 
433 622 621 623 
433 622 623 647 
433 622 647 645 
433 622 645 621 
622 831 830 832 
622 831 832 857 
622 831 857 855 
622 831 855 830 
831 1040 1039 1041 
831 1040 1041 1066 
831 1040 1066 1064 
831 1040 1064 1039 
1040 1247 1246 1248 
1040 1247 1248 1269 
1040 1247 1269 1267 
1040 1247 1267 1246 
1247 1426 1425 1427 
1247 1426 1427 1445 
1247 1426 1445 1443 
1247 1426 1443 1425 
624 833 859 857 
624 833 857 832 
833 1042 1041 1043 
833 1042 1043 1068 
833 1042 1068 1066 
833 1042 1066 1041 
1042 1249 1248 1250 
1042 1249 1250 1271 
1042 1249 1271 1269 
1042 1249 1269 1248 
835 1044 1043 1045 
835 1044 1070 1068 
835 1044 1068 1043 
16 66 67 77 
16 66 77 75 
66 153 154 167 
66 153 167 165 
1 18 17 19 
1 18 19 24 
1 18 24 22 
1 18 22 17 
18 68 67 69 
18 68 69 79 
18 68 79 77 
18 68 77 67 
68 155 154 156 
68 155 156 169 
68 155 169 167 
68 155 167 154 
155 282 283 301 
155 282 301 299 
282 446 447 470 
282 446 470 468 
446 636 637 662 
446 636 662 660 
20 70 69 71 
20 70 71 81 
20 70 81 79 
20 70 79 69 
70 157 156 158 
70 157 158 171 
70 157 171 169 
70 157 169 156 
157 284 283 285 
157 284 285 303 
157 284 303 301 
157 284 301 283 
284 448 447 449 
284 448 449 472 
284 448 472 470 
284 448 470 447 
448 638 637 639 
448 638 639 664 
448 638 664 662 
448 638 662 637 
638 848 849 875 
638 848 875 873 
848 1057 1058 1084 
848 1057 1084 1082 
72 159 158 160 
72 159 160 173 
72 159 173 171 
72 159 171 158 
159 286 285 287 
159 286 287 305 
159 286 305 303 
159 286 303 285 
286 450 449 451 
286 450 451 474 
286 450 474 472 
286 450 472 449 
450 640 639 641 
450 640 641 666 
450 640 666 664 
450 640 664 639 
640 850 849 851 
640 850 851 877 
640 850 877 875 
640 850 875 849 
850 1059 1058 1060 
850 1059 1060 1086 
850 1059 1086 1084 
850 1059 1084 1058 
1059 1262 1263 1286 
1059 1262 1286 1284 
1262 1438 1439 1458 
1262 1438 1458 1456 
1438 1580 1581 1596 
1438 1580 1596 1594 
73 161 175 173 
73 161 173 160 
161 288 287 289 
161 288 289 307 
161 288 307 305 
161 288 305 287 
288 452 451 453 
288 452 453 476 
288 452 476 474 
288 452 474 451 
452 642 641 643 
452 642 643 668 
452 642 668 666 
452 642 666 641 
642 852 851 853 
642 852 853 879 
642 852 879 877 
642 852 877 851 
852 1061 1060 1062 
852 1061 1062 1088 
852 1061 1088 1086 
852 1061 1086 1060 
1061 1264 1263 1265 
1061 1264 1265 1288 
1061 1264 1288 1286 
1061 1264 1286 1263 
1264 1440 1439 1441 
1264 1440 1441 1460 
1264 1440 1460 1458 
1264 1440 1458 1439 
1440 1582 1581 1583 
1440 1582 1583 1598 
1440 1582 1598 1596 
1440 1582 1596 1581 
1582 1685 1686 1697 
1582 1685 1697 1695 
290 454 453 455 
290 454 455 478 
290 454 478 476 
290 454 476 453 
454 644 643 645 
454 644 645 670 
454 644 670 668 
454 644 668 643 
644 854 853 855 
644 854 855 881 
644 854 881 879 
644 854 879 853 
854 1063 1062 1064 
854 1063 1064 1090 
854 1063 1090 1088 
854 1063 1088 1062 
1063 1266 1265 1267 
1063 1266 1267 1290 
1063 1266 1290 1288 
1063 1266 1288 1265 
1266 1442 1441 1443 
1266 1442 1443 1462 
1266 1442 1462 1460 
1266 1442 1460 1441 
1442 1584 1583 1585 
1442 1584 1585 1600 
1442 1584 1600 1598 
1442 1584 1598 1583 
456 646 645 647 
456 646 647 672 
456 646 672 670 
456 646 670 645 
646 856 855 857 
646 856 857 883 
646 856 883 881 
646 856 881 855 
856 1065 1064 1066 
856 1065 1066 1092 
856 1065 1092 1090 
856 1065 1090 1064 
1065 1268 1267 1269 
1065 1268 1269 1292 
1065 1268 1292 1290 
1065 1268 1290 1267 
1268 1444 1443 1445 
1268 1444 1445 1464 
1268 1444 1464 1462 
1268 1444 1462 1443 
648 858 857 859 
648 858 859 885 
648 858 885 883 
648 858 883 857 
858 1067 1066 1068 
858 1067 1068 1094 
858 1067 1094 1092 
858 1067 1092 1066 
1067 1270 1269 1271 
1067 1270 1271 1294 
1067 1270 1294 1292 
1067 1270 1292 1269 
860 1069 1068 1070 
860 1069 1070 1096 
860 1069 1096 1094 
860 1069 1094 1068 
1069 1272 1271 1273 
1069 1272 1273 1296 
1069 1272 1296 1294 
1069 1272 1294 1271 
74 164 165 179 
74 164 179 177 
164 296 297 314 
164 296 314 312 
21 76 75 77 
21 76 77 88 
21 76 88 86 
21 76 86 75 
76 166 165 167 
76 166 167 181 
76 166 181 179 
76 166 179 165 
166 298 297 299 
166 298 299 316 
166 298 316 314 
166 298 314 297 
298 467 468 490 
298 467 490 488 
467 659 660 685 
467 659 685 683 
659 870 871 897 
659 870 897 895 
2 23 22 24 
2 23 24 31 
2 23 31 29 
2 23 29 22 
23 78 77 79 
23 78 79 90 
23 78 90 88 
23 78 88 77 
78 168 167 169 
78 168 169 183 
78 168 183 181 
78 168 181 167 
168 300 299 301 
168 300 301 318 
168 300 318 316 
168 300 316 299 
300 469 468 470 
300 469 470 492 
300 469 492 490 
300 469 490 468 
469 661 660 662 
469 661 662 687 
469 661 687 685 
469 661 685 660 
661 872 871 873 
661 872 873 899 
661 872 899 897 
661 872 897 871 
872 1081 1082 1108 
872 1081 1108 1106 
1081 1281 1282 1305 
1081 1281 1305 1303 
1281 1453 1454 1471 
1281 1453 1471 1469 
3 25 24 26 
3 25 26 33 
3 25 33 31 
3 25 31 24 
25 80 79 81 
25 80 81 92 
25 80 92 90 
25 80 90 79 
80 170 169 171 
80 170 171 185 
80 170 185 183 
80 170 183 169 
170 302 301 303 
170 302 303 320 
170 302 320 318 
170 302 318 301 
302 471 470 472 
302 471 472 494 
302 471 494 492 
302 471 492 470 
471 663 662 664 
471 663 664 689 
471 663 689 687 
471 663 687 662 
663 874 873 875 
663 874 875 901 
663 874 901 899 
663 874 899 873 
874 1083 1082 1084 
874 1083 1084 1110 
874 1083 1110 1108 
874 1083 1108 1082 
1083 1283 1282 1284 
1083 1283 1284 1307 
1083 1283 1307 1305 
1083 1283 1305 1282 
1283 1455 1454 1456 
1283 1455 1456 1473 
1283 1455 1473 1471 
1283 1455 1471 1454 
1455 1593 1594 1608 
1455 1593 1608 1606 
1593 1692 1693 1703 
1593 1692 1703 1701 
1692 1753 1754 1761 
1692 1753 1761 1759 
27 82 81 83 
27 82 83 94 
27 82 94 92 
27 82 92 81 
82 172 171 173 
82 172 173 187 
82 172 187 185 
82 172 185 171 
172 304 303 305 
172 304 305 322 
172 304 322 320 
172 304 320 303 
304 473 472 474 
304 473 474 496 
304 473 496 494 
304 473 494 472 
473 665 664 666 
473 665 666 691 
473 665 691 689 
473 665 689 664 
665 876 875 877 
665 876 877 903 
665 876 903 901 
665 876 901 875 
876 1085 1084 1086 
876 1085 1086 1112 
876 1085 1112 1110 
876 1085 1110 1084 
1085 1285 1284 1286 
1085 1285 1286 1309 
1085 1285 1309 1307 
1085 1285 1307 1284 
1285 1457 1456 1458 
1285 1457 1458 1475 
1285 1457 1475 1473 
1285 1457 1473 1456 
1457 1595 1594 1596 
1457 1595 1596 1610 
1457 1595 1610 1608 
1457 1595 1608 1594 
1595 1694 1693 1695 
1595 1694 1695 1705 
1595 1694 1705 1703 
1595 1694 1703 1693 
1694 1755 1756 1763 
1694 1755 1763 1761 
1694 1755 1761 1754 
84 174 173 175 
84 174 189 187 
84 174 187 173 
174 306 305 307 
174 306 307 324 
174 306 324 322 
174 306 322 305 
306 475 474 476 
306 475 476 498 
306 475 498 496 
306 475 496 474 
475 667 666 668 
475 667 668 693 
475 667 693 691 
475 667 691 666 
667 878 877 879 
667 878 879 905 
667 878 905 903 
667 878 903 877 
878 1087 1086 1088 
878 1087 1088 1114 
878 1087 1114 1112 
878 1087 1112 1086 
1087 1287 1286 1288 
1087 1287 1288 1311 
1087 1287 1311 1309 
1087 1287 1309 1286 
1287 1459 1458 1460 
1287 1459 1460 1477 
1287 1459 1477 1475 
1287 1459 1475 1458 
1459 1597 1596 1598 
1459 1597 1598 1612 
1459 1597 1612 1610 
1459 1597 1610 1596 
1597 1696 1695 1697 
1597 1696 1697 1707 
1597 1696 1707 1705 
1597 1696 1705 1695 
308 477 476 478 
308 477 478 500 
308 477 500 498 
308 477 498 476 
477 669 668 670 
477 669 670 695 
477 669 695 693 
477 669 693 668 
669 880 879 881 
669 880 881 907 
669 880 907 905 
669 880 905 879 
880 1089 1088 1090 
880 1089 1090 1116 
880 1089 1116 1114 
880 1089 1114 1088 
1089 1289 1288 1290 
1089 1289 1290 1313 
1089 1289 1313 1311 
1089 1289 1311 1288 
1289 1461 1460 1462 
1289 1461 1462 1479 
1289 1461 1479 1477 
1289 1461 1477 1460 
1461 1599 1598 1600 
1461 1599 1600 1614 
1461 1599 1614 1612 
1461 1599 1612 1598 
479 671 670 672 
479 671 672 697 
479 671 697 695 
479 671 695 670 
671 882 881 883 
671 882 883 909 
671 882 909 907 
671 882 907 881 
882 1091 1090 1092 
882 1091 1092 1118 
882 1091 1118 1116 
882 1091 1116 1090 
1091 1291 1290 1292 
1091 1291 1292 1315 
1091 1291 1315 1313 
1091 1291 1313 1290 
1291 1463 1462 1464 
1291 1463 1464 1481 
1291 1463 1481 1479 
1291 1463 1479 1462 
673 884 883 885 
673 884 909 883 
884 1093 1092 1094 
884 1093 1094 1120 
884 1093 1120 1118 
884 1093 1118 1092 
1093 1293 1292 1294 
1093 1293 1294 1317 
1093 1293 1317 1315 
1093 1293 1315 1292 
886 1095 1094 1096 
886 1095 1096 1122 
886 1095 1122 1120 
886 1095 1120 1094 
1095 1295 1294 1296 
1095 1295 1296 1319 
1095 1295 1319 1317 
1095 1295 1317 1294 
176 311 312 329 
176 311 329 327 
311 485 486 507 
311 485 507 505 
485 680 681 706 
485 680 706 704 
85 178 177 179 
85 178 179 193 
85 178 193 191 
85 178 191 177 
178 313 312 314 
178 313 314 331 
178 313 331 329 
178 313 329 312 
313 487 486 488 
313 487 488 509 
313 487 509 507 
313 487 507 486 
487 682 681 683 
487 682 683 708 
487 682 708 706 
487 682 706 681 
682 894 895 919 
682 894 919 917 
894 1103 1104 1129 
894 1103 1129 1127 
1103 1300 1301 1324 
1103 1300 1324 1322 
28 87 86 88 
28 87 88 98 
28 87 98 96 
28 87 96 86 
87 180 179 181 
87 180 181 195 
87 180 195 193 
87 180 193 179 
180 315 314 316 
180 315 316 333 
180 315 333 331 
180 315 331 314 
315 489 488 490 
315 489 490 511 
315 489 511 509 
315 489 509 488 
489 684 683 685 
489 684 685 710 
489 684 710 708 
489 684 708 683 
684 896 895 897 
684 896 897 921 
684 896 921 919 
684 896 919 895 
896 1105 1104 1106 
896 1105 1106 1131 
896 1105 1131 1129 
896 1105 1129 1104 
1105 1302 1303 1326 
1105 1302 1326 1324 
1105 1302 1324 1301 
1302 1468 1469 1488 
1302 1468 1488 1486 
1468 1603 1604 1617 
1468 1603 1617 1615 
30 89 88 90 
30 89 90 100 
30 89 100 98 
30 89 98 88 
89 182 181 183 
89 182 183 197 
89 182 197 195 
89 182 195 181 
182 317 316 318 
182 317 318 335 
182 317 335 333 
182 317 333 316 
317 491 490 492 
317 491 492 513 
317 491 513 511 
317 491 511 490 
491 686 685 687 
491 686 687 712 
491 686 712 710 
491 686 710 685 
686 898 897 899 
686 898 899 923 
686 898 923 921 
686 898 921 897 
898 1107 1106 1108 
898 1107 1108 1133 
898 1107 1133 1131 
898 1107 1131 1106 
1107 1304 1303 1305 
1107 1304 1305 1328 
1107 1304 1328 1326 
1107 1304 1326 1303 
1304 1470 1469 1471 
1304 1470 1471 1490 
1304 1470 1490 1488 
1304 1470 1488 1469 
1470 1605 1604 1606 
1470 1605 1606 1619 
1470 1605 1619 1617 
1470 1605 1617 1604 
1605 1700 1701 1710 
1605 1700 1710 1708 
4 32 31 33 
4 32 33 38 
4 32 38 36 
4 32 36 31 
32 91 90 92 
32 91 92 102 
32 91 102 100 
32 91 100 90 
91 184 183 185 
91 184 185 199 
91 184 199 197 
91 184 197 183 
184 319 318 320 
184 319 320 337 
184 319 337 335 
184 319 335 318 
319 493 492 494 
319 493 494 515 
319 493 515 513 
319 493 513 492 
493 688 687 689 
493 688 689 714 
493 688 714 712 
493 688 712 687 
688 900 899 901 
688 900 901 925 
688 900 925 923 
688 900 923 899 
900 1109 1108 1110 
900 1109 1110 1135 
900 1109 1135 1133 
900 1109 1133 1108 
1109 1306 1305 1307 
1109 1306 1307 1330 
1109 1306 1330 1328 
1109 1306 1328 1305 
1306 1472 1471 1473 
1306 1472 1473 1492 
1306 1472 1492 1490 
1306 1472 1490 1471 
1472 1607 1606 1608 
1472 1607 1608 1621 
1472 1607 1621 1619 
1472 1607 1619 1606 
1607 1702 1701 1703 
1607 1702 1703 1712 
1607 1702 1712 1710 
1607 1702 1710 1701 
1702 1760 1759 1761 
1702 1760 1761 1766 
1702 1760 1766 1764 
1702 1760 1764 1759 
1760 1786 1785 1787 
1760 1786 1787 1789 
1760 1786 1789 1788 
1760 1786 1788 1785 
93 186 185 187 
93 186 187 201 
93 186 201 199 
93 186 199 185 
186 321 320 322 
186 321 322 339 
186 321 339 337 
186 321 337 320 
321 495 494 496 
321 495 496 517 
321 495 517 515 
321 495 515 494 
495 690 689 691 
495 690 691 716 
495 690 716 714 
495 690 714 689 
690 902 901 903 
690 902 903 927 
690 902 927 925 
690 902 925 901 
902 1111 1110 1112 
902 1111 1112 1137 
902 1111 1137 1135 
902 1111 1135 1110 
1111 1308 1307 1309 
1111 1308 1309 1332 
1111 1308 1332 1330 
1111 1308 1330 1307 
1308 1474 1473 1475 
1308 1474 1475 1494 
1308 1474 1494 1492 
1308 1474 1492 1473 
1474 1609 1608 1610 
1474 1609 1610 1623 
1474 1609 1623 1621 
1474 1609 1621 1608 
1609 1704 1703 1705 
1609 1704 1705 1714 
1609 1704 1714 1712 
1609 1704 1712 1703 
1704 1762 1761 1763 
1704 1762 1763 1768 
1704 1762 1768 1766 
1704 1762 1766 1761 
95 188 187 189 
95 188 201 187 
188 323 322 324 
188 323 324 341 
188 323 341 339 
188 323 339 322 
323 497 496 498 
323 497 498 519 
323 497 519 517 
323 497 517 496 
497 692 691 693 
497 692 693 718 
497 692 718 716 
497 692 716 691 
692 904 903 905 
692 904 905 929 
692 904 929 927 
692 904 927 903 
904 1113 1112 1114 
904 1113 1114 1139 
904 1113 1139 1137 
904 1113 1137 1112 
1113 1310 1309 1311 
1113 1310 1311 1334 
1113 1310 1334 1332 
1113 1310 1332 1309 
1310 1476 1475 1477 
1310 1476 1477 1496 
1310 1476 1496 1494 
1310 1476 1494 1475 
1476 1611 1610 1612 
1476 1611 1612 1625 
1476 1611 1625 1623 
1476 1611 1623 1610 
1611 1706 1705 1707 
1611 1706 1707 1716 
1611 1706 1716 1714 
1611 1706 1714 1705 
325 499 498 500 
325 499 500 521 
325 499 521 519 
325 499 519 498 
499 694 693 695 
499 694 695 720 
499 694 720 718 
499 694 718 693 
694 906 905 907 
694 906 907 931 
694 906 931 929 
694 906 929 905 
906 1115 1114 1116 
906 1115 1116 1141 
906 1115 1141 1139 
906 1115 1139 1114 
1115 1312 1311 1313 
1115 1312 1313 1336 
1115 1312 1336 1334 
1115 1312 1334 1311 
1312 1478 1477 1479 
1312 1478 1479 1498 
1312 1478 1498 1496 
1312 1478 1496 1477 
1478 1613 1612 1614 
1478 1613 1614 1627 
1478 1613 1627 1625 
1478 1613 1625 1612 
501 696 695 697 
501 696 697 722 
501 696 722 720 
501 696 720 695 
696 908 907 909 
696 908 909 933 
696 908 933 931 
696 908 931 907 
908 1117 1116 1118 
908 1117 1118 1143 
908 1117 1143 1141 
908 1117 1141 1116 
1117 1314 1313 1315 
1117 1314 1315 1338 
1117 1314 1338 1336 
1117 1314 1336 1313 
1314 1480 1479 1481 
1314 1480 1481 1500 
1314 1480 1500 1498 
1314 1480 1498 1479 
910 1119 1118 1120 
910 1119 1120 1145 
910 1119 1145 1143 
910 1119 1143 1118 
1119 1316 1315 1317 
1119 1316 1317 1340 
1119 1316 1340 1338 
1119 1316 1338 1315 
1316 1482 1481 1483 
1316 1482 1483 1502 
1316 1482 1502 1500 
1316 1482 1500 1481 
1121 1318 1317 1319 
1121 1318 1342 1340 
1121 1318 1340 1317 
326 504 505 525 
326 504 525 523 
326 504 523 503 
504 703 704 727 
504 703 727 725 
703 914 915 937 
703 914 937 935 
190 328 327 329 
190 328 329 346 
190 328 346 344 
190 328 344 327 
328 506 505 507 
328 506 507 527 
328 506 527 525 
328 506 525 505 
506 705 704 706 
506 705 706 729 
506 705 729 727 
506 705 727 704 
705 916 915 917 
705 916 917 939 
705 916 939 937 
705 916 937 915 
916 1126 1127 1149 
916 1126 1149 1147 
1126 1321 1322 1343 
192 330 329 331 
192 330 331 348 
192 330 348 346 
192 330 346 329 
330 508 507 509 
330 508 509 529 
330 508 529 527 
330 508 527 507 
508 707 706 708 
508 707 708 731 
508 707 731 729 
508 707 729 706 
707 918 917 919 
707 918 919 941 
707 918 941 939 
707 918 939 917 
918 1128 1127 1129 
918 1128 1129 1151 
918 1128 1151 1149 
918 1128 1149 1127 
1128 1323 1322 1324 
1128 1323 1324 1345 
1128 1323 1345 1343 
1128 1323 1343 1322 
1323 1485 1484 1486 
1323 1485 1486 1503 
97 194 193 195 
97 194 195 206 
97 194 206 204 
97 194 204 193 
194 332 331 333 
194 332 333 350 
194 332 350 348 
194 332 348 331 
332 510 509 511 
332 510 511 531 
332 510 531 529 
332 510 529 509 
510 709 708 710 
510 709 710 733 
510 709 733 731 
510 709 731 708 
709 920 919 921 
709 920 921 943 
709 920 943 941 
709 920 941 919 
920 1130 1129 1131 
920 1130 1131 1153 
920 1130 1153 1151 
920 1130 1151 1129 
1130 1325 1324 1326 
1130 1325 1326 1347 
1130 1325 1347 1345 
1130 1325 1345 1324 
1325 1487 1486 1488 
1325 1487 1488 1505 
1325 1487 1505 1503 
1325 1487 1503 1486 
1487 1616 1615 1617 
1487 1616 1617 1630 
35 99 98 100 
35 99 100 107 
35 99 107 105 
35 99 105 98 
99 196 195 197 
99 196 197 208 
99 196 208 206 
99 196 206 195 
196 334 333 335 
196 334 335 352 
196 334 352 350 
196 334 350 333 
334 512 511 513 
334 512 513 533 
334 512 533 531 
334 512 531 511 
512 711 710 712 
512 711 712 735 
512 711 735 733 
512 711 733 710 
711 922 921 923 
711 922 923 945 
711 922 945 943 
711 922 943 921 
922 1132 1131 1133 
922 1132 1133 1155 
922 1132 1155 1153 
922 1132 1153 1131 
1132 1327 1326 1328 
1132 1327 1328 1349 
1132 1327 1349 1347 
1132 1327 1347 1326 
1327 1489 1488 1490 
1327 1489 1490 1507 
1327 1489 1507 1505 
1327 1489 1505 1488 
1489 1618 1617 1619 
1489 1618 1619 1632 
1489 1618 1632 1630 
1489 1618 1630 1617 
1618 1709 1708 1710 
1618 1709 1710 1718 
5 37 36 38 
5 37 38 43 
5 37 43 41 
5 37 41 36 
37 101 100 102 
37 101 102 109 
37 101 109 107 
37 101 107 100 
101 198 197 199 
101 198 199 210 
101 198 210 208 
101 198 208 197 
198 336 335 337 
198 336 337 354 
198 336 354 352 
198 336 352 335 
336 514 513 515 
336 514 515 535 
336 514 535 533 
336 514 533 513 
514 713 712 714 
514 713 714 737 
514 713 737 735 
514 713 735 712 
713 924 923 925 
713 924 925 947 
713 924 947 945 
713 924 945 923 
924 1134 1133 1135 
924 1134 1135 1157 
924 1134 1157 1155 
924 1134 1155 1133 
1134 1329 1328 1330 
1134 1329 1330 1351 
1134 1329 1351 1349 
1134 1329 1349 1328 
1329 1491 1490 1492 
1329 1491 1492 1509 
1329 1491 1509 1507 
1329 1491 1507 1490 
1491 1620 1619 1621 
1491 1620 1621 1634 
1491 1620 1634 1632 
1491 1620 1632 1619 
1620 1711 1710 1712 
1620 1711 1712 1719 
1620 1711 1719 1718 
1620 1711 1718 1710 
1711 1765 1764 1766 
1711 1765 1766 1771 
103 200 199 201 
103 200 201 212 
103 200 212 210 
103 200 210 199 
200 338 337 339 
200 338 339 356 
200 338 356 354 
200 338 354 337 
338 516 515 517 
338 516 517 537 
338 516 537 535 
338 516 535 515 
516 715 714 716 
516 715 716 739 
516 715 739 737 
516 715 737 714 
715 926 925 927 
715 926 927 949 
715 926 949 947 
715 926 947 925 
926 1136 1135 1137 
926 1136 1137 1159 
926 1136 1159 1157 
926 1136 1157 1135 
1136 1331 1330 1332 
1136 1331 1332 1353 
1136 1331 1353 1351 
1136 1331 1351 1330 
1331 1493 1492 1494 
1331 1493 1494 1511 
1331 1493 1511 1509 
1331 1493 1509 1492 
1493 1622 1621 1623 
1493 1622 1623 1636 
1493 1622 1636 1634 
1493 1622 1634 1621 
1622 1713 1712 1714 
1622 1713 1714 1721 
1622 1713 1721 1719 
1622 1713 1719 1712 
1713 1767 1766 1768 
1713 1767 1768 1772 
1713 1767 1772 1771 
1713 1767 1771 1766 
202 340 339 341 
202 340 356 339 
340 518 517 519 
340 518 519 539 
340 518 539 537 
340 518 537 517 
518 717 716 718 
518 717 718 741 
518 717 741 739 
518 717 739 716 
717 928 927 929 
717 928 929 951 
717 928 951 949 
717 928 949 927 
928 1138 1137 1139 
928 1138 1139 1161 
928 1138 1161 1159 
928 1138 1159 1137 
1138 1333 1332 1334 
1138 1333 1334 1355 
1138 1333 1355 1353 
1138 1333 1353 1332 
1333 1495 1494 1496 
1333 1495 1496 1513 
1333 1495 1513 1511 
1333 1495 1511 1494 
1495 1624 1623 1625 
1495 1624 1625 1638 
1495 1624 1638 1636 
1495 1624 1636 1623 
1624 1715 1714 1716 
1624 1715 1716 1723 
1624 1715 1723 1721 
1624 1715 1721 1714 
1715 1769 1768 1770 
1715 1769 1770 1773 
1715 1769 1773 1772 
1715 1769 1772 1768 
342 520 519 521 
342 520 539 519 
520 719 718 720 
520 719 720 743 
520 719 743 741 
520 719 741 718 
719 930 929 931 
719 930 931 953 
719 930 953 951 
719 930 951 929 
930 1140 1139 1141 
930 1140 1141 1163 
930 1140 1163 1161 
930 1140 1161 1139 
1140 1335 1334 1336 
1140 1335 1336 1357 
1140 1335 1357 1355 
1140 1335 1355 1334 
1335 1497 1496 1498 
1335 1497 1498 1515 
1335 1497 1515 1513 
1335 1497 1513 1496 
1497 1626 1625 1627 
1497 1626 1627 1640 
1497 1626 1640 1638 
1497 1626 1638 1625 
1626 1717 1725 1723 
1626 1717 1723 1716 
721 932 931 933 
721 932 953 931 
932 1142 1141 1143 
932 1142 1143 1165 
932 1142 1165 1163 
932 1142 1163 1141 
1142 1337 1336 1338 
1142 1337 1338 1359 
1142 1337 1359 1357 
1142 1337 1357 1336 
1337 1499 1498 1500 
1337 1499 1500 1517 
1337 1499 1517 1515 
1337 1499 1515 1498 
1499 1628 1627 1629 
1499 1628 1629 1642 
1499 1628 1642 1640 
1499 1628 1640 1627 
1144 1339 1338 1340 
1144 1339 1340 1361 
1144 1339 1361 1359 
1144 1339 1359 1338 
1339 1501 1500 1502 
1339 1501 1502 1519 
1339 1501 1519 1517 
1339 1501 1517 1500 
1146 1341 1340 1342 
1146 1341 1361 1340 
522 724 723 725 
522 724 725 744 
343 524 523 525 
343 524 525 542 
343 524 542 540 
343 524 540 523 
524 726 725 727 
524 726 727 746 
524 726 746 744 
524 726 744 725 
726 936 935 937 
726 936 937 956 
726 936 956 955 
726 936 955 935 
345 526 525 527 
345 526 527 544 
345 526 544 542 
345 526 542 525 
526 728 727 729 
526 728 729 748 
526 728 748 746 
526 728 746 727 
728 938 937 939 
728 938 939 958 
728 938 958 956 
728 938 956 937 
938 1148 1147 1149 
938 1148 1149 1166 
203 347 346 348 
203 347 348 361 
203 347 361 359 
203 347 359 346 
347 528 527 529 
347 528 529 546 
347 528 546 544 
347 528 544 527 
528 730 729 731 
528 730 731 750 
528 730 750 748 
528 730 748 729 
730 940 939 941 
730 940 941 960 
730 940 960 958 
730 940 958 939 
940 1150 1149 1151 
940 1150 1151 1167 
940 1150 1167 1166 
940 1150 1166 1149 
1150 1344 1343 1345 
1150 1344 1345 1362 
104 205 204 206 
104 205 206 216 
104 205 216 214 
104 205 214 204 
205 349 348 350 
205 349 350 363 
205 349 363 361 
205 349 361 348 
349 530 529 531 
349 530 531 548 
349 530 548 546 
349 530 546 529 
530 732 731 733 
530 732 733 752 
530 732 752 750 
530 732 750 731 
732 942 941 943 
732 942 943 962 
732 942 962 960 
732 942 960 941 
942 1152 1151 1153 
942 1152 1153 1169 
942 1152 1169 1167 
942 1152 1167 1151 
1152 1346 1345 1347 
1152 1346 1347 1363 
1152 1346 1363 1362 
1152 1346 1362 1345 
1346 1504 1503 1505 
1346 1504 1505 1520 
40 106 105 107 
40 106 107 113 
40 106 113 111 
40 106 111 105 
106 207 206 208 
106 207 208 218 
106 207 218 216 
106 207 216 206 
207 351 350 352 
207 351 352 365 
207 351 365 363 
207 351 363 350 
351 532 531 533 
351 532 533 550 
351 532 550 548 
351 532 548 531 
532 734 733 735 
532 734 735 754 
532 734 754 752 
532 734 752 733 
734 944 943 945 
734 944 945 964 
734 944 964 962 
734 944 962 943 
944 1154 1153 1155 
944 1154 1155 1171 
944 1154 1171 1169 
944 1154 1169 1153 
1154 1348 1347 1349 
1154 1348 1349 1365 
1154 1348 1365 1363 
1154 1348 1363 1347 
1348 1506 1505 1507 
1348 1506 1507 1521 
1348 1506 1521 1520 
1348 1506 1520 1505 
1506 1631 1630 1632 
1506 1631 1632 1643 
42 108 107 109 
42 108 113 107 
108 209 208 210 
108 209 210 220 
108 209 220 218 
108 209 218 208 
209 353 352 354 
209 353 354 367 
209 353 367 365 
209 353 365 352 
353 534 533 535 
353 534 535 552 
353 534 552 550 
353 534 550 533 
534 736 735 737 
534 736 737 756 
534 736 756 754 
534 736 754 735 
736 946 945 947 
736 946 947 966 
736 946 966 964 
736 946 964 945 
946 1156 1155 1157 
946 1156 1157 1173 
946 1156 1173 1171 
946 1156 1171 1155 
1156 1350 1349 1351 
1156 1350 1351 1367 
1156 1350 1367 1365 
1156 1350 1365 1349 
1350 1508 1507 1509 
1350 1508 1509 1522 
1350 1508 1522 1521 
1350 1508 1521 1507 
1508 1633 1632 1634 
1508 1633 1634 1644 
1508 1633 1643 1632 
211 355 354 356 
211 355 356 369 
211 355 369 367 
211 355 367 354 
355 536 535 537 
355 536 537 554 
355 536 554 552 
355 536 552 535 
536 738 737 739 
536 738 739 758 
536 738 758 756 
536 738 756 737 
738 948 947 949 
738 948 949 968 
738 948 968 966 
738 948 966 947 
948 1158 1157 1159 
948 1158 1159 1175 
948 1158 1175 1173 
948 1158 1173 1157 
1158 1352 1351 1353 
1158 1352 1353 1369 
1158 1352 1369 1367 
1158 1352 1367 1351 
1352 1510 1509 1511 
1352 1510 1511 1524 
1352 1510 1524 1522 
1352 1510 1522 1509 
1510 1635 1634 1636 
1510 1635 1636 1645 
1510 1635 1645 1644 
1510 1635 1644 1634 
1635 1720 1719 1721 
1635 1720 1721 1726 
357 538 537 539 
357 538 554 537 
538 740 739 741 
538 740 741 760 
538 740 760 758 
538 740 758 739 
740 950 949 951 
740 950 951 970 
740 950 970 968 
740 950 968 949 
950 1160 1159 1161 
950 1160 1161 1177 
950 1160 1177 1175 
950 1160 1175 1159 
1160 1354 1353 1355 
1160 1354 1355 1371 
1160 1354 1371 1369 
1160 1354 1369 1353 
1354 1512 1511 1513 
1354 1512 1513 1526 
1354 1512 1526 1524 
1354 1512 1524 1511 
1512 1637 1636 1638 
1512 1637 1638 1646 
1512 1637 1646 1645 
1512 1637 1645 1636 
1637 1722 1721 1723 
1637 1722 1723 1727 
1637 1722 1726 1721 
742 952 951 953 
742 952 970 951 
952 1162 1161 1163 
952 1162 1163 1178 
952 1162 1177 1161 
1162 1356 1355 1357 
1162 1356 1357 1372 
1162 1356 1371 1355 
1356 1514 1513 1515 
1356 1514 1515 1527 
1356 1514 1526 1513 
1514 1639 1638 1640 
1514 1639 1640 1648 
1514 1639 1648 1646 
1514 1639 1646 1638 
1639 1724 1723 1725 
1639 1724 1725 1728 
1639 1724 1728 1727 
1639 1724 1727 1723 
954 1164 1163 1165 
954 1164 1178 1163 
1164 1358 1357 1359 
1164 1358 1372 1357 
1358 1516 1515 1517 
1358 1516 1517 1529 
1358 1516 1529 1527 
1358 1516 1527 1515 
1516 1641 1640 1642 
1516 1641 1642 1649 
1516 1641 1649 1648 
1516 1641 1648 1640 
1360 1518 1517 1519 
1360 1518 1529 1517 
541 745 744 746 
541 745 746 761 
358 543 542 544 
358 543 544 557 
358 543 557 555 
358 543 555 542 
543 747 746 748 
543 747 748 762 
543 747 762 761 
543 747 761 746 
747 957 956 958 
747 957 958 971 
213 360 359 361 
213 360 361 373 
213 360 373 371 
213 360 371 359 
360 545 544 546 
360 545 546 559 
360 545 559 557 
360 545 557 544 
545 749 748 750 
545 749 750 763 
545 749 763 762 
545 749 762 748 
749 959 958 960 
749 959 960 972 
749 959 971 958 
110 215 214 216 
110 215 216 224 
110 215 224 222 
110 215 222 214 
215 362 361 363 
215 362 363 375 
215 362 375 373 
215 362 373 361 
362 547 546 548 
362 547 548 561 
362 547 561 559 
362 547 559 546 
547 751 750 752 
547 751 752 765 
547 751 765 763 
547 751 763 750 
751 961 960 962 
751 961 962 973 
751 961 973 972 
751 961 972 960 
961 1168 1167 1169 
961 1168 1169 1179 
112 217 216 218 
112 217 224 216 
217 364 363 365 
217 364 365 377 
217 364 377 375 
217 364 375 363 
364 549 548 550 
364 549 550 563 
364 549 563 561 
364 549 561 548 
549 753 752 754 
549 753 754 766 
549 753 766 765 
549 753 765 752 
753 963 962 964 
753 963 964 974 
753 963 973 962 
963 1170 1169 1171 
963 1170 1171 1180 
963 1170 1179 1169 
219 366 365 367 
219 366 377 365 
366 551 550 552 
366 551 563 550 
551 755 754 756 
551 755 756 767 
551 755 766 754 
755 965 964 966 
755 965 966 975 
755 965 974 964 
965 1172 1171 1173 
965 1172 1173 1181 
965 1172 1180 1171 
553 757 756 758 
553 757 767 756 
757 967 966 968 
757 967 975 966 
967 1174 1173 1175 
967 1174 1181 1173 
370 556 555 557 
370 556 557 564 
221 372 371 373 
221 372 373 378 
372 558 557 559 
372 558 564 557 
223 374 373 375 
223 374 378 373 
