3
0.744572 0.681411 0.656803 0.811258 0.841373
12
0 0 0 1 0 0 0
0 0 0 1 0 0 0
0 0 0 1 0 0 0
0 0 0 1 0 0 0
0 0 0 1 0 0 0
0 0 0 1 0 0 0
0 0 0 1 0 0 0
0 0 0 1 0 0 0
0 0 0 1 0 0 0
0 0 0 1 0 0 0
0 0 0 1 0 0 0
0 0 0 1 0 0 0
0.654107 0.673866 0.565875 0.549117 0.593884
12
0 0 0 1 0 0 0
-0.149487 6.42081 -3.85264 1 0 0 0
0 0 0 1 0 0 0
-26.5937 -9.94101 -4.86564 1 0 0 0
-25.4519 -8.23469 1.08619 1 0 0 0
-29.3735 9.89311 -3.87005 1 0 0 0
-31.7071 8.8407 3.77605 1 0 0 0
17.6406 -16.8181 12.0146 1 0 0 0
20.0062 -21.5061 -17.7698 1 0 0 0
25.6012 4.5782 -10.5722 1 0 0 0
25.0391 3.3257 8.85744 1 0 0 0
0.16258 -6.44285 3.86541 1 0 0 0
0.130094 0.343304 0.620014 0.717315 0.949191
12
9.18273 0.40339 -2.6741 1 0 0 0
0 0 0 1 0 0 0
-15.7428 0.60062 4.23358 1 0 0 0
19.4029 -2.03236 -19.4972 1 0 0 0
19.8492 -1.90229 10.9684 1 0 0 0
0.878838 -7.38797 -28.1329 1 0 0 0
0.0465646 -5.87776 8.81879 1 0 0 0
2.42424 18.4267 12.4946 1 0 0 0
-3.79078 12.9675 -14.5093 1 0 0 0
-8.44138 -8.20736 -15.5343 1 0 0 0
-1.84759 -11.7731 22.9833 1 0 0 0
0 0 0 1 0 0 0
0
