493
801 803 931 919 
801 803 919 802 
803 805 933 921 
803 805 921 804 
918 920 919 931 
918 920 931 1020 
918 920 1020 1009 
918 920 1009 919 
920 922 921 933 
920 922 933 1022 
920 922 1022 1011 
920 922 1011 921 
922 924 923 935 
922 924 935 1024 
922 924 1024 1013 
922 924 1013 923 
924 926 1026 1015 
932 934 1022 933 
934 936 1035 1024 
934 936 1024 935 
1002 1004 1003 1009 
1002 1004 1009 1073 
1002 1004 1073 1065 
1002 1004 1065 1003 
1004 1006 1005 1011 
1004 1006 1011 1075 
1004 1006 1075 1067 
1004 1006 1067 1005 
1006 1007 1013 1077 
1006 1007 1077 1069 
1008 1010 1009 1020 
1008 1010 1020 1086 
1008 1010 1086 1073 
1008 1010 1073 1009 
1010 1012 1011 1022 
1010 1012 1022 1087 
1010 1012 1087 1075 
1010 1012 1075 1011 
1012 1014 1013 1024 
1012 1014 1024 1088 
1012 1014 1088 1077 
1012 1014 1077 1013 
1014 1016 1015 1026 
1014 1016 1026 1090 
1014 1016 1090 1079 
1014 1016 1079 1015 
1016 1018 1017 1028 
1016 1018 1028 1092 
1016 1018 1092 1081 
1018 1019 1094 1083 
1023 1025 1024 1035 
1023 1025 1088 1024 
1025 1027 1026 1036 
1025 1027 1036 1100 
1025 1027 1100 1090 
1025 1027 1090 1026 
1027 1029 1101 1092 
1027 1029 1092 1028 
1064 1066 1065 1073 
1064 1066 1073 1124 
1064 1066 1124 1113 
1064 1066 1113 1065 
1066 1068 1067 1075 
1066 1068 1075 1125 
1066 1068 1125 1115 
1066 1068 1115 1067 
1068 1070 1069 1077 
1068 1070 1077 1127 
1068 1070 1127 1117 
1068 1070 1117 1069 
1070 1071 1079 1129 
1070 1071 1129 1119 
1074 1076 1075 1087 
1074 1076 1125 1075 
1076 1078 1077 1088 
1076 1078 1088 1137 
1076 1078 1137 1127 
1076 1078 1127 1077 
1078 1080 1079 1090 
1078 1080 1090 1139 
1078 1080 1139 1129 
1078 1080 1129 1079 
1080 1082 1081 1092 
1080 1082 1092 1141 
1080 1082 1141 1131 
1080 1082 1131 1081 
1082 1084 1083 1094 
1082 1084 1094 1143 
1082 1084 1143 1133 
1082 1084 1133 1083 
1084 1085 1096 1145 
1084 1085 1145 1135 
1089 1091 1090 1100 
1089 1091 1139 1090 
1091 1093 1092 1101 
1091 1093 1149 1141 
1091 1093 1141 1092 
1093 1095 1094 1102 
1093 1095 1102 1150 
1093 1095 1150 1143 
1093 1095 1143 1094 
1095 1097 1151 1145 
1095 1097 1145 1096 
1116 1118 1117 1127 
1116 1118 1127 1159 
1118 1120 1119 1129 
1118 1120 1129 1161 
1118 1120 1161 1154 
1118 1120 1154 1119 
1120 1122 1121 1131 
1120 1122 1131 1163 
1120 1122 1163 1156 
1120 1122 1156 1121 
1126 1128 1127 1137 
1126 1128 1137 1169 
1126 1128 1169 1159 
1126 1128 1159 1127 
1128 1130 1129 1139 
1128 1130 1139 1170 
1128 1130 1170 1161 
1128 1130 1161 1129 
1130 1132 1131 1141 
1130 1132 1141 1171 
1130 1132 1171 1163 
1130 1132 1163 1131 
1132 1134 1133 1143 
1132 1134 1143 1173 
1132 1134 1173 1165 
1132 1134 1165 1133 
1134 1136 1135 1145 
1134 1136 1145 1175 
1134 1136 1175 1167 
1134 1136 1167 1135 
1140 1142 1141 1149 
1140 1142 1171 1141 
1142 1144 1143 1150 
1142 1144 1173 1143 
1144 1146 1145 1151 
1144 1146 1151 1178 
1144 1146 1178 1175 
1144 1146 1175 1145 
1146 1148 1147 1153 
1146 1148 1153 1179 
1146 1148 1179 1177 
1146 1148 1177 1147 
1155 1157 1156 1163 
1155 1157 1163 1180 
1162 1164 1163 1171 
1162 1164 1171 1185 
1162 1164 1185 1180 
1162 1164 1180 1163 
1164 1166 1165 1173 
1164 1166 1173 1186 
1164 1166 1186 1182 
1164 1166 1182 1165 
1166 1168 1167 1175 
1166 1168 1175 1187 
1166 1168 1187 1184 
1166 1168 1184 1167 
1174 1176 1175 1178 
1174 1176 1187 1175 
793 803 802 919 
793 803 919 921 
793 803 921 804 
914 920 919 1009 
914 920 1009 1011 
914 920 1011 921 
914 920 921 919 
920 932 931 1020 
920 932 1020 1022 
920 932 1022 933 
920 932 933 931 
915 922 921 1011 
915 922 1011 1013 
915 922 1013 923 
915 922 923 921 
922 934 933 1022 
922 934 1022 1024 
922 934 1024 935 
922 934 935 933 
924 936 935 1024 
924 936 1024 1026 
1001 1004 1003 1065 
1001 1004 1065 1067 
1001 1004 1067 1005 
1001 1004 1005 1003 
1004 1010 1009 1073 
1004 1010 1073 1075 
1004 1010 1075 1011 
1004 1010 1011 1009 
1010 1021 1020 1086 
1010 1021 1086 1087 
1010 1021 1087 1022 
1010 1021 1022 1020 
1006 1012 1011 1075 
1006 1012 1075 1077 
1006 1012 1077 1013 
1006 1012 1013 1011 
1012 1023 1022 1087 
1012 1023 1087 1088 
1012 1023 1088 1024 
1012 1023 1024 1022 
1007 1014 1013 1077 
1007 1014 1077 1079 
1007 1014 1079 1015 
1007 1014 1015 1013 
1014 1025 1024 1088 
1014 1025 1088 1090 
1014 1025 1090 1026 
1014 1025 1026 1024 
1016 1027 1026 1090 
1016 1027 1090 1092 
1016 1027 1092 1028 
1016 1027 1028 1026 
1027 1037 1036 1100 
1027 1037 1100 1101 
1018 1029 1028 1092 
1018 1029 1092 1094 
1062 1066 1065 1113 
1062 1066 1113 1115 
1062 1066 1115 1067 
1062 1066 1067 1065 
1066 1074 1073 1124 
1066 1074 1124 1125 
1066 1074 1125 1075 
1066 1074 1075 1073 
1063 1068 1067 1115 
1063 1068 1115 1117 
1063 1068 1117 1069 
1063 1068 1069 1067 
1068 1076 1075 1125 
1068 1076 1125 1127 
1068 1076 1127 1077 
1068 1076 1077 1075 
1070 1078 1077 1127 
1070 1078 1127 1129 
1070 1078 1129 1079 
1070 1078 1079 1077 
1078 1089 1088 1137 
1078 1089 1137 1139 
1078 1089 1139 1090 
1078 1089 1090 1088 
1071 1080 1079 1129 
1071 1080 1129 1131 
1071 1080 1131 1081 
1071 1080 1081 1079 
1080 1091 1090 1139 
1080 1091 1139 1141 
1080 1091 1141 1092 
1080 1091 1092 1090 
1072 1082 1081 1131 
1072 1082 1131 1133 
1072 1082 1133 1083 
1072 1082 1083 1081 
1082 1093 1092 1141 
1082 1093 1141 1143 
1082 1093 1143 1094 
1082 1093 1094 1092 
1084 1095 1094 1143 
1084 1095 1143 1145 
1084 1095 1145 1096 
1084 1095 1096 1094 
1095 1103 1102 1150 
1095 1103 1150 1151 
1085 1097 1096 1145 
1085 1097 1145 1147 
1116 1126 1159 1127 
1116 1126 1127 1125 
1118 1128 1127 1159 
1118 1128 1159 1161 
1118 1128 1161 1129 
1118 1128 1129 1127 
1128 1138 1137 1169 
1128 1138 1169 1170 
1128 1138 1170 1139 
1128 1138 1139 1137 
1112 1120 1119 1154 
1112 1120 1154 1156 
1112 1120 1156 1121 
1112 1120 1121 1119 
1120 1130 1129 1161 
1120 1130 1161 1163 
1120 1130 1163 1131 
1120 1130 1131 1129 
1130 1140 1139 1170 
1130 1140 1170 1171 
1130 1140 1171 1141 
1130 1140 1141 1139 
1122 1132 1131 1163 
1122 1132 1163 1165 
1122 1132 1165 1133 
1122 1132 1133 1131 
1132 1142 1141 1171 
1132 1142 1171 1173 
1132 1142 1173 1143 
1132 1142 1143 1141 
1123 1134 1133 1165 
1123 1134 1165 1167 
1123 1134 1167 1135 
1123 1134 1135 1133 
1134 1144 1143 1173 
1134 1144 1173 1175 
1134 1144 1175 1145 
1134 1144 1145 1143 
1136 1146 1145 1175 
1136 1146 1175 1177 
1136 1146 1177 1147 
1136 1146 1147 1145 
1146 1152 1151 1178 
1146 1152 1178 1179 
1146 1152 1179 1153 
1146 1152 1153 1151 
1155 1162 1180 1163 
1155 1162 1163 1161 
1157 1164 1163 1180 
1157 1164 1180 1182 
1157 1164 1182 1165 
1157 1164 1165 1163 
1164 1172 1171 1185 
1164 1172 1185 1186 
1164 1172 1186 1173 
1164 1172 1173 1171 
1158 1166 1165 1182 
1158 1166 1182 1184 
1158 1166 1184 1167 
1158 1166 1167 1165 
1166 1174 1173 1186 
1166 1174 1186 1187 
1166 1174 1187 1175 
1166 1174 1175 1173 
1168 1176 1175 1187 
1168 1176 1177 1175 
914 1004 1003 1005 
914 1004 1005 1011 
914 1004 1011 1009 
914 1004 1009 1003 
1004 1066 1065 1067 
1004 1066 1067 1075 
1004 1066 1075 1073 
1004 1066 1073 1065 
1066 1114 1113 1115 
1066 1114 1115 1125 
1066 1114 1125 1124 
1066 1114 1124 1113 
1006 1068 1067 1069 
1006 1068 1069 1077 
1006 1068 1077 1075 
1006 1068 1075 1067 
1068 1116 1115 1117 
1068 1116 1117 1127 
1068 1116 1127 1125 
1068 1116 1125 1115 
1007 1070 1079 1077 
1007 1070 1077 1069 
1070 1118 1119 1129 
1070 1118 1129 1127 
1070 1118 1127 1117 
1071 1120 1119 1121 
1071 1120 1121 1131 
1071 1120 1131 1129 
1071 1120 1129 1119 
1120 1155 1154 1156 
1120 1155 1156 1163 
1120 1155 1163 1161 
1120 1155 1161 1154 
1122 1157 1165 1163 
1122 1157 1163 1156 
803 920 919 921 
803 920 921 933 
803 920 933 931 
803 920 931 919 
920 1010 1009 1011 
920 1010 1011 1022 
920 1010 1022 1020 
920 1010 1020 1009 
1010 1074 1073 1075 
1010 1074 1075 1087 
1010 1074 1087 1086 
1010 1074 1086 1073 
805 922 921 923 
805 922 923 935 
805 922 935 933 
805 922 933 921 
922 1012 1011 1013 
922 1012 1013 1024 
922 1012 1024 1022 
922 1012 1022 1011 
1012 1076 1075 1077 
1012 1076 1077 1088 
1012 1076 1088 1087 
1012 1076 1087 1075 
1076 1126 1125 1127 
1076 1126 1127 1137 
924 1014 1013 1015 
924 1014 1015 1026 
924 1014 1026 1024 
924 1014 1024 1013 
1014 1078 1077 1079 
1014 1078 1079 1090 
1014 1078 1090 1088 
1014 1078 1088 1077 
1078 1128 1127 1129 
1078 1128 1129 1139 
1078 1128 1139 1137 
1078 1128 1137 1127 
1128 1160 1159 1161 
1128 1160 1161 1170 
1128 1160 1170 1169 
1128 1160 1169 1159 
926 1016 1017 1028 
926 1016 1028 1026 
926 1016 1026 1015 
1016 1080 1079 1081 
1016 1080 1081 1092 
1016 1080 1092 1090 
1016 1080 1090 1079 
1080 1130 1129 1131 
1080 1130 1131 1141 
1080 1130 1141 1139 
1080 1130 1139 1129 
1130 1162 1161 1163 
1130 1162 1163 1171 
1130 1162 1171 1170 
1130 1162 1170 1161 
1018 1082 1081 1083 
1018 1082 1083 1094 
1018 1082 1094 1092 
1018 1082 1092 1081 
1082 1132 1131 1133 
1082 1132 1133 1143 
1082 1132 1143 1141 
1082 1132 1141 1131 
1132 1164 1163 1165 
1132 1164 1165 1173 
1132 1164 1173 1171 
1132 1164 1171 1163 
1164 1181 1180 1182 
1164 1181 1182 1186 
1164 1181 1186 1185 
1164 1181 1185 1180 
1019 1084 1096 1094 
1019 1084 1094 1083 
1084 1134 1133 1135 
1084 1134 1135 1145 
1084 1134 1145 1143 
1084 1134 1143 1133 
1134 1166 1165 1167 
1134 1166 1167 1175 
1134 1166 1175 1173 
1134 1166 1173 1165 
1166 1183 1182 1184 
1166 1183 1184 1187 
1166 1183 1187 1186 
1166 1183 1186 1182 
1085 1136 1147 1145 
1085 1136 1145 1135 
1136 1168 1177 1175 
1136 1168 1175 1167 
934 1023 1022 1024 
934 1023 1024 1035 
936 1025 1024 1026 
936 1025 1026 1036 
936 1025 1036 1035 
936 1025 1035 1024 
1025 1089 1088 1090 
1025 1089 1090 1100 
1027 1091 1090 1092 
1027 1091 1092 1101 
1027 1091 1101 1100 
1027 1091 1100 1090 
1091 1140 1139 1141 
1091 1140 1141 1149 
1029 1093 1092 1094 
1029 1093 1094 1102 
1029 1093 1102 1101 
1029 1093 1101 1092 
1093 1142 1141 1143 
1093 1142 1143 1150 
1093 1142 1149 1141 
1095 1144 1143 1145 
1095 1144 1145 1151 
1095 1144 1151 1150 
1095 1144 1150 1143 
1144 1174 1173 1175 
1144 1174 1175 1178 
1097 1146 1145 1147 
1097 1146 1147 1153 
1097 1146 1153 1151 
1097 1146 1151 1145 
1146 1176 1175 1177 
1146 1176 1177 1179 
1146 1176 1179 1178 
1146 1176 1178 1175 
