469
295 296 300 429 
295 296 429 422 
297 299 439 427 
297 299 427 298 
299 301 441 429 
299 301 429 300 
421 423 422 429 
421 423 429 593 
421 423 593 585 
423 424 431 595 
423 424 595 587 
426 428 427 439 
426 428 439 605 
426 428 605 591 
426 428 591 427 
428 430 429 441 
428 430 441 606 
428 430 606 593 
428 430 593 429 
430 432 607 595 
430 432 595 431 
432 434 609 597 
432 434 597 433 
582 584 583 591 
582 584 591 755 
582 584 755 743 
582 584 743 583 
584 586 585 593 
584 586 593 757 
584 586 757 745 
584 586 745 585 
586 588 587 595 
586 588 595 759 
586 588 759 747 
586 588 747 587 
588 589 597 761 
588 589 761 749 
589 590 599 763 
589 590 763 751 
592 594 593 606 
592 594 757 593 
594 596 595 607 
594 596 607 771 
594 596 771 759 
594 596 759 595 
596 598 597 609 
596 598 609 772 
596 598 772 761 
596 598 761 597 
598 600 599 611 
598 600 611 773 
598 600 773 763 
598 600 763 599 
600 602 775 765 
600 602 765 601 
608 610 772 609 
610 612 773 611 
742 744 743 755 
742 744 755 889 
742 744 889 876 
742 744 876 743 
744 746 745 757 
744 746 757 890 
744 746 890 878 
744 746 878 745 
746 748 747 759 
746 748 759 892 
746 748 892 880 
746 748 880 747 
748 750 749 761 
748 750 761 894 
748 750 894 882 
748 750 882 749 
750 752 751 763 
750 752 763 896 
750 752 896 884 
750 752 884 751 
752 753 765 898 
752 753 898 886 
758 760 759 771 
758 760 904 892 
758 760 892 759 
760 762 761 772 
760 762 894 761 
762 764 763 773 
762 764 773 905 
762 764 905 896 
762 764 896 763 
764 766 765 775 
764 766 775 906 
764 766 906 898 
764 766 898 765 
766 768 767 777 
766 768 777 908 
766 768 908 900 
766 768 900 767 
768 770 910 902 
768 770 902 769 
774 776 775 782 
774 776 906 775 
776 778 908 777 
879 881 880 892 
879 881 892 987 
879 881 987 977 
879 881 977 880 
881 883 882 894 
881 883 894 988 
881 883 988 979 
881 883 979 882 
883 885 884 896 
883 885 896 990 
883 885 990 981 
883 885 981 884 
885 887 886 898 
885 887 898 992 
885 887 992 983 
885 887 983 886 
887 888 900 994 
887 888 994 985 
891 893 892 904 
891 893 987 892 
895 897 896 905 
895 897 997 990 
895 897 990 896 
897 899 898 906 
897 899 906 998 
897 899 998 992 
897 899 992 898 
899 901 900 908 
899 901 908 999 
899 901 999 994 
899 901 994 900 
901 903 902 910 
901 903 910 1000 
901 903 1000 996 
901 903 996 902 
909 911 910 913 
909 911 1000 910 
980 982 981 990 
980 982 990 1059 
982 984 983 992 
982 984 992 1060 
984 986 985 994 
984 986 994 1061 
989 991 990 997 
989 991 1059 990 
991 993 992 998 
991 993 1060 992 
993 995 994 999 
993 995 1061 994 
295 299 298 427 
295 299 427 429 
295 299 429 300 
296 301 300 429 
296 301 429 431 
421 428 427 591 
421 428 591 593 
421 428 593 429 
421 428 429 427 
428 440 439 605 
428 440 605 606 
428 440 606 441 
428 440 441 439 
423 430 429 593 
423 430 593 595 
423 430 595 431 
423 430 431 429 
430 442 441 606 
430 442 606 607 
424 432 431 595 
424 432 595 597 
424 432 597 433 
424 432 433 431 
425 434 433 597 
425 434 597 599 
580 584 583 743 
580 584 743 745 
580 584 745 585 
580 584 585 583 
584 592 591 755 
584 592 755 757 
584 592 757 593 
584 592 593 591 
581 586 585 745 
581 586 745 747 
581 586 747 587 
581 586 587 585 
586 594 593 757 
586 594 757 759 
586 594 759 595 
586 594 595 593 
588 596 595 759 
588 596 759 761 
588 596 761 597 
588 596 597 595 
596 608 607 771 
596 608 771 772 
596 608 772 609 
596 608 609 607 
589 598 597 761 
589 598 761 763 
589 598 763 599 
589 598 599 597 
598 610 609 772 
598 610 772 773 
598 610 773 611 
598 610 611 609 
590 600 599 763 
590 600 763 765 
590 600 765 601 
590 600 601 599 
600 612 611 773 
600 612 773 775 
738 744 743 876 
738 744 876 878 
738 744 878 745 
738 744 745 743 
744 756 755 889 
744 756 889 890 
744 756 890 757 
744 756 757 755 
739 746 745 878 
739 746 878 880 
739 746 880 747 
739 746 747 745 
746 758 757 890 
746 758 890 892 
746 758 892 759 
746 758 759 757 
740 748 747 880 
740 748 880 882 
740 748 882 749 
740 748 749 747 
748 760 759 892 
748 760 892 894 
748 760 894 761 
748 760 761 759 
741 750 749 882 
741 750 882 884 
741 750 884 751 
741 750 751 749 
750 762 761 894 
750 762 894 896 
750 762 896 763 
750 762 763 761 
752 764 763 896 
752 764 896 898 
752 764 898 765 
752 764 765 763 
764 774 773 905 
764 774 905 906 
764 774 906 775 
764 774 775 773 
753 766 765 898 
753 766 898 900 
753 766 900 767 
753 766 767 765 
766 776 775 906 
766 776 906 908 
766 776 908 777 
766 776 777 775 
754 768 767 900 
754 768 900 902 
754 768 902 769 
754 768 769 767 
768 778 777 908 
768 778 908 910 
879 891 987 892 
879 891 892 890 
873 881 880 977 
873 881 977 979 
873 881 979 882 
873 881 882 880 
881 893 892 987 
881 893 987 988 
881 893 988 894 
881 893 894 892 
874 883 882 979 
874 883 979 981 
874 883 981 884 
874 883 884 882 
883 895 894 988 
883 895 988 990 
883 895 990 896 
883 895 896 894 
875 885 884 981 
875 885 981 983 
875 885 983 886 
875 885 886 884 
885 897 896 990 
885 897 990 992 
885 897 992 898 
885 897 898 896 
887 899 898 992 
887 899 992 994 
887 899 994 900 
887 899 900 898 
899 907 906 998 
899 907 998 999 
899 907 999 908 
899 907 908 906 
888 901 900 994 
888 901 994 996 
888 901 996 902 
888 901 902 900 
901 909 908 999 
901 909 999 1000 
901 909 1000 910 
901 909 910 908 
903 911 910 1000 
903 911 912 910 
980 989 1059 990 
980 989 990 988 
982 991 990 1059 
982 991 1060 992 
982 991 992 990 
984 993 992 1060 
984 993 1061 994 
984 993 994 992 
986 995 994 1061 
986 995 996 994 
295 421 422 429 
295 421 429 427 
421 584 583 585 
421 584 585 593 
421 584 593 591 
421 584 591 583 
584 744 743 745 
584 744 745 757 
584 744 757 755 
584 744 755 743 
744 877 876 878 
744 877 878 890 
744 877 890 889 
744 877 889 876 
296 423 431 429 
296 423 429 422 
423 586 585 587 
423 586 587 595 
423 586 595 593 
423 586 593 585 
586 746 745 747 
586 746 747 759 
586 746 759 757 
586 746 757 745 
746 879 878 880 
746 879 880 892 
746 879 892 890 
746 879 890 878 
424 588 597 595 
424 588 595 587 
588 748 747 749 
588 748 749 761 
588 748 761 759 
588 748 759 747 
748 881 880 882 
748 881 882 894 
748 881 894 892 
748 881 892 880 
881 978 977 979 
881 978 979 988 
881 978 988 987 
881 978 987 977 
589 750 749 751 
589 750 751 763 
589 750 763 761 
589 750 761 749 
750 883 882 884 
750 883 884 896 
750 883 896 894 
750 883 894 882 
883 980 979 981 
883 980 981 990 
883 980 990 988 
883 980 988 979 
590 752 765 763 
590 752 763 751 
752 885 884 886 
752 885 886 898 
752 885 898 896 
752 885 896 884 
885 982 981 983 
885 982 983 992 
885 982 992 990 
885 982 990 981 
753 887 900 898 
753 887 898 886 
887 984 985 994 
887 984 994 992 
887 984 992 983 
888 986 996 994 
888 986 994 985 
299 428 427 429 
299 428 429 441 
299 428 441 439 
299 428 439 427 
428 592 591 593 
428 592 593 606 
428 592 606 605 
428 592 605 591 
301 430 429 431 
301 430 441 429 
430 594 593 595 
430 594 595 607 
430 594 607 606 
430 594 606 593 
594 758 757 759 
594 758 759 771 
758 891 890 892 
758 891 892 904 
432 596 595 597 
432 596 597 609 
432 596 609 607 
432 596 607 595 
596 760 759 761 
596 760 761 772 
596 760 772 771 
596 760 771 759 
760 893 892 894 
760 893 904 892 
434 598 597 599 
434 598 599 611 
434 598 611 609 
434 598 609 597 
598 762 761 763 
598 762 763 773 
598 762 773 772 
598 762 772 761 
762 895 894 896 
762 895 896 905 
895 989 988 990 
895 989 990 997 
600 764 763 765 
600 764 765 775 
600 764 775 773 
600 764 773 763 
764 897 896 898 
764 897 898 906 
764 897 906 905 
764 897 905 896 
897 991 990 992 
897 991 992 998 
897 991 997 990 
602 766 765 767 
602 766 767 777 
602 766 777 775 
602 766 775 765 
766 899 898 900 
766 899 900 908 
766 899 908 906 
766 899 906 898 
899 993 992 994 
899 993 994 999 
899 993 999 998 
899 993 998 992 
768 901 900 902 
768 901 902 910 
768 901 910 908 
768 901 908 900 
901 995 994 996 
901 995 996 1000 
901 995 1000 999 
901 995 999 994 
770 903 912 910 
770 903 910 902 
612 774 773 775 
612 774 775 782 
778 909 908 910 
778 909 910 913 
