4
0.108562 0.374244 0.916528 0.895549 0.648054
14
0 0 0 1 0 0 0
0 0 0 1 0 0 0
0 0 0 1 0 0 0
0 0 0 1 0 0 0
0 0 0 1 0 0 0
0 0 0 1 0 0 0
0 0 0 1 0 0 0
0 0 0 1 0 0 0
0 0 0 1 0 0 0
0 0 0 1 0 0 0
0 0 0 1 0 0 0
0 0 0 1 0 0 0
0 0 0 1 0 0 0
0 0 0 1 0 0 0
0.606149 0.871938 0.546582 0.838793 0.908227
14
-0.0736835 0.365554 0.556098 1 0 0 0
-0.0718883 -0.0768893 -0.00445479 1 0 0 0
0 0 0 1 0 0 0
0 0 0 1 0 0 0
0 0 0 1 0 0 0
0 0 0 1 0 0 0
0 0 0 1 0 0 0
0 0 0 1 0 0 0
0 0 0 1 0 0 0
0 0 0 1 0 0 0
-0.0946614 0.0244514 -0.069567 1 0 0 0
0.279906 0.262508 0.0854489 1 0 0 0
-0.418713 -0.0703505 -0.105697 1 0 0 0
-0.00409712 -0.0184912 0.0094513 1 0 0 0
0.161356 0.662406 0.55961 0.562684 0.974504
14
0 0 0 1 0 0 0
0 0 0 1 0 0 0
0 0 0 1 0 0 0
0 0 0 1 0 0 0
-0.000865008 -0.323535 0.430817 1 0 0 0
-0.00582586 -0.304563 0.396912 1 0 0 0
-0.0690017 -0.154981 -0.0192116 1 0 0 0
-0.10815 -0.197436 -0.0902394 1 0 0 0
0.054377 0.341451 -0.333434 1 0 0 0
-0.217005 0.313111 -0.214573 1 0 0 0
0 0 0 1 0 0 0
0 0 0 1 0 0 0
-0.0220217 -0.0937824 0.0524703 1 0 0 0
0 0 0 1 0 0 0
0.507551 0.0575802 0.970747 0.910234 0.835982
14
0 0 0 1 0 0 0
0 0 0 1 0 0 0
0 0 0 1 0 0 0
0 0 0 1 0 0 0
0.523965 -0.0964141 -0.0936726 1 0 0 0
0 0 0 1 0 0 0
0 0 0 1 0 0 0
0 0 0 1 0 0 0
0 0 0 1 0 0 0
0 0 0 1 0 0 0
0 0 0 1 0 0 0
0 0 0 1 0 0 0
0 0 0 1 0 0 0
0.397478 0.45358 -0.0657806 1 0 0 0
0
