4
0.520379 0.577295 0.87777 0.527347 0.719299
14
0 0 0 1 0 0 0
0 0 0 1 0 0 0
0 0 0 1 0 0 0
0 0 0 1 0 0 0
0 0 0 1 0 0 0
0 0 0 1 0 0 0
0 0 0 1 0 0 0
0 0 0 1 0 0 0
0 0 0 1 0 0 0
0 0 0 1 0 0 0
0 0 0 1 0 0 0
0 0 0 1 0 0 0
0 0 0 1 0 0 0
0 0 0 1 0 0 0
0.104346 0.317162 0.748227 0.816233 0.973818
14
-0.197452 0.701137 0.731023 1 0 0 0
-0.156319 0.768577 0.591038 1 0 0 0
0 0 0 1 0 0 0
0 0 0 1 0 0 0
0 0 0 1 0 0 0
0 0 0 1 0 0 0
0 0 0 1 0 0 0
0 0 0 1 0 0 0
-0.0568843 0.842145 -0.379954 1 0 0 0
0 0 0 1 0 0 0
0 0 0 1 0 0 0
0 0 0 1 0 0 0
-0.0205681 0.532616 -0.07469 1 0 0 0
0.0149147 0.631337 -0.0216634 1 0 0 0
0.386298 0.700768 0.645712 0.507262 0.745697
14
0 0 0 1 0 0 0
-0.0515446 0.33533 -0.105732 1 0 0 0
0 0 0 1 0 0 0
-0.613998 0.156656 -0.179401 1 0 0 0
0 0 0 1 0 0 0
-0.106002 0.177403 -0.0479234 1 0 0 0
0 0 0 1 0 0 0
-0.289604 0.563024 -0.298243 1 0 0 0
0 0 0 1 0 0 0
-0.492267 0.540259 -0.128698 1 0 0 0
-0.213831 0.454501 -0.128655 1 0 0 0
0 0 0 1 0 0 0
-0.501706 0.573085 -0.194328 1 0 0 0
0 0 0 1 0 0 0
0.061733 0.925233 0.693739 0.809181 0.669505
14
0.373639 0.669128 0.187288 1 0 0 0
0 0 0 1 0 0 0
0.940148 0.0926876 -0.0505433 1 0 0 0
0 0 0 1 0 0 0
0.378436 0.0248838 -0.0438372 1 0 0 0
0 0 0 1 0 0 0
0.477704 -0.0366806 -0.0545919 1 0 0 0
0 0 0 1 0 0 0
0.553996 0.0296965 -0.0665814 1 0 0 0
0 0 0 1 0 0 0
0 0 0 1 0 0 0
0.492106 0.26121 0.0469415 1 0 0 0
0 0 0 1 0 0 0
0.542836 0.292711 0.0533589 1 0 0 0
0
