6
128
0.00311 0.0993176 0.245091 0.662298
0.00310999 0.0313419 0.912157 0.616855
0.342415 -0.0366339 -0.355268 0.56691
-0.268334 -0.0366339 -0.355268 0.56685
-0.404056 -0.10461 1.3791 0.494883
0.410276 -0.10461 1.3791 0.494093
0.478137 -0.172585 -0.88892 0.43204
0.00310999 -0.172585 -0.955627 0.431226
-0.471917 -0.172585 -0.88892 0.430043
-0.539778 -0.10461 0.645331 0.427576
0.00310998 -0.172585 1.71264 0.421035
0.545998 -0.10461 0.645331 0.420756
-0.404056 -0.172585 1.91276 0.399336
0.410276 -0.172585 1.91276 0.398885
0.545998 -0.240561 -1.48928 0.386647
-0.539778 -0.240561 -1.55599 0.383308
-0.0647509 -0.172585 2.17958 0.381239
-0.200473 -0.240561 -1.35587 0.359243
-0.607638 -0.172585 0.178385 0.357534
0.613858 -0.172585 0.178385 0.350583
0.138832 -0.240561 -1.48928 0.35045
0.478137 -0.240561 -1.88952 0.349755
-0.471917 -0.240561 -1.95623 0.339808
-0.132612 -0.240561 -1.75611 0.332743
0.342415 -0.172585 2.31299 0.32298
0.138832 -0.240561 -2.02293 0.315559
-0.471917 -0.172585 2.31299 0.315037
-0.132612 -0.240561 -2.22305 0.306798
0.342415 -0.240561 -2.28976 0.283344
-0.471917 0.371221 0.645331 0.281351
0.478137 0.371221 0.645331 0.279812
-0.675499 -0.376513 1.04557 0.264173
-0.607638 0.167293 0.978864 0.263097
0.613858 0.167293 0.978864 0.256174
0.681719 -0.376513 1.04557 0.252579
-0.539778 -0.240561 -2.28976 0.24614
0.681719 -0.512464 1.44581 0.242675
0.681719 -0.308537 2.17958 0.240984
0.613858 -0.308537 -2.22305 0.238413
-0.675499 -0.376513 -1.22245 0.235159
-0.471917 0.371221 1.11228 0.231599
0.478137 0.371221 1.11228 0.230502
-0.675499 -0.376513 -0.155148 0.226994
-0.675499 -0.376513 -0.555387 0.226363
-0.471917 0.439196 -0.0884415 0.226113
-0.74336 0.0993176 -0.688801 0.225071
0.681719 -0.512464 -1.75611 0.224817
-0.74336 -0.512464 -1.82281 0.224553
0.613858 -0.308537 2.44641 0.220692
-0.74336 -0.376513 1.77934 0.219191
-0.675499 -0.512464 1.51252 0.218969
0.74958 -0.376513 1.84605 0.217495
0.681719 -0.0366339 2.17958 0.213824
-0.74336 -0.10461 -1.22245 0.212621
0.74958 -0.376513 -0.0884415 0.209624
-0.268334 -0.308537 -2.48988 0.207557
-0.675499 0.167293 0.311798 0.207509
-0.675499 0.167293 0.0449716 0.204521
0.138832 -0.240561 -2.48988 0.203493
-0.471917 0.575148 0.245091 0.201505
0.681719 0.167293 0.245091 0.201033
0.74958 -0.0366339 -1.22245 0.199983
0.478137 0.575148 0.245091 0.198224
-0.74336 -0.58044 1.3124 0.196629
0.613858 0.303245 0.0449716 0.195249
0.0709709 -0.308537 2.51311 0.19253
-0.74336 -0.58044 -1.55599 0.190885
-0.74336 -0.376513 2.04617 0.190852
0.478137 0.507172 -0.021735 0.190631
-0.200473 -0.308537 2.51311 0.18926
0.74958 0.0313419 1.71264 0.184018
-0.74336 0.0313419 1.77934 0.183356
-0.607638 0.371221 0.245091 0.174101
0.817441 0.0993176 -0.755507 0.173455
0.74958 -0.58044 -1.48928 0.172396
0.74958 -0.58044 1.17898 0.172363
-0.74336 -0.10461 2.11288 0.171594
-0.0647509 -0.240561 -2.55658 0.169584
0.74958 -0.444488 -1.22245 0.168806
-0.74336 -0.376513 2.24629 0.168402
0.613858 0.371221 0.245091 0.168338
-0.74336 0.0313419 1.97946 0.163062
0.274554 -0.444488 -1.22245 0.160524
0.410276 -0.444488 0.0449716 0.16014
0.410276 -0.444488 0.978864 0.160097
-0.404056 -0.444488 0.978864 0.160067
0.74958 -0.444488 0.378504 0.159835
0.410276 -0.444488 0.311798 0.159594
0.74958 -0.444488 -0.688801 0.159539
0.74958 -0.444488 -0.488681 0.15927
0.74958 -0.444488 -0.288561 0.15922
-0.336195 -0.444488 0.0449716 0.159192
0.274554 -0.444488 0.511918 0.159023
-0.404056 -0.444488 0.311798 0.1588
-0.268334 -0.444488 0.511918 0.158653
0.74958 -0.444488 -2.02293 0.158593
-0.74336 -0.444488 0.378504 0.15851
0.74958 0.0313419 1.97946 0.158296
0.274554 0.0313419 -1.22245 0.158252
0.817441 -0.444488 -1.02233 0.158123
-0.811221 -0.10461 1.04557 0.15809
-0.811221 -0.444488 -1.02233 0.157356
-0.675499 -0.444488 -2.15635 0.156818
-0.675499 -0.376513 2.44641 0.155861
-0.811221 -0.10461 -0.155148 0.154756
0.00310999 -0.444488 1.3124 0.15383
-0.811221 -0.10461 -0.555387 0.152819
-0.811221 -0.240561 -0.288561 0.151291
0.817441 -0.10461 1.04557 0.151254
0.410276 -0.308537 -2.55658 0.149973
0.00310999 0.235269 1.51252 0.14963
-0.811221 -0.376513 -0.355268 0.148156
0.545998 -0.308537 -2.48988 0.144457
0.817441 -0.240561 -0.622094 0.142734
-0.811221 -0.172585 1.71264 0.141832
-0.471917 0.0313419 -1.28916 0.141277
0.817441 -0.240561 -1.15575 0.140948
-0.471917 -0.376513 -2.48988 0.139907
-0.811221 -0.444488 0.0449716 0.139862
-0.811221 -0.444488 -0.822214 0.138953
-0.811221 -0.444488 0.578624 0.138839
0.74958 -0.0366339 -1.75611 0.138788
0.681719 0.303245 0.445211 0.138724
-0.811221 -0.444488 0.778744 0.138185
0.817441 0.0313419 1.11228 0.135963
0.817441 -0.172585 1.71264 0.135508
-0.675499 0.303245 -0.555387 0.13437
-0.675499 0.303245 -0.155148 0.134166
-0.327906 0.12398 0.125074 0.593515
-0.306752 0.0246802 0.869336 0.477831
-0.134491 0.0516592 -0.573319 0.282821
-0.50427 0.0607336 -0.611663 0.350933
-0.536123 -0.143501 1.33319 0.410904
-0.175846 0.0738824 1.43729 0.283966
0.119782 -0.108879 -1.08535 0.330743
-0.204565 -0.177478 -1.19125 0.407545
-0.595566 -0.111186 -1.12677 0.368842
-0.627937 -0.126744 0.600507 0.356656
-0.300608 -0.118268 1.71176 0.23484
0.0150222 0.00569062 0.650939 0.310262
-0.46825 -0.16472 1.89436 0.339259
-0.129756 -0.0143271 1.9807 0.0392649
0.405009 -0.27216 -1.58782 0.226228
-0.560037 -0.287206 -1.61234 0.378926
-0.181943 -0.146818 2.17881 0.21369
-0.2747 -0.338832 -1.50166 0.371428
-0.719544 -0.106056 0.076065 0.306162
-0.038048 -0.0576955 0.0240941 0.249315
0.046431 -0.369536 -1.61104 0.167866
0.424013 -0.282526 -1.9358 0.209534
-0.443525 -0.272457 -1.90309 0.206862
-0.153648 -0.333471 -1.79862 0.13962
0.126888 -0.112505 2.34077 0.134841
0.132916 -0.292725 -2.01986 0
-0.446381 -0.151999 2.30526 0.315988
-0.0385582 -0.259064 -2.02815 0
0.355165 -0.254073 -2.24992 0.111586
-0.661297 0.291106 0.543279 0.253255
-0.0215592 0.432877 0.660744 0.253818
-0.692932 -0.387892 1.03566 0.250412
-0.741912 0.0678454 0.893259 0.242787
0.0221224 0.326101 1.06548 0.238007
0.0833625 -0.110266 1.10634 0.174427
-0.427011 -0.245526 -2.05601 0.0711674
-0.0594939 -0.122667 1.55077 0.158475
0.176412 -0.147738 2.26623 0.0418828
0.597114 -0.321097 -2.23604 0.238734
-0.726663 -0.362113 -1.32658 0.220161
-0.693968 0.184608 0.959844 0.131338
-0.0834276 0.469995 1.15609 0.196287
-0.828246 -0.198022 -0.330363 0.193747
-0.847812 -0.159266 -0.788487 0.127707
-0.65336 0.456625 -0.289166 0.218661
-0.834067 0.176151 -0.936201 0.183027
0.620809 -0.537638 -1.80372 0.230771
-0.728468 -0.533211 -1.79515 0.220956
0.39738 -0.240283 2.48412 0.115124
-0.729179 -0.369031 1.77022 0.209965
-0.676193 -0.511721 1.50787 0.220322
-0.130296 -0.0622939 1.99871 0.0695893
0.170228 0.117536 2.26191 0.0582795
-0.789019 -0.0903653 -1.34744 0.198362
-0.116323 -0.139721 -0.386511 0.14087
0.00648115 -0.306184 -1.91787 0
-0.782195 0.166423 0.223047 0.184809
-0.801008 0.211523 -0.10062 0.18765
0.243999 -0.242506 -2.26876 0.00216983
-0.673265 0.547 0.10607 0.184046
0.100311 0.23648 0.196455 0.177482
0.494766 0.0149367 -1.34552 0.183139
0.0136765 0.574668 0.198581 0.175403
-0.744108 -0.58052 1.31079 0.193258
0.0827167 0.309811 -0.0252952 0.173636
0.0401135 -0.29939 2.51534 0.191073
-0.745752 -0.600952 -1.56374 0.186043
-0.70145 -0.357285 2.03921 0.191875
0.0167991 0.484283 -0.102832 0.189806
-0.194184 -0.301421 2.51057 0.189712
-0.117284 0.302289 1.8508 0.0722909
-0.765458 0.022621 1.74497 0.16065
-0.759345 0.359104 0.12203 0.163396
0.394502 0.175048 -0.915659 0.140707
0.626307 -0.576744 -1.56927 0.162321
0.101142 -0.169528 1.24801 0.0603746
-0.676681 -0.0731299 2.09924 0.141007
0.162384 -0.237453 -2.08338 0
0.515434 -0.387744 -1.35321 0.150036
-0.69164 -0.354255 2.24106 0.162332
0.0903552 0.398677 0.210986 0.155399
-0.710757 0.0510828 1.95605 0.135395
0.0970856 -0.539939 -1.39105 0.133924
-0.23993 -0.291729 -0.194951 0.104896
-0.0356231 -0.278973 0.99679 0.0986833
-0.440191 -0.454562 0.966293 0.155722
0.0971392 -0.360966 0.220474 0.153219
-0.130848 -0.370458 0.151253 0.159856
0.196528 -0.273452 -0.926002 0.110298
0.0541774 -0.233176 -0.766692 0.0901512
-0.0945408 -0.18887 -0.607445 0.0926528
-0.551749 -0.328502 -0.106175 0.146087
-0.129886 -0.400397 0.414367 0.160846
-0.540041 -0.387811 0.22857 0.150096
-0.41282 -0.420383 0.453639 0.154878
0.723732 -0.46037 -2.04398 0.162674
-0.786688 -0.401866 0.337714 0.152108
0.0191606 0.252046 2.09734 0.0158549
0.0760914 0.00552425 -1.38423 0.161041
0.476105 -0.313373 -1.18961 0.109877
-0.847914 -0.136289 1.01976 0.142338
-0.891281 -0.362284 -1.15983 0.140596
-0.605546 -0.454792 -2.01236 0.131539
-0.635189 -0.359389 2.44281 0.160253
-0.932407 0.0237425 -0.327704 0.142125
-0.209483 -0.381433 1.32036 0.063107
-0.932054 0.0357031 -0.778821 0.142026
-0.953804 -0.0600137 -0.486684 0.141021
0.149273 0.154921 1.16897 0.130905
0.436013 -0.309414 -2.49899 0.100044
-0.432129 0.213641 1.44928 0.111998
-0.971392 -0.156313 -0.562741 0.139358
0.545859 -0.311346 -2.48187 0.143078
0.253258 -0.0859671 -0.845525 0.0915995
-0.812005 -0.173808 1.69217 0.134543
-0.530623 0.00625638 -1.45493 0.140696
0.537355 -0.158445 -1.29368 0.128482
-0.224803 -0.374381 -1.97551 0.0226063
-0.913714 -0.316001 -0.0713748 0.132745
-0.9318 -0.296321 -1.00945 0.134232
-0.824122 -0.434317 0.566233 0.136563
0.649393 -0.0463231 -1.81771 0.140233
0.131675 0.382279 0.457863 0.125947
-0.817394 -0.44816 0.773958 0.134811
0.123899 0.279491 1.24489 0.124813
-0.15525 0.158084 1.88066 0.0123363
-0.781947 0.363292 -0.850795 0.120609
-0.81548 0.353038 -0.35938 0.125265
-0.0209473 0.273615 0.166463 0.422284
0.00869909 0.237954 0.790603 0.31104
0.240052 0.0324981 -0.381115 0.462929
-0.283877 0.0280794 -0.374302 0.495924
-0.320462 -0.0248244 1.32867 0.291741
0.207974 0.0574127 1.33137 0.346982
0.355057 -0.161028 -0.863731 0.333341
-0.0301445 -0.152292 -0.94841 0.440541
-0.469078 -0.167103 -0.883418 0.434078
-0.442074 0.171675 0.576602 0.0710448
-0.0725195 -0.110046 1.68885 0.341919
0.46083 0.199381 0.514616 0.228146
-0.309475 -0.194449 1.92775 0.354459
0.118906 -0.132189 1.93024 0.150445
0.41163 -0.21155 -1.3839 0.302564
-0.525739 -0.148088 -1.5235 0.39289
-0.0895746 -0.237577 2.18654 0.301772
-0.193353 -0.165618 -1.32902 0.370779
-0.551785 0.0510054 0.138449 0.199766
0.561781 0.0598847 0.102843 0.290909
0.11683 -0.140658 -1.42368 0.353028
0.390763 -0.130437 -1.63211 0.307679
-0.453328 -0.0329555 -1.84412 0.299666
-0.110064 -0.00685903 -1.64283 0.336699
0.156088 -0.283515 2.27311 0.126938
0.151829 0.0471933 -1.7305 0.254505
-0.296422 -0.211848 2.35392 0.274409
-0.111229 0.105736 -1.8868 0.177965
0.343976 -0.0553174 -1.76981 0.207353
-0.378177 0.38584 0.576202 0.223408
0.348809 0.520552 0.516791 0.247086
-0.584523 -0.117139 1.00659 0.179379
-0.441014 0.1816 0.929604 0.192939
0.430202 0.34453 0.857392 0.209655
0.55229 -0.116755 0.965876 0.207443
-0.555853 -0.0719497 -2.09709 0.101476
0.408925 -0.377817 1.46379 0.177428
0.280841 -0.257873 2.20402 0.132593
0.540281 -0.23183 -1.75493 0.175366
-0.669946 -0.366787 -1.21633 0.238634
-0.232078 0.245212 1.02193 0.148794
0.336749 0.484327 1.01213 0.2075
-0.637962 -0.2352 -0.174582 0.179119
-0.667535 -0.364378 -0.554674 0.236456
-0.483035 0.467337 -0.119924 0.218044
-0.718858 0.0879415 -0.677654 0.213574
0.434317 -0.547976 -1.58426 0.106757
-0.738724 -0.436461 -1.77736 0.221358
0.317127 -0.313531 2.41497 0.0302814
-0.618941 -0.391826 1.80249 0.194292
-0.625137 -0.473627 1.51168 0.19674
0.229459 -0.249895 1.93462 0.113654
0.317123 -0.0503062 2.18013 0.111368
-0.731577 -0.0917224 -1.21189 0.210972
0.70851 -0.28245 -0.110976 0.191003
-0.3322 -0.101087 -2.02361 0.0928136
-0.640614 0.236185 0.278923 0.190353
-0.662257 0.226826 0.0219985 0.19398
0.158288 -0.0354656 -1.86262 0.154
-0.462864 0.593855 0.19331 0.189763
0.531151 0.355318 0.137088 0.17748
0.593754 -0.0367812 -1.1619 0.167538
0.32076 0.69555 0.140936 0.179343
-0.707287 -0.507781 1.30719 0.186407
0.425164 0.447397 -0.0474211 0.168853
-0.00272712 -0.41244 2.51324 0.144687
-0.739997 -0.545561 -1.53863 0.194573
-0.551266 -0.394602 2.08233 0.171
0.294345 0.621013 -0.108714 0.177491
-0.155956 -0.3728 2.54838 0.167828
0.297853 0.148041 1.76379 0.104597
-0.54476 -0.0216289 1.80159 0.163444
-0.587129 0.401063 0.20591 0.163415
0.603331 0.0792211 -0.743313 0.121851
0.461711 -0.628828 -1.37747 0.145588
0.628729 -0.424126 1.15062 0.144404
-0.481833 -0.150485 2.15155 0.120434
-0.0941973 -0.0187963 -1.9716 0.107503
0.502972 -0.441572 -1.12612 0.151142
-0.494264 -0.383707 2.29358 0.14005
0.442632 0.52377 0.135398 0.152787
-0.501778 -0.0266494 2.01048 0.127352
0.191041 -0.434397 -1.18628 0.165426
0.413726 -0.234626 -0.000875322 0.125855
0.324809 -0.0921857 0.857755 0.138478
-0.369872 -0.0105311 0.853532 0.071663
0.799906 -0.051256 0.300566 0.0681031
0.445027 -0.0839631 0.231382 0.113758
0.580707 -0.425912 -0.642241 0.155282
0.625994 -0.42628 -0.46489 0.162319
0.675417 -0.416884 -0.284039 0.171795
-0.288342 -0.180515 -0.00238321 0.119693
0.303542 -0.0152887 0.401173 0.129952
-0.312869 -0.0253932 0.237211 0.0853814
-0.185381 0.0628818 0.400737 0.0776282
0.554261 -0.449079 -1.71974 0.078821
-0.611344 0.0197964 0.31774 0.086644
0.308379 0.0831728 2.02097 0.0659546
0.243734 0.0719169 -1.19921 0.160213
0.545767 -0.414962 -0.91873 0.0969747
-0.66141 0.00904257 1.05771 0.139932
-0.804433 -0.449363 -1.01872 0.155853
-0.684609 -0.329421 -2.03583 0.138042
-0.399618 -0.367835 2.5022 0.131565
-0.786223 -0.0247576 -0.166294 0.151491
-0.118874 -0.110165 1.16951 0.123557
-0.791457 -0.0975855 -0.550075 0.149135
-0.787645 -0.174143 -0.29562 0.148338
0.594284 0.118378 0.94323 0.12084
0.437115 -0.21785 -1.83286 0.109003
0.0318153 0.238739 1.46622 0.104218
-0.789438 -0.316364 -0.361306 0.14773
0.545671 -0.237188 -1.82418 0.114979
0.644769 -0.228896 -0.594548 0.127297
-0.64782 -0.202047 1.73962 0.128207
-0.45801 0.089077 -1.26772 0.137027
0.591961 -0.232187 -1.07072 0.100627
-0.541316 -0.231789 -2.14279 0.0319091
-0.742218 -0.199122 0.0130534 0.10693
-0.802841 -0.449086 -0.818031 0.138147
-0.650791 0.0790071 0.515257 0.0617551
0.614977 0.0110518 -1.56373 0.145588
0.517442 0.480238 0.314879 0.122155
-0.667051 -0.00300191 0.727272 0.0784552
0.555974 0.22097 1.02026 0.125939
0.280289 -0.0303899 1.79966 0.0466111
-0.661699 0.299971 -0.552301 0.125972
-0.672636 0.331863 -0.172298 0.128922
-0.00531236 -0.00361899 0.206522 0.580267
-0.117996 -0.316901 0.71103 0.591445
0.358914 0.0493434 -0.304227 0.466461
-0.247278 0.00993561 -0.297662 0.438603
-0.550181 -0.701539 0.945817 0.318457
0.262066 -0.482226 1.09398 0.340674
0.483264 -0.101195 -0.855743 0.401159
-0.0107865 -0.154505 -0.885947 0.3977
-0.515236 -0.225587 -0.708618 0.353031
-0.516077 -0.414615 0.471559 0.354389
-0.215577 -0.766129 1.1841 0.25831
0.55809 -0.256236 0.611007 0.425816
-0.606017 -0.933855 1.22278 0.367858
0.167039 -0.727499 1.33841 0.136241
0.490581 -0.128051 -1.51026 0.345813
-0.766116 -0.522516 -1.24653 0.368541
-0.284315 -0.886104 1.32529 0.16035
-0.286601 -0.350812 -1.21549 0.342777
-0.545497 -0.26527 0.155533 0.34211
0.664951 -0.130496 0.250443 0.189652
0.0978916 -0.230168 -1.45968 0.31572
0.360358 -0.0435882 -1.88908 0.296134
-0.725827 -0.301151 -1.71093 0.290395
-0.241361 -0.28917 -1.64306 0.287766
0.0264312 -0.963093 1.39794 0.0642857
0.0305974 -0.117541 -1.9715 0.225036
-0.689114 -0.956761 1.44034 0.260171
-0.298713 -0.094399 -2.1008 0.20316
0.146878 0.0354124 -2.20255 0.175797
-0.556628 0.13005 0.49045 0.242191
0.417545 0.233472 0.564938 0.260488
-0.593668 -0.946229 0.643119 0.199549
-0.688931 -0.221271 0.709483 0.230184
0.533173 -0.029487 0.849911 0.262801
0.701584 -0.681645 0.872184 0.249134
-0.881553 -0.0546397 -2.04381 0.225402
0.646259 -0.917093 1.11229 0.244168
0.357345 -0.975251 1.46424 0.140376
0.408393 0.00852835 -2.17739 0.22049
-0.870123 -0.696599 -0.868665 0.188813
-0.668131 -0.0680849 0.808892 0.179673
0.346764 0.124762 0.938537 0.208844
-0.614336 -0.317732 -0.075273 0.134501
-0.667855 -0.259435 -0.360168 0.135558
-0.477985 0.409012 -0.0920417 0.223995
-0.702656 0.0784174 -0.5379 0.175776
0.549282 -0.241262 -1.82267 0.217558
-1.07459 -0.788117 -1.43512 0.207567
0.223517 -1.14999 1.53067 0.123765
-0.866309 -1.22461 1.09688 0.143238
-0.687824 -1.33052 0.871631 0.177075
0.539058 -0.816334 1.4038 0.11536
0.351318 -0.71866 1.46458 0.0891834
-0.907987 -0.403757 -0.895403 0.206565
0.790655 -0.128641 0.0509072 0.0687887
-0.532177 0.00513771 -2.29717 0.161833
-0.679296 0.0755077 0.265872 0.223778
-0.659522 0.147005 0.0542994 0.211811
-0.0933588 0.0727496 -2.34196 0.156348
-0.515143 0.473378 0.186721 0.185011
0.692822 0.158472 0.260831 0.198054
0.732979 0.0187689 -1.22855 0.196993
0.448367 0.509572 0.207578 0.198512
-0.625764 -1.35131 0.696218 0.151899
0.614778 0.298183 0.0491623 0.190569
-0.152696 -1.055 1.46085 0.0449169
-1.06008 -1.01251 -1.11776 0.216079
-0.941385 -1.2402 1.27928 0.177835
0.465343 0.479393 -0.0371604 0.191903
-0.392917 -1.03007 1.49403 0.171163
0.546758 -0.338872 1.36435 0.0978367
-0.89203 -0.700333 1.20269 0.167417
-0.632744 0.286163 0.200419 0.178003
0.832038 0.166748 -0.727984 0.174089
0.65787 -0.374557 -1.55735 0.162577
0.825253 -0.96239 0.907322 0.119641
-0.950368 -0.948761 1.37984 0.16216
-0.301333 0.0850535 -2.38774 0.152081
0.71751 -0.355391 -1.24149 0.156602
-0.976418 -1.21915 1.40605 0.152263
0.600969 0.330227 0.228963 0.168387
-0.927985 -0.771452 1.3277 0.154643
0.259629 -0.393732 -1.2092 0.149364
0.46542 -0.351313 0.137517 0.104916
0.371023 -0.80458 0.80021 0.164382
-0.434849 -1.0114 0.633785 0.159264
0.869016 -0.483778 0.48504 0.111514
0.485938 -0.512686 0.367033 0.112153
0.761482 -0.296228 -0.620103 0.143664
0.767416 -0.22979 -0.387152 0.136307
0.774906 -0.164216 -0.153144 0.114025
-0.267005 -0.497297 0.0539221 0.124951
0.31385 -0.657099 0.484982 0.129336
-0.308731 -0.660876 0.231768 0.123523
-0.207794 -0.769544 0.376524 0.128476
0.569594 -0.116793 -2.05482 0.146828
-0.595852 -0.706347 0.266136 0.124974
0.473656 -0.492911 1.44659 0.0455208
0.261754 0.0420231 -1.20173 0.154179
0.812859 -0.386931 -1.0111 0.138391
-0.750429 -0.537337 0.725392 0.11078
-0.953816 -0.666163 -0.686319 0.104122
-1.032 -0.42946 -1.84542 0.13527
-0.933212 -1.18227 1.52889 0.141752
-0.762893 -0.0601394 -0.0831526 0.149727
-0.236685 -1.0251 0.932286 0.148031
-0.779327 -0.0647793 -0.391626 0.143728
-0.76421 -0.150618 -0.172269 0.14878
0.790471 -0.313786 0.912429 0.14899
0.133644 0.0621341 -2.405 0.118482
-0.216803 -0.17482 1.21464 0.15612
-0.771679 -0.255898 -0.207221 0.146171
0.282025 0.0566363 -2.36894 0.121087
0.83189 -0.098979 -0.556399 0.142662
-0.921103 -0.935856 1.10892 0.117586
-0.590476 -0.155398 -1.07396 0.134274
0.801069 -0.176255 -1.16011 0.14137
-0.803692 -0.0752378 -2.25325 0.116773
-0.721519 -0.489327 0.0593979 0.117415
-0.877642 -0.497195 -0.549211 0.113367
-0.635068 -0.826596 0.381427 0.13186
0.649668 0.146642 -1.77554 0.122887
0.664471 0.243771 0.421594 0.138912
-0.647324 -0.918472 0.487831 0.120067
0.749545 -0.175132 0.962547 0.131925
0.627842 -0.529782 1.37106 0.109032
-0.630123 0.308899 -0.476826 0.115016
-0.657698 0.304492 -0.126987 0.132745
-0.00644589 0.0782281 0.263143 0.644338
0.0032667 0.0280486 0.900717 0.616378
0.288314 -0.112092 -0.242579 0.483532
-0.306795 -0.119396 -0.273675 0.506958
-0.409777 -0.108288 1.29504 0.46707
0.430327 -0.116196 1.25118 0.470194
0.341203 -0.325862 -0.589619 0.383466
-0.112261 -0.339499 -0.647584 0.3537
-0.530914 -0.343607 -0.636113 0.323181
-0.541222 -0.107984 0.64709 0.426155
-0.00895169 -0.175542 1.51345 0.412272
0.547162 -0.106797 0.63835 0.420521
-0.426976 -0.187297 1.6221 0.379538
0.453937 -0.189484 1.56605 0.40207
0.505994 -0.496668 -0.939369 0.332416
-0.513971 -0.544451 -0.95834 0.298973
-0.0931998 -0.17081 1.81113 0.364895
-0.282577 -0.484688 -0.849883 0.30271
-0.613476 -0.192108 0.189706 0.355243
0.608214 -0.180903 0.190281 0.352514
0.0519495 -0.508294 -0.921696 0.293227
0.595487 -0.5851 -1.14036 0.292538
-0.267228 -0.67572 -1.17565 0.239223
-0.0886914 -0.60568 -1.06116 0.255577
0.421543 -0.176803 1.82939 0.27445
0.286623 -0.654253 -1.1907 0.251795
-0.507407 -0.198717 1.87409 0.263814
0.153214 -0.7255 -1.27655 0.225273
0.593119 -0.646092 -1.30676 0.219907
-0.476219 0.360115 0.653168 0.27922
0.47866 0.366533 0.638468 0.279705
-0.677555 -0.376577 1.02896 0.262068
-0.60824 0.16494 0.971849 0.262756
0.623405 0.161301 0.933251 0.257003
0.692947 -0.383066 0.989861 0.252619
-0.126094 -0.762633 -1.34574 0.152689
0.711582 -0.531274 1.26736 0.214125
0.727636 -0.341239 1.65318 0.221967
0.856113 -0.678319 -1.29917 0.228552
-0.707588 -0.591597 -0.785572 0.204336
-0.472264 0.369054 1.1058 0.232156
0.48901 0.364266 1.06127 0.226037
-0.681976 -0.403218 -0.139739 0.212492
-0.693476 -0.454505 -0.46759 0.166922
-0.496385 0.367841 -0.042257 0.214342
-0.782705 -0.112492 -0.54985 0.186887
0.820395 -0.805708 -1.06772 0.22056
-0.604469 -0.87132 -1.12891 0.169523
0.64781 -0.33499 1.85193 0.169299
-0.750018 -0.394475 1.51783 0.197593
-0.687561 -0.516402 1.37029 0.176798
0.811761 -0.416584 1.42815 0.215948
0.78709 -0.0634101 1.67795 0.206518
-0.769337 -0.344889 -0.812042 0.192745
0.733071 -0.391454 -0.0545987 0.204993
0.211092 -0.807165 -1.36807 0.113311
-0.68269 0.144956 0.325423 0.207295
-0.689895 0.118028 0.0728398 0.202639
0.476251 -0.673876 -1.38493 0.164281
-0.485407 0.537637 0.270157 0.201066
0.679939 0.163947 0.248603 0.202026
0.62149 -0.260259 -0.816931 0.182769
0.474088 0.565654 0.252008 0.200697
-0.748408 -0.581283 1.26232 0.19254
0.609703 0.295428 0.0532787 0.200487
0.0152411 -0.295651 2.05489 0.174359
-0.701713 -0.867086 -0.949059 0.161149
-0.754242 -0.407688 1.66299 0.18197
0.470137 0.490102 -0.00624162 0.178441
-0.296434 -0.303031 2.06001 0.171805
0.822015 -0.000999453 1.39186 0.188988
-0.717443 -0.00110915 1.55976 0.162857
-0.619179 0.336977 0.266772 0.173605
0.683263 -0.0889426 -0.462567 0.115954
0.777453 -0.802054 -0.892393 0.141805
0.762781 -0.588121 1.11308 0.154773
-0.705236 -0.160597 1.73065 0.123995
0.361803 -0.708376 -1.4112 0.0835563
0.62024 -0.593941 -0.732147 0.149356
-0.767793 -0.412509 1.7738 0.154502
0.612004 0.366821 0.248103 0.169511
-0.695522 -0.0208962 1.67419 0.11639
0.119171 -0.621573 -0.752556 0.151641
0.398432 -0.459814 0.0694419 0.158079
0.415512 -0.448054 0.94713 0.159504
-0.406208 -0.444348 0.967002 0.16
0.749301 -0.445066 0.37906 0.159354
0.407327 -0.449594 0.317747 0.158836
0.617545 -0.520012 -0.426472 0.150618
0.661894 -0.501478 -0.315181 0.149502
0.704614 -0.477678 -0.198521 0.145045
-0.34536 -0.461561 0.0633743 0.155449
0.273133 -0.448089 0.51372 0.158652
-0.407112 -0.451765 0.317588 0.156685
-0.270029 -0.448202 0.515038 0.157945
0.979041 -0.786789 -1.21646 0.167328
-0.744131 -0.447538 0.380055 0.157616
0.845306 -0.00127131 1.54598 0.163225
0.156027 -0.213348 -0.850768 0.135331
0.619113 -0.524275 -0.591502 0.121214
-0.811338 -0.105205 1.03699 0.157952
-0.839458 -0.623807 -0.693871 0.135685
-0.356728 -0.90846 -1.3102 0.121091
-0.730668 -0.406138 1.89835 0.131478
-0.823648 -0.16206 -0.126348 0.154607
-0.00334623 -0.446052 1.22583 0.15345
-0.836204 -0.247783 -0.454301 0.150712
-0.822304 -0.299123 -0.255233 0.151356
0.832539 -0.113149 0.974819 0.151216
0.715348 -0.691883 -1.44038 0.113342
0.00438325 0.232919 1.48138 0.158544
-0.819211 -0.424848 -0.320195 0.147471
0.830425 -0.68243 -1.42637 0.121995
0.700699 -0.338084 -0.386554 0.127672
-0.79936 -0.196606 1.49681 0.136098
-0.509412 -0.224589 -0.851353 0.119559
0.665061 -0.398554 -0.71819 0.112368
0.0333513 -0.894049 -1.41376 0.0902802
-0.814119 -0.458123 0.0510855 0.13904
-0.835722 -0.583146 -0.608036 0.129287
-0.811336 -0.44504 0.578875 0.138795
0.820476 -0.346666 -1.11001 0.120827
0.68116 0.300564 0.444794 0.139253
-0.811267 -0.444503 0.77849 0.138145
0.837052 0.0202581 1.02075 0.135383
0.89396 -0.212658 1.34477 0.146605
-0.718896 0.123191 -0.456722 0.11464
-0.699595 0.219122 -0.108162 0.131596
0.29723 -0.0530928 0.254949 0.3292
0.154492 -0.129448 0.921351 0.256492
0.480061 -0.0708401 -0.393282 0.489077
0.153294 -0.145627 -0.448314 0.434187
-0.330396 -0.126635 1.40868 0.157283
0.430068 -0.142312 1.37627 0.421476
0.536937 -0.181595 -0.915813 0.431367
0.192791 -0.19081 -1.03732 0.422889
-0.0992626 -0.185581 -1.03378 0.394229
-0.145884 -0.280557 0.743618 0
0.0186993 -0.201591 1.71229 0.373186
0.589876 -0.146225 0.645993 0.378418
-0.372406 -0.232691 1.91655 0.317786
0.411098 -0.174862 1.91256 0.397037
0.558993 -0.269585 -1.49242 0.374167
-0.325614 -0.181715 -1.613 0.315105
-0.0551302 -0.205995 2.17726 0.353387
-0.0339528 -0.243714 -1.4134 0.320804
-0.0145509 -0.398979 0.230506 0.0880485
0.65511 -0.192736 0.175155 0.31185
0.195694 -0.287899 -1.50656 0.319199
0.500936 -0.317918 -1.89226 0.312651
-0.346985 -0.281625 -1.98289 0.249389
-0.0332087 -0.328585 -1.77846 0.2756
0.343236 -0.175591 2.31274 0.324155
0.191742 -0.389011 -2.03031 0.229116
-0.44034 -0.284406 2.30502 0.273894
-0.069712 -0.399641 -2.23207 0.173585
0.370821 -0.342583 -2.29294 0.232028
0.0358327 0.0169038 0.730292 0.119756
0.590007 0.256299 0.649504 0.253337
-0.596 -0.16518 1.12826 0.146962
-0.288357 -0.0543601 1.05831 0.146364
0.660251 0.0978511 0.976654 0.253058
0.687712 -0.386214 1.04493 0.247093
-0.481912 -0.290559 -2.30071 0.224462
0.682602 -0.514339 1.44563 0.242322
0.681733 -0.308511 2.17958 0.240985
0.631181 -0.371085 -2.22498 0.233848
-0.349034 -0.279825 -1.32812 0.224523
-0.149507 -0.0790804 1.11909 0.0930319
0.555339 0.250532 1.10729 0.20472
-0.0861861 -0.538998 -0.247994 0.207673
-0.124303 -0.462329 -0.756805 0.227794
0.104211 0.203205 -0.0784175 0.186752
-0.267282 0.0200817 -0.829869 0.207163
0.688618 -0.537369 -1.75687 0.225345
-0.545794 -0.420988 -1.86783 0.194163
0.613881 -0.308523 2.44641 0.220697
-0.708638 -0.293952 1.81317 0.125663
-0.639318 -0.231975 1.57538 0.0767209
0.749721 -0.376784 1.84602 0.217225
0.681771 -0.036765 2.17957 0.21382
-0.412302 -0.0277921 -1.3314 0.189646
0.764144 -0.380228 -0.092491 0.197742
-0.240931 -0.382606 -2.49363 0.181802
0.0978362 -0.185917 0.460858 0.073281
0.0494393 -0.122455 0.112515 0.130911
0.164934 -0.334666 -2.49279 0.184906
0.109408 0.266431 0.310992 0.146086
0.728428 0.132392 0.246832 0.18835
0.754068 -0.0424364 -1.22405 0.198899
0.614947 0.477411 0.251967 0.170621
-0.694805 -0.142332 1.40102 0.0476878
0.670072 0.26986 0.0446465 0.173178
0.0733856 -0.317489 2.51238 0.192568
-0.487647 -0.434001 -1.6176 0.164939
-0.707303 -0.429804 2.0532 0.13247
0.593783 0.443888 -0.022516 0.176539
-0.190491 -0.34609 2.51002 0.189382
0.752635 0.0248351 1.712 0.183666
-0.682806 -0.042575 1.80261 0.132621
0.0864468 0.0357332 0.34898 0.121335
0.836762 0.0967992 -0.764748 0.165812
0.752151 -0.586676 -1.48987 0.171228
0.750202 -0.581751 1.17885 0.17188
-0.684649 -0.279173 2.10662 0.106538
-0.0396897 -0.329755 -2.55941 0.153585
0.756974 -0.448267 -1.22565 0.167382
-0.708923 -0.473118 2.24299 0.13861
0.691086 0.311194 0.249244 0.156714
-0.678791 -0.130275 1.9814 0.100602
0.324426 -0.454885 -1.24449 0.159346
0.496964 -0.47166 0.0287302 0.156888
0.425077 -0.463327 0.977963 0.154594
-0.357362 -0.350075 1.015 0.0948016
0.756951 -0.447946 0.377913 0.157168
0.47751 -0.473413 0.305385 0.152586
0.777988 -0.44877 -0.702036 0.15987
0.777172 -0.448835 -0.501094 0.159509
0.768415 -0.44769 -0.296417 0.159208
0.0536634 -0.564323 0.00259606 0.144034
0.347936 -0.484183 0.508428 0.151619
-0.0954097 -0.559783 0.31821 0.123149
-0.107043 -0.516839 0.51918 0.0564467
0.760853 -0.485192 -2.02418 0.157466
-0.362694 -0.581074 0.430651 0.0602196
0.749982 0.0304914 1.97938 0.158217
0.34295 0.00906449 -1.2513 0.154933
0.828227 -0.446202 -1.0274 0.158407
-0.663938 0.0256311 1.17106 0.0700347
-0.4084 -0.383746 -1.16635 0.14139
-0.566058 -0.430694 -2.18005 0.148042
-0.650362 -0.464036 2.44017 0.129051
-0.132418 -0.318866 -0.189133 0.135145
0.0149319 -0.45028 1.31445 0.139119
-0.266846 -0.208192 -0.702867 0.141657
-0.179832 -0.405644 -0.400583 0.14393
0.825938 -0.12087 1.04432 0.14806
0.423149 -0.355013 -2.55801 0.137813
0.0708225 0.103395 1.50308 0.0652875
-0.201053 -0.513456 -0.515346 0.133822
0.558627 -0.354118 -2.49129 0.137958
0.840335 -0.24392 -0.632759 0.136103
-0.768533 -0.128998 1.75343 0.138027
-0.205921 0.0513315 -1.3834 0.138592
0.823437 -0.244078 -1.15832 0.138122
-0.441808 -0.414009 -2.49524 0.132208
-0.234448 -0.629308 0.027885 0.0966261
-0.340167 -0.451083 -1.00306 0.127748
-0.574276 -0.489157 0.644863 0.0243802
0.762742 -0.0836735 -1.75759 0.131241
0.7488 0.24127 0.448905 0.130816
-0.671599 -0.353056 0.856249 0.0369367
0.832599 0.00370352 1.1104 0.133153
0.818488 -0.17481 1.71242 0.135354
-0.161512 0.178823 -0.671952 0.130751
-0.0323065 0.0681791 -0.155478 0.106916
