128
0.00310999 0.0993176 0.245091 0.662298
0.00310999 0.0313419 0.912157 0.616855
0.342415 -0.0366339 -0.355268 0.56691
-0.268334 -0.0366339 -0.355268 0.56685
-0.404056 -0.10461 1.3791 0.494882
0.410276 -0.10461 1.3791 0.494092
0.478137 -0.172585 -0.88892 0.43204
0.00310999 -0.172585 -0.955627 0.431225
-0.471917 -0.172585 -0.88892 0.430043
-0.539778 -0.10461 0.645331 0.427576
0.00310999 -0.172585 1.71264 0.421035
0.545998 -0.10461 0.645331 0.420757
-0.404056 -0.172585 1.91276 0.399337
0.410276 -0.172585 1.91276 0.398886
0.545998 -0.240561 -1.48928 0.386646
-0.539778 -0.240561 -1.55599 0.383308
-0.0647509 -0.172585 2.17958 0.381239
-0.200473 -0.240561 -1.35587 0.359243
-0.607638 -0.172585 0.178385 0.357534
0.613858 -0.172585 0.178385 0.350582
0.138832 -0.240561 -1.48928 0.35045
0.478137 -0.240561 -1.88952 0.349756
-0.471917 -0.240561 -1.95623 0.339809
-0.132612 -0.240561 -1.75611 0.332743
0.342415 -0.172585 2.31299 0.322976
0.138832 -0.240561 -2.02293 0.315558
-0.471917 -0.172585 2.31299 0.315032
-0.132612 -0.240561 -2.22305 0.306798
0.342415 -0.240561 -2.28976 0.283344
-0.471917 0.371221 0.645331 0.281352
0.478137 0.371221 0.645331 0.279812
-0.675499 -0.376513 1.04557 0.264172
-0.607638 0.167293 0.978864 0.263097
0.613858 0.167293 0.978864 0.256173
0.681719 -0.376513 1.04557 0.252579
-0.539778 -0.240561 -2.28976 0.246141
0.681719 -0.512464 1.44581 0.242675
0.681719 -0.308537 2.17958 0.240983
0.613858 -0.308537 -2.22305 0.238412
-0.675499 -0.376513 -1.22245 0.23516
-0.471917 0.371221 1.11228 0.2316
0.478137 0.371221 1.11228 0.230503
-0.675499 -0.376513 -0.155148 0.226994
-0.675499 -0.376513 -0.555387 0.226364
-0.471917 0.439196 -0.0884415 0.226112
-0.74336 0.0993176 -0.688801 0.225071
0.681719 -0.512464 -1.75611 0.224817
-0.74336 -0.512464 -1.82281 0.224552
0.613858 -0.308537 2.44641 0.220694
-0.74336 -0.376513 1.77934 0.219191
-0.675499 -0.512464 1.51252 0.218971
0.74958 -0.376513 1.84605 0.217496
0.681719 -0.0366339 2.17958 0.213824
-0.74336 -0.10461 -1.22245 0.212621
0.74958 -0.376513 -0.0884415 0.209623
-0.268334 -0.308537 -2.48988 0.207558
-0.675499 0.167293 0.311798 0.207508
-0.675499 0.167293 0.0449716 0.20452
0.138832 -0.240561 -2.48988 0.203494
-0.471917 0.575148 0.245091 0.201505
0.681719 0.167293 0.245091 0.201032
0.74958 -0.0366339 -1.22245 0.199983
0.478137 0.575148 0.245091 0.198224
-0.74336 -0.58044 1.3124 0.196629
0.613858 0.303245 0.0449716 0.195249
0.0709709 -0.308537 2.51311 0.192525
-0.74336 -0.58044 -1.55599 0.190884
-0.74336 -0.376513 2.04617 0.190852
0.478137 0.507172 -0.021735 0.19063
-0.200473 -0.308537 2.51311 0.189256
0.74958 0.0313419 1.71264 0.184018
-0.74336 0.0313419 1.77934 0.183355
-0.607638 0.371221 0.245091 0.174101
0.817441 0.0993176 -0.755507 0.173455
0.74958 -0.58044 -1.48928 0.172396
0.74958 -0.58044 1.17898 0.172362
-0.74336 -0.10461 2.11288 0.171594
-0.0647509 -0.240561 -2.55658 0.169582
0.74958 -0.444488 -1.22245 0.168806
-0.74336 -0.376513 2.24629 0.168402
0.613858 0.371221 0.245091 0.168337
-0.74336 0.0313419 1.97946 0.163062
0.274554 -0.444488 -1.22245 0.160523
0.410276 -0.444488 0.0449716 0.16014
0.410276 -0.444488 0.978864 0.160097
-0.404056 -0.444488 0.978864 0.160067
0.74958 -0.444488 0.378504 0.159834
0.410276 -0.444488 0.311798 0.159593
0.74958 -0.444488 -0.688801 0.159539
0.74958 -0.444488 -0.488681 0.15927
0.74958 -0.444488 -0.288561 0.15922
-0.336195 -0.444488 0.0449716 0.159191
0.274554 -0.444488 0.511918 0.159022
-0.404056 -0.444488 0.311798 0.1588
-0.268334 -0.444488 0.511918 0.158652
0.74958 -0.444488 -2.02293 0.158592
-0.74336 -0.444488 0.378504 0.15851
0.74958 0.0313419 1.97946 0.158295
0.274554 0.0313419 -1.22245 0.158251
0.817441 -0.444488 -1.02233 0.158122
-0.811221 -0.10461 1.04557 0.158089
-0.811221 -0.444488 -1.02233 0.157355
-0.675499 -0.444488 -2.15635 0.15682
-0.675499 -0.376513 2.44641 0.155862
-0.811221 -0.10461 -0.155148 0.154756
0.00310999 -0.444488 1.3124 0.15383
-0.811221 -0.10461 -0.555387 0.152818
-0.811221 -0.240561 -0.288561 0.151291
0.817441 -0.10461 1.04557 0.151254
0.410276 -0.308537 -2.55658 0.14997
0.00310999 0.235269 1.51252 0.149632
-0.811221 -0.376513 -0.355268 0.148155
0.545998 -0.308537 -2.48988 0.144458
0.817441 -0.240561 -0.622094 0.142733
-0.811221 -0.172585 1.71264 0.141832
-0.471917 0.0313419 -1.28916 0.141277
0.817441 -0.240561 -1.15575 0.140948
-0.471917 -0.376513 -2.48988 0.139908
-0.811221 -0.444488 0.0449716 0.139861
-0.811221 -0.444488 -0.822214 0.138953
-0.811221 -0.444488 0.578624 0.138839
0.74958 -0.0366339 -1.75611 0.138789
0.681719 0.303245 0.445211 0.138723
-0.811221 -0.444488 0.778744 0.138185
0.817441 0.0313419 1.11228 0.135963
0.817441 -0.172585 1.71264 0.135508
-0.675499 0.303245 -0.555387 0.13437
-0.675499 0.303245 -0.155148 0.134166
