6
49
0.167915 0.0513348 0.136254 0.655477
-0.271565 0.0513348 0.662885 0.614548
0.277785 0.0513348 0.978864 0.580113
-0.381435 -0.0566268 -0.28505 0.547037
0.387655 -0.0566268 -0.495703 0.5311
-0.271565 -0.0566268 1.29484 0.505554
0.497525 -0.164588 1.61082 0.451366
0.058045 -0.164588 -0.917007 0.439298
-0.491305 -0.164588 -0.811681 0.438086
0.058045 -0.164588 1.71615 0.428962
-0.381435 -0.164588 1.82147 0.406617
0.497525 -0.164588 -1.02233 0.389684
-0.0518251 -0.164588 2.13745 0.378714
0.387655 -0.164588 2.13745 0.368806
-0.491305 -0.164588 2.24278 0.352822
-0.271565 -0.164588 -1.23299 0.349823
0.497525 -0.27255 -1.65429 0.349457
-0.601176 -0.27255 -1.33831 0.347965
-0.491305 -0.27255 -1.86494 0.344023
0.058045 -0.164588 -1.44364 0.33214
0.607396 -0.27255 0.557559 0.331124
-0.601176 -0.27255 0.24158 0.330653
-0.601176 -0.380511 1.50549 0.312902
0.497525 -0.27255 -2.07559 0.309563
-0.0518251 -0.164588 -1.75962 0.304447
-0.381435 0.483181 0.136254 0.293542
0.607396 -0.380511 1.18952 0.288765
0.167915 -0.27255 -1.97027 0.286782
-0.161695 -0.27255 -2.07559 0.280784
-0.491305 -0.27255 -2.28625 0.276533
0.167915 -0.27255 -2.28625 0.272547
-0.601176 -0.380511 1.08419 0.266576
-0.161695 -0.27255 -2.39157 0.265131
-0.711046 -0.488473 -1.65429 0.247955
0.607396 -0.380511 -1.33831 0.246059
0.717266 -0.27255 -0.074398 0.24357
0.167915 -0.27255 2.45343 0.237243
-0.601176 0.267258 0.136254 0.227582
0.497525 -0.27255 -2.39157 0.226495
0.717266 -0.380511 0.873537 0.22608
0.717266 -0.488473 -1.86494 0.224923
0.717266 -0.380511 0.24158 0.224149
-0.0518251 0.375219 -0.390377 0.222931
-0.711046 -0.380511 0.557559 0.222369
0.717266 0.0513348 0.557559 0.21916
-0.711046 0.0513348 1.61082 0.214382
-0.0518251 0.267258 -0.601029 0.212581
0.717266 -0.0566268 -1.33831 0.212413
-0.711046 -0.596434 1.29484 0.211166
-0.24436 0.0984906 -0.000816491 0.481216
-0.472995 0.0178476 0.590248 0.505721
-0.170192 0.121033 0.987034 0.461093
-0.586679 0.0500891 -0.521813 0.380005
-0.0738769 0.0307763 -0.71763 0.285839
-0.465856 -0.0990333 1.24177 0.39995
-0.185694 0.0618657 1.70039 0.142467
-0.176596 -0.1569 -1.15524 0.410924
-0.624953 -0.0806414 -1.06324 0.36402
-0.282002 -0.0959315 1.72248 0.240681
-0.471659 -0.161589 1.79955 0.34164
0.195536 -0.123622 -1.19743 0.348721
-0.188062 -0.136563 2.1366 0.20251
0.0192948 -0.0619266 2.1841 0.0615866
-0.471502 -0.14351 2.23346 0.329304
-0.360039 -0.222835 -1.41147 0.365466
0.402827 -0.324135 -1.73027 0.193722
-0.640396 -0.292902 -1.43352 0.302999
-0.475254 -0.310828 -1.83911 0.269564
-0.0366739 -0.272364 -1.57674 0.238064
0.0493392 -0.176585 0.505457 0.276415
-0.700621 -0.208957 0.157133 0.305748
-0.624034 -0.386375 1.49329 0.306354
0.46926 -0.299971 -2.09884 0.250302
-0.0847741 -0.253937 -1.81682 0.0942171
-0.593381 0.473407 -0.0147371 0.284249
-0.0118364 -0.0891875 1.26353 0.167999
0.151631 -0.334484 -1.98446 0
-0.114231 -0.311076 -1.97909 0
-0.362236 -0.27829 -2.01873 0.0700372
0.217155 -0.28987 -2.17728 0
-0.624236 -0.39312 1.07265 0.260538
0.0296919 -0.276617 -1.99322 0
-0.708595 -0.512724 -1.65363 0.243958
0.422677 -0.384578 -1.458 0.225346
-0.0599455 -0.0848334 -0.326926 0.160665
0.0991136 -0.253542 2.46058 0.227081
-0.745732 0.280971 -0.00218199 0.209807
0.497621 -0.279472 -2.38052 0.204533
0.143878 -0.174736 0.908875 0.167577
0.675261 -0.509032 -1.89846 0.22024
0.00456725 -0.254506 0.0480642 0.188006
-0.328515 0.402623 -0.646615 0.216399
-0.729815 -0.372571 0.542443 0.214821
0.124393 0.190452 0.601124 0.190997
-0.772599 0.0160562 1.56309 0.199522
-0.303629 0.303205 -0.898991 0.209649
0.505067 -0.0261953 -1.44811 0.20872
-0.712827 -0.596862 1.29325 0.21087
0.115832 0.227646 0.0616077 0.472406
-0.20913 0.249626 0.568847 0.209027
0.197245 0.254444 0.860028 0.356926
-0.382096 0.019788 -0.304354 0.455697
0.274637 -0.012526 -0.508376 0.439843
-0.208108 0.0521064 1.21551 0.232315
0.187702 -0.0403773 1.62051 0.233706
0.0156008 -0.145507 -0.910678 0.44616
-0.488347 -0.161672 -0.807299 0.439211
-0.0415793 -0.0980947 1.69377 0.344741
-0.303 -0.172445 1.8258 0.352374
0.371342 -0.155326 -0.987117 0.317411
-0.0847719 -0.224949 2.14175 0.305422
0.142772 -0.203585 2.12887 0.217083
-0.313898 -0.201847 2.28107 0.25586
-0.266562 -0.117027 -1.21631 0.363405
0.376549 -0.211944 -1.50481 0.300072
-0.592807 -0.238184 -1.32523 0.354688
-0.473375 -0.0938503 -1.77558 0.319031
0.049111 -0.0588983 -1.38864 0.335913
0.584293 0.0973248 0.445235 0.157053
-0.522809 0.0288377 0.193216 0.143502
-0.538939 -0.333517 1.49943 0.230312
0.427723 -0.153503 -1.70448 0.250356
-0.0268727 0.10177 -1.63681 0.284453
-0.389321 0.523011 0.0868379 0.278162
0.430908 -0.162796 1.13257 0.229872
0.165845 -0.0180131 -1.70464 0.297493
-0.130437 0.07513 -1.83852 0.235303
-0.510266 -0.0857702 -2.06342 0.101882
0.184883 -0.0222017 -1.79689 0.21186
-0.527663 -0.11682 1.03071 0.189159
-0.183422 -0.00534353 -1.94566 0.155348
-0.705313 -0.429461 -1.6253 0.250686
0.419609 -0.375617 -1.24982 0.247863
0.657165 -0.15187 -0.108339 0.221964
0.0617558 -0.388933 2.43185 0.134776
-0.587751 0.312539 0.104182 0.215817
0.49079 -0.165435 -1.79044 0.157856
0.642779 -0.0526223 0.769694 0.163851
0.47927 -0.518226 -1.64589 0.070342
0.732241 -0.0812921 0.174424 0.14155
-0.119882 0.420884 -0.422997 0.214129
-0.554307 0.141191 0.48951 0.0751542
0.566213 0.294308 0.412139 0.154143
-0.525489 0.000669863 1.62282 0.179132
-0.107972 0.297327 -0.618453 0.206636
0.573846 -0.0468504 -1.26136 0.19271
-0.681413 -0.519849 1.28557 0.175868
0.174677 0.00392876 0.132301 0.528761
-0.324946 -0.235482 0.503851 0.580075
0.166276 -0.245388 0.803816 0.546199
-0.352484 -0.0171226 -0.22571 0.368607
0.401674 0.0365691 -0.444643 0.464798
-0.443095 -0.593811 0.922129 0.410513
0.3204 -0.583268 1.24069 0.228993
0.0499721 -0.132741 -0.855392 0.406694
-0.518212 -0.186363 -0.640056 0.352907
-0.161032 -0.73963 1.19862 0.225342
-0.577541 -0.90162 1.17924 0.398014
0.4958 -0.108085 -1.0038 0.352929
-0.273911 -0.872638 1.31096 0.164811
0.0982486 -0.850079 1.37454 0.10791
-0.708735 -0.957007 1.40662 0.295229
-0.353219 -0.281415 -1.07718 0.3338
0.419081 -0.127692 -1.67482 0.313415
-0.802197 -0.591855 -1.00732 0.304648
-0.742811 -0.401657 -1.59765 0.28758
0.011627 -0.183697 -1.391 0.314101
0.673526 -0.404515 0.575641 0.271324
-0.515552 -0.414241 0.193849 0.269334
-0.66875 -1.15455 0.911125 0.230789
0.337292 -0.0187207 -2.04987 0.249709
-0.13158 -0.189435 -1.68344 0.28186
-0.409557 0.406104 0.0971846 0.296477
0.58425 -0.729901 0.954329 0.278816
0.0639576 -0.151655 -1.92827 0.21369
-0.307068 -0.211607 -1.95693 0.194036
-0.809675 -0.0939175 -2.05067 0.236848
-0.0124949 -0.0314718 -2.18695 0.152332
-0.558425 -0.971893 0.67072 0.233942
-0.382587 -0.014033 -2.23405 0.198816
-1.02465 -0.860371 -1.24413 0.258873
0.566004 -0.279153 -1.36035 0.230061
0.759131 -0.0878133 0.0405851 0.108164
-0.0966028 -1.05624 1.42785 0.0101342
-0.607269 0.213754 0.117466 0.233659
0.260597 0.0605858 -2.28963 0.194845
0.777813 -0.629327 0.783155 0.229378
0.562322 -0.183826 -1.92474 0.195543
0.805891 -0.330998 0.354054 0.134285
-0.0520195 0.383295 -0.381088 0.22073
-0.547819 -0.745271 0.376325 0.188269
0.726842 -0.00851342 0.554287 0.226928
-0.835776 -0.606558 1.10259 0.187318
-0.0494437 0.292372 -0.578565 0.211828
0.686004 0.0160749 -1.35187 0.199946
-0.586893 -1.37161 0.67492 0.127354
0.156103 0.0282165 0.159328 0.645011
-0.274223 0.0447946 0.666357 0.609385
0.282523 0.0469406 0.94962 0.575589
-0.410653 -0.131062 -0.222712 0.497503
0.312067 -0.154762 -0.338107 0.435158
-0.276286 -0.0586791 1.23779 0.493642
0.535715 -0.184575 1.37404 0.442752
-0.0584549 -0.325474 -0.625814 0.360506
-0.545469 -0.324255 -0.597984 0.320742
0.0520771 -0.168433 1.51372 0.420779
-0.401554 -0.176038 1.57028 0.391709
0.353836 -0.339472 -0.675846 0.342873
-0.074524 -0.163318 1.78286 0.371167
0.447194 -0.176174 1.70543 0.377755
-0.517111 -0.193178 1.82395 0.288154
-0.354672 -0.388717 -0.798733 0.283372
0.520605 -0.56537 -1.02143 0.319928
-0.626594 -0.51712 -0.846183 0.286768
-0.334304 -0.674461 -1.12705 0.2559
-0.0230584 -0.433963 -0.907787 0.25894
0.607857 -0.273932 0.554279 0.330066
-0.604739 -0.284036 0.248447 0.323893
-0.614858 -0.384435 1.35505 0.251575
0.686299 -0.641006 -1.22383 0.262553
-0.014559 -0.538021 -1.06978 0.217111
-0.397264 0.439736 0.165727 0.277698
0.623645 -0.390368 1.09948 0.277076
0.293607 -0.668201 -1.16588 0.240149
0.0487156 -0.73715 -1.2177 0.218993
-0.0877079 -0.785735 -1.33229 0.184232
0.432029 -0.704718 -1.29411 0.205073
-0.604225 -0.380568 1.06006 0.263217
0.234562 -0.762207 -1.32912 0.146565
-0.638819 -0.802809 -1.01519 0.202604
0.515175 -0.577977 -0.822964 0.217663
0.697927 -0.293393 -0.0340315 0.242248
0.164125 -0.265043 1.97832 0.217081
-0.615057 0.2242 0.162625 0.226457
0.766678 -0.655811 -1.36771 0.192075
0.72262 -0.383589 0.848078 0.224719
0.905596 -0.805297 -1.12808 0.208027
0.716086 -0.382508 0.244138 0.223146
-0.0972682 0.280965 -0.302023 0.207372
-0.711255 -0.381264 0.557977 0.222176
0.717455 0.0500311 0.555503 0.219382
-0.695694 0.0306077 1.45928 0.201503
-0.118941 0.139817 -0.462425 0.193254
0.621771 -0.297656 -0.889477 0.192024
-0.71589 -0.596868 1.25168 0.203617
0.384283 -0.0507332 0.130859 0.437157
0.0539886 -0.166028 0.713217 0.084695
0.362595 -0.0597651 0.978103 0.34721
0.101562 -0.190902 -0.368722 0.371918
0.501499 -0.0802193 -0.534722 0.475254
-0.176978 -0.147654 1.31087 0.0723317
0.502829 -0.175728 1.60977 0.446675
0.235714 -0.183494 -0.994678 0.432158
-0.0889514 -0.192468 -0.966607 0.38371
0.0705408 -0.189548 1.71538 0.380845
-0.348478 -0.207663 1.82918 0.322708
0.542289 -0.172636 -1.04318 0.389472
-0.042163 -0.196684 2.13543 0.35349
0.388304 -0.166886 2.13727 0.36655
-0.457134 -0.279913 2.23554 0.262868
-0.0538498 -0.157788 -1.31428 0.326123
0.513521 -0.322208 -1.65654 0.330259
-0.321685 -0.18481 -1.4238 0.292923
-0.345011 -0.284304 -1.89766 0.289225
0.147179 -0.209057 -1.47356 0.306881
0.632523 -0.292089 0.557315 0.312214
-0.0829227 -0.468389 0.288572 0.0758217
-0.568495 -0.194573 1.55859 0.119066
0.520602 -0.354837 -2.07819 0.292414
0.0369748 -0.28178 -1.77881 0.237133
0.168936 0.213382 0.183096 0.217867
0.613007 -0.39127 1.18862 0.285115
0.216946 -0.406172 -1.97723 0.24657
-0.0816141 -0.427318 -2.08859 0.212585
-0.430986 -0.32999 -2.29752 0.244364
0.205115 -0.399079 -2.29061 0.228112
-0.535748 -0.184113 1.15581 0.135195
-0.122899 -0.386328 -2.39663 0.213088
-0.47997 -0.369357 -1.7087 0.205708
0.61773 -0.392637 -1.34209 0.240903
0.742189 -0.279327 -0.080796 0.221638
0.169807 -0.279543 2.45286 0.237643
0.095602 -0.0397739 0.21989 0.140706
0.515597 -0.337809 -2.39358 0.226481
0.721597 -0.38711 0.873209 0.221531
0.725866 -0.519526 -1.86589 0.223471
0.732236 -0.387061 0.240161 0.220739
0.281368 0.274416 -0.451759 0.207337
-0.444036 -0.461633 0.62658 0.00862854
0.751968 0.0178933 0.558913 0.209025
-0.641914 0.0100508 1.64801 0.145754
0.2488 0.200941 -0.692776 0.215451
0.721887 -0.06959 -1.33919 0.209577
-0.660379 -0.145747 1.38331 0.0484931
