6
0.621223 0.212837 0.925285 0.677144 0.756293
32
0 0 0 1 0 0 0
0 0 0 1 0 0 0
0 0 0 1 0 0 0
0 0 0 1 0 0 0
0 0 0 1 0 0 0
0 0 0 1 0 0 0
0 0 0 1 0 0 0
0 0 0 1 0 0 0
0 0 0 1 0 0 0
0 0 0 1 0 0 0
0 0 0 1 0 0 0
0 0 0 1 0 0 0
0 0 0 1 0 0 0
0 0 0 1 0 0 0
0 0 0 1 0 0 0
0 0 0 1 0 0 0
0 0 0 1 0 0 0
0 0 0 1 0 0 0
0 0 0 1 0 0 0
0 0 0 1 0 0 0
0 0 0 1 0 0 0
0 0 0 1 0 0 0
0 0 0 1 0 0 0
0 0 0 1 0 0 0
0 0 0 1 0 0 0
0 0 0 1 0 0 0
0 0 0 1 0 0 0
0 0 0 1 0 0 0
0 0 0 1 0 0 0
0 0 0 1 0 0 0
0 0 0 1 0 0 0
0 0 0 1 0 0 0

0.794733 0.111397 0.856069 0.96814 0.844023
32
0 0 0 1 0 0 0
-0.348152 0.0338623 -0.116273 1 0 0 0
0 0 0 1 0 0 0
0 0 0 1 0 0 0
0 0 0 1 0 0 0
-1.10284 0.365138 -0.41712 1 0 0 0
0 0 0 1 0 0 0
-0.0535442 -0.347747 -0.164123 1 0 0 0
-0.507381 -0.0684181 -0.155067 1 0 0 0
0 0 0 1 0 0 0
0.522353 0.0110199 1.08816 1 0 0 0
0 0 0 1 0 0 0
0 0 0 1 0 0 0
-0.250615 0.0351835 -0.117085 1 0 0 0
-1.21148 0.392765 0.224105 1 0 0 0
0 0 0 1 0 0 0
0 0 0 1 0 0 0
0 0 0 1 0 0 0
0 0 0 1 0 0 0
-0.672165 0.290161 0.241276 1 0 0 0
-0.527028 -0.0568792 -0.0581249 1 0 0 0
-0.292572 -0.295301 -0.230446 1 0 0 0
0 0 0 1 0 0 0
0.167192 0.0675634 -0.0132075 1 0 0 0
-0.0934164 0.0352896 -0.532656 1 0 0 0
-0.518138 0.00747022 -0.0615921 1 0 0 0
-0.229805 0.346707 -0.262779 1 0 0 0
0 0 0 1 0 0 0
0 0 0 1 0 0 0
-0.314103 0.185811 -0.154963 1 0 0 0
-0.613125 0.60476 0.0557086 1 0 0 0
0 0 0 1 0 0 0

0.0146255 0.162996 0.610012 0.806786 0.691243
32
-0.435588 -0.173953 0.120351 1 0 0 0
-0.368974 -0.163352 0.0144264 1 0 0 0
0 0 0 1 0 0 0
0.0873726 0.0157118 0.914149 1 0 0 0
0 0 0 1 0 0 0
0 0 0 1 0 0 0
0.219387 0.775594 -0.10073 1 0 0 0
0 0 0 1 0 0 0
0.176179 0.623501 -0.0774812 1 0 0 0
0.107727 0.699282 0.214283 1 0 0 0
-0.180022 0.105981 0.639582 1 0 0 0
0 0 0 1 0 0 0
0 0 0 1 0 0 0
0 0 0 1 0 0 0
-0.726079 0.178274 0.159334 1 0 0 0
-0.0431102 -0.436847 -0.199939 1 0 0 0
0.10229 -0.0747631 0.0530645 1 0 0 0
0.173668 -0.0150854 0.116793 1 0 0 0
0 0 0 1 0 0 0
-0.288615 0.225825 -0.220794 1 0 0 0
-0.256402 0.132814 -0.0889961 1 0 0 0
0.34943 -0.270807 -0.133321 1 0 0 0
0.427384 0.0849412 0.0655685 1 0 0 0
0.383663 -0.0826823 0.0450158 1 0 0 0
0 0 0 1 0 0 0
0 0 0 1 0 0 0
0 0 0 1 0 0 0
-0.164479 0.637952 -0.289005 1 0 0 0
-0.0815174 -0.0206468 0.0879391 1 0 0 0
-0.374386 0.0638448 0.158594 1 0 0 0
0 0 0 1 0 0 0
-0.357775 0.2133 -0.0244836 1 0 0 0

0.759203 0.482117 0.999541 0.91051 0.527002
32
-0.196963 0.448471 -0.163716 1 0 0 0
0.0362744 0.0573538 0.014205 1 0 0 0
-0.281196 -1.04189 -0.757485 1 0 0 0
-0.341992 0.429934 0.216174 1 0 0 0
-0.351299 -0.626608 0.536241 1 0 0 0
0.0285498 0.427214 0.198069 1 0 0 0
0.240376 -0.481757 -0.221266 1 0 0 0
0 0 0 1 0 0 0
0.201511 -0.219148 0.125946 1 0 0 0
0 0 0 1 0 0 0
-0.283759 0.445269 0.228432 1 0 0 0
0 0 0 1 0 0 0
0.233941 -0.845613 -0.714016 1 0 0 0
0 0 0 1 0 0 0
-0.213321 -0.30385 -0.303704 1 0 0 0
-0.44487 -1.12008 -1.19192 1 0 0 0
0.277959 -0.0682484 0.238722 1 0 0 0
0.138795 -0.395009 -0.344387 1 0 0 0
-0.5528 0.370156 0.308644 1 0 0 0
0 0 0 1 0 0 0
0 0 0 1 0 0 0
-0.305921 -0.510313 -0.349015 1 0 0 0
-0.359453 -0.805801 -1.00449 1 0 0 0
-0.218803 -0.913739 -0.703811 1 0 0 0
0 0 0 1 0 0 0
-0.222988 -0.359686 -0.268653 1 0 0 0
0.0263239 0.290672 0.215549 1 0 0 0
-0.353904 -0.610159 -0.308603 1 0 0 0
-0.0690192 -0.556498 -1.0821 1 0 0 0
0 0 0 1 0 0 0
0.198997 -0.483658 -0.391139 1 0 0 0
-0.510635 -0.958152 -0.964851 1 0 0 0

0.264485 0.551571 0.883626 0.982984 0.841171
32
0.329243 -0.328109 0.712806 1 0 0 0
-0.193697 -0.367809 0.487585 1 0 0 0
-0.064581 0.0102833 -0.363832 1 0 0 0
0.307941 -0.352436 1.22008 1 0 0 0
-0.0058847 -0.244183 0.560914 1 0 0 0
0 0 0 1 0 0 0
0 0 0 1 0 0 0
-0.252276 -0.172713 0.609515 1 0 0 0
0 0 0 1 0 0 0
0.189246 -0.56978 0.833219 1 0 0 0
0.636906 -0.478353 1.30206 1 0 0 0
0 0 0 1 0 0 0
0 0 0 1 0 0 0
-0.138534 -0.295977 0.269356 1 0 0 0
0.100371 -0.0565088 -0.465945 1 0 0 0
0.368771 0.0169327 -0.571222 1 0 0 0
-0.0224314 -0.495189 0.0921753 1 0 0 0
0 0 0 1 0 0 0
0.559581 -0.61869 0.930961 1 0 0 0
0 0 0 1 0 0 0
0 0 0 1 0 0 0
0 0 0 1 0 0 0
-0.086565 -0.0213564 -0.750061 1 0 0 0
0.131862 -0.106058 -0.406597 1 0 0 0
-0.0809577 -0.178441 0.144205 1 0 0 0
0 0 0 1 0 0 0
0 0 0 1 0 0 0
0 0 0 1 0 0 0
-0.258337 0.031585 -0.370789 1 0 0 0
-0.275841 -0.0100875 0.4977 1 0 0 0
0 0 0 1 0 0 0
-0.14721 -0.0586231 -0.741201 1 0 0 0

0.0995414 0.327863 0.687552 0.925488 0.600033
32
0 0 0 1 0 0 0
0 0 0 1 0 0 0
0 0 0 1 0 0 0
0 0 0 1 0 0 0
0.315796 0.219684 -0.0734565 1 0 0 0
0 0 0 1 0 0 0
0 0 0 1 0 0 0
0 0 0 1 0 0 0
0 0 0 1 0 0 0
0.10059 -0.363709 -0.0111891 1 0 0 0
0 0 0 1 0 0 0
1.2783 -0.550179 0.367816 1 0 0 0
0.0820463 0.631202 0.105352 1 0 0 0
0 0 0 1 0 0 0
0 0 0 1 0 0 0
0 0 0 1 0 0 0
0.365072 -0.105816 -0.091197 1 0 0 0
-0.0566271 0.464851 0.182128 1 0 0 0
0 0 0 1 0 0 0
0 0 0 1 0 0 0
0 0 0 1 0 0 0
0.32937 -0.702585 -0.0692283 1 0 0 0
0 0 0 1 0 0 0
0.0980273 -0.369347 -0.0303855 1 0 0 0
0.42704 -0.0478453 -0.211753 1 0 0 0
0 0 0 1 0 0 0
0.635643 -0.111473 -0.287715 1 0 0 0
0 0 0 1 0 0 0
0 0 0 1 0 0 0
0 0 0 1 0 0 0
0 0 0 1 0 0 0
0 0 0 1 0 0 0

0
