49
0.167915 0.0513348 0.136254 0.655477
-0.271565 0.0513348 0.662885 0.614548
0.277785 0.0513348 0.978864 0.580113
-0.381435 -0.0566268 -0.28505 0.547037
0.387655 -0.0566268 -0.495703 0.5311
-0.271565 -0.0566268 1.29484 0.505553
0.497525 -0.164588 1.61082 0.451367
0.058045 -0.164588 -0.917007 0.439298
-0.491305 -0.164588 -0.811681 0.438085
0.058045 -0.164588 1.71615 0.428962
-0.381435 -0.164588 1.82147 0.406617
0.497525 -0.164588 -1.02233 0.389683
-0.0518251 -0.164588 2.13745 0.378715
0.387655 -0.164588 2.13745 0.368806
-0.491305 -0.164588 2.24278 0.352822
-0.271565 -0.164588 -1.23299 0.349824
0.497525 -0.27255 -1.65429 0.349457
-0.601176 -0.27255 -1.33831 0.347965
-0.491305 -0.27255 -1.86494 0.344023
0.058045 -0.164588 -1.44364 0.33214
0.607396 -0.27255 0.557559 0.331124
-0.601176 -0.27255 0.24158 0.330654
-0.601176 -0.380511 1.50549 0.3129
0.497525 -0.27255 -2.07559 0.309562
-0.0518251 -0.164588 -1.75962 0.304448
-0.381435 0.483181 0.136254 0.293543
0.607396 -0.380511 1.18952 0.288764
0.167915 -0.27255 -1.97027 0.286782
-0.161695 -0.27255 -2.07559 0.280784
-0.491305 -0.27255 -2.28625 0.276534
0.167915 -0.27255 -2.28625 0.272548
-0.601176 -0.380511 1.08419 0.266576
-0.161695 -0.27255 -2.39157 0.265131
-0.711046 -0.488473 -1.65429 0.247956
0.607396 -0.380511 -1.33831 0.246059
0.717266 -0.27255 -0.074398 0.243571
0.167915 -0.27255 2.45343 0.237243
-0.601176 0.267258 0.136254 0.227583
0.497525 -0.27255 -2.39157 0.226493
0.717266 -0.380511 0.873537 0.226079
0.717266 -0.488473 -1.86494 0.224923
0.717266 -0.380511 0.24158 0.224149
-0.0518251 0.375219 -0.390377 0.222931
-0.711046 -0.380511 0.557559 0.222369
0.717266 0.0513348 0.557559 0.219161
-0.711046 0.0513348 1.61082 0.214382
-0.0518251 0.267258 -0.601029 0.212581
0.717266 -0.0566268 -1.33831 0.212413
-0.711046 -0.596434 1.29484 0.211167
