2
0.986585 0.998522 0.61047 0.797371 0.72059
14
0 0 0 1 0 0 0
0 0 0 1 0 0 0
0 0 0 1 0 0 0
0 0 0 1 0 0 0
0 0 0 1 0 0 0
0 0 0 1 0 0 0
0 0 0 1 0 0 0
0 0 0 1 0 0 0
0 0 0 1 0 0 0
0 0 0 1 0 0 0
0 0 0 1 0 0 0
0 0 0 1 0 0 0
0 0 0 1 0 0 0
0 0 0 1 0 0 0
0.962751 0.548503 0.728747 0.837376 0.637419
14
1.09525 -0.506655 1.13851 1 0 0 0
-0.34303 -1.30494 0.360414 1 0 0 0
0.0325316 -0.447579 -0.361483 1 0 0 0
0.0641785 -0.0310711 0.0653207 1 0 0 0
-0.276631 -0.642455 -0.105252 1 0 0 0
-0.0093181 -0.316068 0.0913467 1 0 0 0
0.229602 -0.796111 -0.256928 1 0 0 0
0 0 0 1 0 0 0
0.123347 -0.52179 0.0854027 1 0 0 0
0.199614 -0.456957 0.161919 1 0 0 0
-0.0328609 -0.776622 -0.0477787 1 0 0 0
0.0201076 -0.0279552 0.031523 1 0 0 0
0 0 0 1 0 0 0
-0.117474 0.14204 -0.152377 1 0 0 0
0
