3
364
-0.597311 15.1961 0.597854 18.1501
1.82873 -0.727512 -7.87218 18.1501
4.25477 29.8948 -9.08219 18.1501
-9.08845 31.1197 4.22787 18.1501
-0.597311 -0.727512 10.2779 18.1501
9.10685 32.3446 9.06789 17.2956
-15.1536 -3.1773 -0.612152 14.9417
15.172 5.39695 3.01787 14.5059
-11.5145 21.3206 -12.7122 12.8183
13.9589 13.9712 -10.2922 12.7638
-11.5145 38.4691 -12.7122 12.5387
17.598 -8.07687 -1.82216 12.2865
-13.9405 7.84674 -11.5022 11.8961
10.3199 15.1961 15.1179 11.8429
-15.1536 10.2965 10.2779 11.6609
-0.597311 15.1961 -18.7622 11.3957
-18.7926 15.1961 -0.612152 11.3287
-0.597311 20.0957 18.7479 11.2087
18.811 21.3206 -0.612152 11.1568
-12.7275 -10.5267 -13.9222 10.9655
15.172 -10.5267 10.2779 10.9655
18.811 39.694 -4.24217 10.6954
-4.23637 40.9189 18.7479 10.0889
-15.1536 -11.7516 12.6979 9.7406
15.172 -11.7516 -13.9222 9.37139
-1.81033 42.1438 -21.1822 8.71663
-3.02335 -12.9764 -21.1822 8.5158
7.89383 -12.9764 -19.9722 8.49318
-21.2187 42.1438 -4.24217 8.33422
-9.08845 12.7463 19.9579 8.05773
9.10685 -12.9764 19.9579 8.0307
16.385 42.1438 -15.1322 7.66432
-15.1536 43.3686 16.3279 7.6392
-3.02335 31.1197 22.378 7.52353
20.024 1.72227 -10.2922 7.46188
10.3199 43.3686 -19.9722 7.46005
-12.7275 20.0957 18.7479 7.31875
-9.08845 -14.2013 19.9579 7.2909
0.615709 -14.2013 22.378 7.2909
5.46779 43.3686 22.378 6.93327
-22.4317 43.3686 5.43788 6.88626
22.4501 43.3686 5.43788 6.87072
-18.7926 -1.95241 13.9079 6.80944
-22.4317 24.9952 -6.66218 6.57545
-22.4317 -14.2013 6.64788 6.54083
21.2371 16.421 10.2779 6.43914
-10.3015 1.72227 -21.1822 6.40649
-22.4317 33.5695 -7.87218 6.30049
16.385 -1.95241 17.5379 6.22579
-22.4317 -14.2013 -7.87218 6.19227
22.4501 29.8948 -7.87218 6.16267
-6.66241 -15.4262 0.597854 6.066
6.68081 -15.4262 1.80786 6.066
-23.6447 -15.4262 -1.82216 6.06574
15.172 4.17206 18.7479 5.85547
-9.08845 29.8948 -22.3923 5.82184
9.10685 7.84674 -22.3923 5.79802
-5.44939 5.39695 -23.6023 5.75004
13.9589 5.39695 -19.9722 5.61089
-6.66241 -4.40219 -23.6023 5.50099
24.8761 32.3446 1.80786 5.47474
-10.3015 33.5695 22.378 5.44405
17.598 -3.1773 -17.5522 5.44257
10.3199 16.421 -22.3923 5.41246
-10.3015 26.2201 22.378 5.34069
-22.4317 20.0957 10.2779 5.30107
13.9589 45.8184 19.9579 5.18965
20.024 45.8184 13.9079 5.18961
-4.23637 45.8184 -5.45217 5.1894
9.10685 45.8184 -1.82216 5.1894
0.615709 45.8184 -0.612152 5.1894
0.615709 10.2965 24.798 5.16632
-20.0056 -1.95241 -15.1322 5.12395
3.04175 37.2442 24.798 4.99112
-4.23637 33.5695 -24.8123 4.95086
-20.0056 20.0957 15.1179 4.89658
-9.08845 -16.6511 -5.45217 4.8411
-0.597311 -16.6511 0.597854 4.8411
-10.3015 -16.6511 5.43788 4.8411
23.6631 -16.6511 5.43788 4.84057
22.4501 -16.6511 -10.2922 4.84029
-11.5145 12.7463 -22.3923 4.82822
-4.23637 26.2201 -24.8123 4.80246
4.25477 5.39695 -24.8123 4.79175
4.25477 -6.85198 -24.8123 4.78789
22.4501 23.7704 -11.5022 4.75438
-13.9405 5.39695 21.1679 4.63167
-13.9405 -6.85198 21.1679 4.62398
-21.2187 29.8948 -13.9222 4.59715
21.2371 34.7944 -13.9222 4.59358
13.9589 -5.62709 -21.1822 4.5916
-16.3666 -1.95241 -19.9722 4.41527
7.89383 -3.1773 -24.8123 4.32923
-1.81033 -3.1773 -26.0223 4.30772
12.7459 -4.40219 22.378 4.29705
6.68081 7.84674 24.798 4.2931
12.7459 -0.727512 -22.3923 4.24051
-24.8577 6.62185 -6.66218 4.23895
18.811 2.94717 -17.5522 4.23634
10.3199 5.39695 23.588 4.221
-15.1536 -1.95241 21.1679 4.20718
23.6631 22.5455 10.2779 4.17773
-22.4317 40.9189 12.6979 4.1774
-10.3015 44.5935 -23.6023 4.17196
20.024 23.7704 -16.3422 4.12891
4.25477 32.3446 26.008 4.11083
-23.6447 15.1961 -11.5022 4.08782
23.6631 -3.1773 11.4879 4.0593
3.04175 -1.95241 -26.0223 4.04873
16.385 -16.6511 19.9579 4.01447
-22.4317 45.8184 12.6979 3.99827
-22.4317 45.8184 -12.7122 3.98095
-26.0707 33.5695 -1.82216 3.97324
22.4501 47.0433 -11.5022 3.96502
-11.5145 47.0433 22.378 3.965
5.46779 47.0433 -24.8123 3.96491
4.25477 47.0433 -16.3422 3.9645
-1.81033 47.0433 -13.9222 3.9645
7.89383 47.0433 -13.9222 3.9645
11.5329 47.0433 -11.5022 3.9645
-13.9405 47.0433 -3.03216 3.9645
-17.5796 47.0433 1.80786 3.9645
0.615709 47.0433 5.43788 3.9645
-17.5796 47.0433 9.06789 3.9645
-1.81033 47.0433 9.06789 3.9645
-20.0056 47.0433 -16.3422 3.96432
7.89383 24.9952 24.798 3.95279
-0.597311 2.94717 -26.0223 3.94639
0.615708 47.0433 26.008 3.94552
-15.1536 37.2442 21.1679 3.94266
7.89383 21.3206 -24.8123 3.9411
-15.1536 28.6699 21.1679 3.93498
7.89383 1.72227 -24.8123 3.93294
15.172 21.3206 -21.1822 3.92579
-26.0707 26.2201 -0.612152 3.91361
-26.0707 37.2442 0.597854 3.91195
-15.1536 47.0433 -21.1822 3.8953
21.2371 21.3206 15.1179 3.89367
1.82873 23.7704 -26.0223 3.88168
26.0891 -16.6511 0.597854 3.88078
26.0891 47.0433 0.597854 3.87314
-26.0707 47.0433 0.597854 3.8725
24.8761 -5.62709 7.85789 3.86263
-26.0707 23.7704 3.01787 3.73333
-26.0707 6.62185 3.01787 3.73028
26.0891 15.1961 5.43788 3.71165
-11.5145 7.84674 -23.6023 3.70343
5.46779 13.9712 26.008 3.69163
-23.6447 -9.30177 -11.5022 3.68428
-23.6447 -6.85198 11.4879 3.68144
-11.5145 -16.6511 -23.6023 3.65529
22.4501 -4.40219 -13.9222 3.64891
15.172 -17.876 -21.1822 3.61891
23.6631 -17.876 10.2779 3.61653
4.25477 27.445 26.008 3.61631
24.8761 -17.876 -5.45217 3.61633
0.615709 -17.876 -15.1322 3.6162
-4.23637 -17.876 -13.9222 3.6162
4.25477 -17.876 -13.9222 3.6162
7.89383 -17.876 -12.7122 3.6162
-4.23637 -17.876 -10.2922 3.6162
7.89383 -17.876 -9.08219 3.6162
-17.5796 -17.876 -6.66218 3.6162
-4.23637 -17.876 -6.66218 3.6162
11.5329 -17.876 -6.66218 3.6162
-13.9405 -17.876 -5.45217 3.6162
7.89383 -17.876 -5.45217 3.6162
-17.5796 -17.876 -3.03216 3.6162
-12.7275 -17.876 -1.82216 3.6162
-17.5796 -17.876 0.597853 3.6162
-13.9405 -17.876 1.80786 3.6162
-17.5796 -17.876 4.22787 3.6162
-5.44939 -17.876 6.64788 3.6162
5.46779 -17.876 7.85789 3.6162
-7.87543 -17.876 10.2779 3.6162
5.46779 -17.876 11.4879 3.6162
-6.66241 -17.876 13.9079 3.6162
3.04175 -17.876 15.1179 3.6162
-3.02335 -17.876 16.3279 3.6162
-21.2187 -17.876 -12.7122 3.61556
-4.23637 -9.30177 26.008 3.61479
-4.23637 7.84674 26.008 3.61384
26.0891 13.9712 -5.45217 3.60304
3.04175 -16.6511 -26.0223 3.59749
4.25477 37.2442 -26.0223 3.59605
26.0891 37.2442 4.22787 3.56248
-9.08845 -8.07687 24.798 3.56086
22.4501 28.6699 -13.9222 3.55201
-9.08845 36.0193 -24.8123 3.53939
-24.8577 2.94717 9.06789 3.5031
-18.7926 24.9952 18.7479 3.43617
-18.7926 2.94717 18.7479 3.43593
18.811 43.3686 18.7479 3.42434
18.811 34.7944 -18.7622 3.4141
5.46779 -8.07687 26.008 3.40449
5.46779 42.1438 -26.0223 3.3889
-20.0056 37.2442 17.5379 3.35903
20.024 7.84674 17.5379 3.34463
26.0891 27.445 5.43788 3.33788
26.0891 10.2965 -5.45217 3.31623
-12.7275 -4.40219 -23.6023 3.31576
26.0891 0.497381 -5.45217 3.29877
0.615709 32.3446 -27.2323 3.29791
-17.5796 -17.876 19.9579 3.29513
20.024 -17.876 17.5379 3.26838
-27.2838 32.3446 1.80786 3.2288
-16.3666 29.8948 -21.1822 3.22244
16.385 -8.07687 21.1679 3.20024
16.385 37.2442 -21.1822 3.19517
10.3199 -0.727512 24.798 3.19127
21.2371 2.94717 16.3279 3.18672
-18.7926 32.3446 19.9579 3.16712
12.7459 1.72227 23.588 3.16298
12.7459 37.2442 -23.6023 3.15346
-5.44939 -16.6511 26.008 3.12843
-23.6447 -5.62709 -12.7122 3.11822
-10.3015 -9.30177 -24.8123 3.11751
-10.3015 5.39695 24.798 3.11613
-11.5145 -3.1773 24.798 3.09247
-26.0707 37.2442 6.64788 3.08355
23.6631 42.1438 12.6979 3.08204
12.7459 42.1438 23.588 3.07961
-24.8577 38.4691 10.2779 3.07816
-26.0707 24.9952 6.64788 3.07619
-24.8577 2.94717 -10.2922 3.07502
17.598 32.3446 -21.1822 3.06842
-26.0707 7.84674 6.64788 3.06584
26.0891 -11.7516 6.64788 3.05152
26.0891 5.39695 -6.66218 3.0451
4.25477 32.3446 -27.2323 3.043
27.3022 13.9712 0.597854 3.03237
-23.6447 -16.6511 12.6979 3.01117
27.3022 32.3446 -4.24217 2.98452
22.4501 -0.727512 15.1179 2.95087
-21.2187 -17.876 -16.3422 2.94038
-22.4317 37.2442 15.1179 2.92696
-22.4317 24.9952 15.1179 2.92402
22.4501 9.07163 15.1179 2.90824
7.89383 -4.40219 26.008 2.90251
27.3022 -3.1773 4.22787 2.90169
-16.3666 32.3446 22.378 2.88651
6.68081 -17.876 26.008 2.86537
-26.0707 15.1961 9.06789 2.83355
7.89383 12.7463 -26.0223 2.8121
-7.87543 47.0433 26.008 2.80401
7.89383 37.2442 26.008 2.797
-17.5796 13.9712 21.1679 2.79621
-7.87543 22.5455 -26.0223 2.79341
7.89383 37.2442 -26.0223 2.78185
-27.2838 32.3446 5.43788 2.77734
-22.4317 15.1961 -16.3422 2.77509
-20.0056 31.1197 -18.7622 2.77326
-7.87543 47.0433 -26.0223 2.76702
5.46779 -3.1773 27.218 2.7598
0.615709 -8.07687 27.218 2.75348
10.3199 48.2682 23.588 2.73995
23.6631 48.2682 10.2779 2.73985
-10.3015 48.2682 -21.1822 2.73969
24.8761 48.2682 -6.66218 2.73962
1.82873 48.2682 -12.7122 2.7396
-20.0056 48.2682 -10.2922 2.7396
-3.02335 48.2682 -10.2922 2.7396
4.25477 48.2682 -10.2922 2.7396
15.172 48.2682 -10.2922 2.7396
0.615709 48.2682 -9.08219 2.7396
7.89383 48.2682 -9.08219 2.7396
12.7459 48.2682 -7.87218 2.7396
3.04175 48.2682 -6.66218 2.7396
-10.3015 48.2682 -4.24217 2.7396
-7.87543 48.2682 -1.82216 2.7396
-4.23637 48.2682 -0.612152 2.7396
13.9589 48.2682 0.597854 2.7396
5.46779 48.2682 1.80786 2.7396
-3.02335 48.2682 3.01787 2.7396
16.385 48.2682 3.01787 2.7396
-16.3666 48.2682 5.43788 2.7396
16.385 48.2682 6.64788 2.7396
-13.9405 48.2682 7.85789 2.7396
18.811 48.2682 9.06789 2.7396
-11.5145 48.2682 10.2779 2.7396
-7.87543 48.2682 10.2779 2.7396
1.82873 48.2682 10.2779 2.7396
-0.597311 48.2682 12.6979 2.7396
15.172 48.2682 12.6979 2.7396
3.04175 48.2682 13.9079 2.7396
12.7459 48.2682 15.1179 2.7396
5.46779 48.2682 16.3279 2.7396
9.10685 48.2682 16.3279 2.7396
16.385 48.2682 -19.9722 2.73957
21.2371 48.2682 -15.1322 2.73947
-24.8577 48.2682 -9.08219 2.73798
-4.23637 48.2682 26.008 2.73788
18.811 48.2682 18.7479 2.73665
-21.2187 48.2682 16.3279 2.73552
-24.8577 48.2682 10.2779 2.73481
0.615709 27.445 -27.2323 2.73104
0.615709 48.2682 -27.2323 2.73089
26.0891 20.0957 7.85789 2.72608
26.0891 37.2442 7.85789 2.72516
26.0891 24.9952 7.85789 2.72516
0.615709 36.0193 -27.2323 2.72421
20.024 31.1197 -18.7622 2.69828
1.82873 5.39695 27.218 2.69263
-27.2838 6.62185 -0.612152 2.68982
-1.81033 29.8948 -27.2323 2.68723
20.024 48.2682 -18.7622 2.68139
-15.1536 -17.876 22.378 2.67227
-18.7926 48.2682 -19.9722 2.66369
-27.2838 48.2682 -3.03216 2.6497
-16.3666 13.9712 -22.3923 2.63991
15.172 32.3446 -23.6023 2.63709
-27.2838 -11.7516 1.80786 2.63433
-15.1536 32.3446 -23.6023 2.62989
-11.5145 1.72227 24.798 2.62657
27.3022 48.2682 -3.03216 2.62633
10.3199 32.3446 -26.0223 2.61896
11.5329 22.5455 24.798 2.61419
11.5329 23.7704 -24.8123 2.61357
-11.5145 -12.9764 -24.8123 2.61234
27.3022 28.6699 -1.82216 2.61142
-21.2187 33.5695 17.5379 2.6113
22.4501 13.9712 16.3279 2.60581
-15.1536 -17.876 -22.3923 2.60319
-5.44939 13.9712 27.218 2.59615
-24.8577 24.9952 11.4879 2.59079
-24.8577 -10.5267 11.4879 2.58911
-23.6447 32.3446 15.1179 2.58904
-24.8577 38.4691 -11.5022 2.58492
-24.8577 20.0957 -11.5022 2.58484
22.4501 -17.876 15.1179 2.58053
22.4501 -17.876 -15.1322 2.57659
-13.9405 40.9189 23.588 2.57495
3.04175 -11.7516 -27.2323 2.57166
-26.0707 -3.1773 10.2779 2.57071
24.8761 -11.7516 -11.5022 2.56855
13.9589 23.7704 23.588 2.55882
26.0891 -3.1773 -10.2922 2.55784
-18.7926 -5.62709 19.9579 2.55171
-6.66241 -3.1773 27.218 2.54809
-27.2838 29.8948 -3.03216 2.54769
18.811 22.5455 19.9579 2.5476
-20.0056 28.6699 18.7479 2.54374
18.811 27.445 -19.9722 2.54343
11.5329 45.8184 24.798 2.54085
-4.23637 48.2682 -27.2323 2.54074
4.25477 48.2682 27.218 2.53978
-23.6447 2.94717 13.9079 2.53942
-27.2838 27.445 3.01787 2.53899
13.9589 11.5214 -23.6023 2.53718
-27.2838 7.84674 -3.03216 2.52457
-18.7926 -17.876 -19.9722 2.52291
9.10685 48.2682 -26.0223 2.5213
-23.6447 -12.9764 -13.9222 2.51948
-27.2838 48.2682 4.22787 2.51637
23.6631 39.694 -13.9222 2.51531
27.3022 48.2682 4.22787 2.50972
23.6631 11.5214 13.9079 2.50858
-23.6447 42.1438 -13.9222 2.50211
24.8761 45.8184 11.4879 2.45919
-24.8577 -1.95241 -12.7122 2.45313
17.598 -11.7516 21.1679 2.44788
17.598 24.9952 -21.1822 2.44339
4.25477 4.17206 27.218 2.42265
7.89383 32.3446 -27.2323 2.42198
-1.78813 15.8282 -0.46661 1.3431
2.11751 -0.311601 -2.89508 6.69344
5.34611 30.3168 -2.67449 9.62582
-12.5498 31.0472 3.20159 12.5392
-2.05614 0.258405 -1.13307 6.929
9.70236 33.0085 4.66263 9.77891
-19.2585 -3.45869 0.699475 11.9055
18.8908 6.74096 -2.30781 4.30988
-14.1243 21.2266 -0.555234 5.49869
18.8573 14.9663 -1.88029 3.34654
-12.5282 38.429 -8.04659 9.65033
19.1574 -7.57923 -3.58661 12.4971
-17.5772 7.61298 -0.443572 5.36397
11.3155 17.1308 -3.43545 3.01146
-23.3719 9.92423 4.38599 6.50741
0.985709 15.7788 3.57492 0.122741
-28.0022 14.1936 2.94489 7.84209
-2.95249 21.383 1.55722 5.5773
24.4222 22.5364 -0.00931594 5.54184
-13.9202 -10.6026 -10.0155 8.01008
16.1518 -9.81271 4.41796 8.15956
20.4789 40.0135 -2.95436 10.9689
-5.50153 41.0742 15.4062 8.53749
-17.2345 -11.7312 9.791 8.83681
15.5057 -11.6758 -12.1543 7.92608
-1.4503 42.2781 -15.3068 6.82248
-2.82229 -12.8761 -16.3501 5.77233
8.29162 -12.859 -15.663 6.30108
-23.7491 41.8366 -3.13735 8.3802
-14.212 13.5853 3.39364 5.00629
9.23817 -12.432 14.1347 4.63852
17.2765 42.3085 -12.8559 7.18063
-17.3376 43.2024 15.1637 7.61469
-5.1258 31.7231 12.7947 5.14613
24.2625 2.48846 -5.90292 5.89155
10.9443 43.5102 -16.1459 6.36261
-19.0731 20.2942 7.71527 4.36977
-10.0939 -13.9266 15.3995 5.99747
0.252381 -13.8065 17.3443 4.52027
5.13263 43.6204 19.1283 5.92368
-25.6567 42.9823 5.54949 6.98696
23.4264 43.568 5.38267 6.86005
-24.3622 -2.15263 8.73253 5.31375
-29.0853 24.2091 -0.722237 5.38422
-24.7818 -14.4374 6.41485 6.72154
25.9725 18.109 1.49571 2.88666
-10.8126 1.87833 -5.49689 3.40099
-26.5816 33.0809 -3.89333 5.996
17.6042 -0.38374 2.42574 3.55489
-24.7303 -14.4827 -6.26407 6.33911
26.7041 30.6362 -4.06877 6.0879
-7.54857 -15.3749 0.157683 6.09955
6.77512 -15.1742 0.0273769 6.14968
-26.1044 -15.73 -0.91718 6.01003
16.4466 6.2543 -1.99679 3.75766
-9.28606 30.0489 -9.41011 3.82703
12.156 8.5378 -4.09004 2.79415
-4.54709 5.82887 -0.873024 3.00653
17.4046 6.08173 -6.92349 3.2527
-6.4163 -4.20209 -11.5733 3.74537
28.4527 33.066 1.98134 5.15114
-13.3561 33.7656 15.8309 4.40562
19.7501 -2.77785 -11.3435 4.14249
13.9029 17.1891 -4.02498 3.22003
-14.7278 26.5933 11.8854 3.4616
-33.8263 18.8776 8.41238 4.14543
13.8878 45.9346 18.561 5.07839
20.0923 45.8307 13.9124 5.18916
-4.82874 45.8273 -3.79428 5.17914
9.36005 45.9375 -1.08897 5.14323
0.146998 45.8725 0.0798096 5.16684
-1.48556 12.4441 -2.72419 0
-23.1073 -2.25368 -7.11389 3.84
2.29481 37.7435 18.2164 3.68845
-3.6744 33.801 -13.35 3.72455
-29.5909 19.393 9.56092 3.4005
-10.0279 -16.6903 -4.671 4.84742
-0.968884 -16.5155 -0.232386 4.87897
-11.2531 -16.6336 4.53721 4.85707
24.7583 -16.2449 3.12292 4.92011
22.8589 -16.5668 -10.228 4.86809
-12.1653 12.9525 -0.588324 2.72459
-3.41541 26.5664 -7.62242 2.86796
6.55922 6.00554 -3.28948 2.47398
5.18616 -6.5909 -14.9975 3.10932
28.2265 24.7271 -4.83904 4.24344
-19.5349 5.8707 7.80207 3.29747
-16.8051 -6.50853 13.1579 3.45827
-24.8096 29.5111 -6.3932 3.67404
23.9964 35.2634 -9.59067 4.38291
15.3489 -5.33327 -13.9256 3.62023
-18.0682 -2.03927 -9.45488 2.7999
9.38475 -2.81082 -12.963 2.78986
-0.908579 -2.86559 -11.8886 2.78003
13.0486 -2.87294 5.74906 3.41183
5.9585 10.5015 -6.49434 0
14.8933 -0.273011 -11.3139 2.91828
-32.8321 5.64735 -0.208041 3.44902
22.6082 3.62025 -8.87254 3.00764
10.3136 7.8663 -4.26733 1.9537
-19.3569 -1.59635 11.1106 3.10974
28.1833 23.9581 4.10332 2.26566
-26.1171 40.5325 11.9351 4.25271
-10.1312 44.6778 -18.9322 3.93842
24.9174 24.6079 -7.11174 3.42358
3.38326 33.1437 15.9206 2.74763
-30.4625 14.4032 -1.49479 3.13507
26.2219 -1.98951 3.42239 3.4463
4.386 -1.57177 -11.383 2.4013
16.8484 -16.2123 15.9633 3.63745
-25.137 45.5042 12.4294 3.9693
-23.0776 45.7355 -12.387 3.92086
-31.7029 32.8692 0.498442 3.87408
22.9972 47.1282 -11.0822 3.92931
-12.0156 47.0141 22.0024 3.95739
5.90698 47.1602 -20.514 3.94237
4.5566 47.1413 -12.9428 3.94727
-1.72713 47.1202 -10.6127 3.9479
8.17528 47.1284 -11.5227 3.94555
11.8346 47.1203 -10.0458 3.93872
-15.4009 46.8963 -2.44438 3.96652
-19.7635 46.7914 1.97729 3.97938
-0.0301287 47.0877 5.07153 3.95054
-19.9027 46.7875 8.80951 3.97319
-2.68935 47.0721 8.19189 3.94466
-20.007 47.0495 -15.842 3.90621
7.45754 26.4027 8.69435 2.37034
0.963956 3.44028 -4.99017 2.27422
0.354304 47.1864 24.0056 3.79219
-18.2541 37.1761 17.5017 3.50691
10.8055 21.9812 -6.26383 2.2707
-20.2984 28.659 13.9701 3.03758
10.0199 2.23235 -8.91511 2.51398
19.3197 22.1013 -7.32165 2.78682
-34.5143 25.1588 2.64673 3.87669
-30.8294 36.6529 1.87751 3.96823
-15.0502 47.0915 -18.5638 3.69484
24.549 22.901 4.37715 1.96611
3.76176 24.2963 -6.78203 2.26622
27.1838 -16.331 -0.745557 4.0064
26.9496 47.1795 0.92192 3.85768
-28.617 46.7097 0.896357 3.83802
27.4641 -4.68373 2.59935 3.61409
-36.5938 22.4394 5.09522 3.41309
-37.4879 5.19168 4.97686 3.29329
33.3324 16.8257 2.23292 2.27095
-11.9244 8.0706 -2.42805 2.31162
4.42541 16.2315 -1.05377 2.15316
-26.5694 -9.64813 -7.97239 3.5631
-28.3295 -7.2127 9.37433 3.56153
-11.4903 -16.632 -22.3579 2.97132
24.8719 -3.9866 -10.5995 3.5951
15.3583 -17.8231 -19.0464 3.49675
24.6597 -17.444 7.46606 3.66213
3.18062 28.5696 11.9954 2.43728
25.5539 -17.7086 -5.93695 3.64177
0.632292 -17.8209 -12.8356 3.62918
-4.43433 -17.8506 -12.0907 3.62424
4.30418 -17.8202 -11.9568 3.62448
7.9449 -17.827 -11.2771 3.62081
-4.63497 -17.8615 -8.84744 3.617
7.90627 -17.8092 -8.39513 3.62371
-19.1382 -18.0565 -5.70062 3.60885
-4.7452 -17.8502 -5.87827 3.62511
11.6327 -17.7881 -6.82422 3.63101
-15.236 -18.0007 -4.55097 3.61172
7.92126 -17.7678 -5.55152 3.63625
-19.2406 -18.0624 -2.32186 3.60439
-13.9858 -17.9714 -1.42411 3.61058
-19.1881 -18.0462 1.0034 3.59789
-15.147 -17.9628 1.86956 3.61329
-19.017 -18.0099 4.17701 3.59885
-6.01173 -17.7687 5.21273 3.63968
5.52523 -17.6247 5.55845 3.66042
-8.43202 -17.773 8.61735 3.64661
5.53335 -17.6276 9.05787 3.67116
-7.14268 -17.7306 11.7101 3.6505
2.9473 -17.6944 13.0679 3.65562
-3.3711 -17.6854 13.7569 3.69048
-22.7062 -18.0646 -11.5782 3.60781
-5.37929 -8.54027 15.6202 2.23906
-7.28581 9.54864 2.10293 3.13446
36.1579 15.4925 -0.439673 3.24519
3.36147 -16.5551 -21.9522 3.22229
5.32474 37.5099 -17.209 2.76023
28.3947 37.7229 4.00619 3.58369
-10.9406 -7.45331 14.9765 2.34915
26.7669 29.3916 -7.65653 3.31569
-9.03346 36.151 -15.49 2.58953
-33.9766 2.00821 7.75945 2.95899
-26.0691 24.6514 12.2988 2.59994
-25.3531 2.89816 10.0549 2.62938
18.9459 43.5083 17.4673 3.03587
21.222 35.2201 -12.8704 3.17796
5.07014 -6.93888 12.4513 1.71616
6.15558 42.3178 -20.0077 2.88982
-24.0939 36.9377 15.1951 3.22556
22.6578 9.86407 0.278159 1.59177
30.6072 28.4855 3.61675 3.06317
35.5326 11.7475 -1.0716 2.94847
-13.2759 -4.33522 -12.8208 2.90717
30.9923 1.39104 -4.21841 3.19506
1.78529 32.6734 -14.6247 2.34565
-18.5114 -17.8128 17.8785 3.03616
20.6968 -17.441 14.0211 3.00891
-33.9406 31.5198 3.35952 2.88676
-17.8861 29.8333 -10.1476 2.46014
17.0302 -6.96821 9.99706 2.01027
18.134 37.5686 -15.5008 2.70627
10.2338 1.24224 2.40575 1.92101
23.7119 4.669 2.08812 1.80385
-23.8467 32.1009 15.4813 2.73278
13.0558 3.8602 0.0927179 2.25091
14.2336 37.5454 -16.7065 2.52423
-5.94301 -16.3509 21.8448 2.58245
-27.0503 -6.0146 -7.53753 2.99466
-10.3539 -9.21246 -17.4601 2.00152
-14.5644 6.39295 7.24399 2.33594
-14.555 -2.47849 12.3916 2.49267
-31.2065 36.6355 6.84564 3.13408
24.4033 42.3513 11.9233 3.14095
12.7365 42.453 20.1993 2.6085
-29.473 37.9593 9.76264 3.12042
-36.1114 23.7896 7.17062 2.98682
-30.7758 2.25076 -3.21582 2.6152
20.2918 32.8345 -13.2894 2.43612
-38.544 6.31811 7.247 2.68158
27.798 -11.148 3.37677 3.0992
32.9921 6.54394 -3.49406 2.81912
5.70602 32.7067 -15.1228 2.05051
36.5729 15.5914 1.60894 1.73845
-25.31 -16.7902 11.9444 3.05383
31.2232 33.0269 -2.24367 2.68342
24.8259 0.719942 3.72713 1.9411
-22.4304 -18.0285 -15.2365 2.95873
-26.9483 36.8326 13.4398 2.94766
-31.1117 24.2495 11.3503 2.4181
26.0743 10.9683 1.27225 1.44474
7.57134 -2.80337 7.35089 2.63273
30.7808 -2.21037 0.587846 2.75301
-20.7524 32.2838 16.7532 2.26676
6.62878 -17.6848 23.7515 2.27453
-41.4093 13.2381 9.36191 2.18566
11.1243 13.4967 -3.23823 1.93421
-8.12361 47.0921 25.0964 2.7281
7.57686 37.8097 19.3321 2.09591
-25.5111 13.9457 10.0248 1.9764
-7.44632 22.8721 -5.52847 1.6766
9.11801 37.5248 -17.7846 2.1435
-34.1489 31.5189 6.08415 2.49439
-27.3467 14.6954 -3.36684 2.20346
-22.312 30.9205 -10.0064 2.13623
-7.57384 47.1409 -21.6391 2.5882
4.84406 -1.44904 6.55567 1.98826
-0.19165 -7.03245 14.0768 1.45736
10.2045 48.4047 21.8716 2.72102
23.9933 48.3217 10.3683 2.72649
-10.118 48.3388 -17.7621 2.73711
25.566 48.3729 -6.34743 2.72806
1.95486 48.3456 -9.92585 2.73219
-20.7048 48.1807 -10.0429 2.74096
-3.2118 48.3093 -7.85595 2.73606
4.37425 48.3458 -8.07117 2.72902
15.4786 48.3288 -9.64971 2.72479
0.557775 48.3286 -6.91003 2.73191
8.10201 48.348 -7.43348 2.72761
13.1124 48.3527 -6.85892 2.71983
3.00531 48.3365 -4.95685 2.73007
-11.3756 48.1833 -3.26186 2.73959
-8.95417 48.203 -1.00163 2.73755
-5.06923 48.2499 0.0370894 2.73647
14.3661 48.3693 0.952786 2.71282
5.31068 48.3427 2.06478 2.7241
-3.89004 48.2638 3.09678 2.73137
16.8218 48.3615 3.24779 2.71387
-18.5709 48.0257 5.37084 2.74926
16.6769 48.3415 6.66371 2.71146
-15.9201 48.0743 7.58696 2.74168
19.0968 48.3224 9.13068 2.71517
-13.2278 48.1282 9.72524 2.73892
-9.24878 48.2014 9.5125 2.73066
1.23967 48.3339 9.2481 2.71877
-1.32175 48.3188 11.4724 2.7289
15.1469 48.298 12.4152 2.72698
2.5639 48.356 12.5393 2.71507
12.6428 48.3172 14.4833 2.72856
5.13396 48.3731 14.8173 2.72064
8.89924 48.3636 15.0677 2.71279
16.5106 48.2996 -18.8833 2.73152
21.4849 48.3081 -14.8229 2.70973
-25.9867 48.1164 -8.92541 2.74797
-4.45692 48.3466 24.7944 2.72301
18.8021 48.2993 18.3827 2.72288
-23.1932 48.0374 16.1024 2.73822
-27.4392 47.9417 10.2842 2.74234
2.11155 27.8691 -10.8577 1.93244
1.00932 48.3811 -22.6463 2.72553
31.9319 21.5876 3.41818 1.72068
28.1276 37.7311 6.8048 2.78156
30.898 26.2139 4.43471 1.93437
1.53419 36.2787 -17.2652 1.95185
23.3095 31.6893 -11.5049 2.35319
0.168345 7.66608 -1.21428 0.868978
-37.6504 5.30291 3.05277 2.53784
-0.766578 30.2298 -12.73 1.78029
20.1372 48.2903 -18.2908 2.54813
-15.9329 -17.741 19.6908 2.55034
-18.7372 48.2934 -18.6149 2.49865
-29.3386 47.9922 -2.74679 2.67418
-18.2798 13.9591 -3.40888 1.68443
17.6061 32.809 -14.6696 1.91039
-30.7285 -12.1617 2.57427 2.62766
-16.0302 32.3595 -13.1871 1.89268
-15.4184 2.56655 9.49817 2.06279
28.0593 48.3829 -2.72027 2.67286
12.2831 32.7612 -15.377 1.89781
11.7577 24.2228 6.77399 1.50803
14.6868 24.4225 -9.36855 1.82808
-11.5728 -12.934 -20.9184 1.70859
32.2195 29.5626 -0.332027 2.59162
-26.4901 33.1835 14.4312 2.5924
26.073 15.8797 2.38899 1.08865
-15.3223 -17.8946 -22.032 2.18918
-9.0645 15.4067 5.57741 1.59899
-34.5739 23.9525 9.87639 2.23177
-28.3779 -10.8161 10.0639 2.67535
-29.8533 31.779 12.8054 2.45004
-27.462 38.1533 -8.50863 2.55563
-31.47 19.3159 -2.24694 2.08341
23.2985 -17.4171 11.6947 2.51915
22.6587 -17.8374 -14.6595 2.56356
-15.7555 40.9056 21.1155 2.36798
3.60209 -11.5873 -20.4507 1.81639
-32.3897 -3.75692 8.58171 2.25402
25.8642 -11.5771 -11.0361 2.53931
14.7026 25.3452 7.7064 1.58045
29.4071 -2.60124 -8.30205 2.45537
-22.7297 -5.54463 13.4166 2.18278
-8.83286 -2.10023 11.714 2.05199
-34.0449 29.0432 0.334744 2.48351
20.8109 24.1669 6.04881 1.21708
-26.4572 28.2961 13.7944 2.12792
22.5661 28.1114 -10.4887 2.21195
11.4327 45.9924 22.689 2.32023
-3.87862 48.3759 -22.6478 2.48805
4.10544 48.419 25.2764 2.54346
-31.922 2.3133 9.77954 2.2078
-36.059 26.3475 4.80092 2.37805
17.9015 12.3097 -6.45604 1.57789
-37.378 6.56127 1.77333 2.05052
-19.467 -17.9568 -19.0823 2.24409
9.44838 48.3589 -22.6409 2.34275
-25.6764 -13.2235 -11.5715 2.46081
-29.8982 47.9241 4.41331 2.57092
25.4126 39.9821 -11.608 2.52347
27.9645 48.3707 4.45452 2.50903
28.0139 13.3836 1.96165 1.13009
-24.9584 41.9875 -12.1383 2.31773
25.3454 45.9135 11.3993 2.41238
-29.1208 -2.43886 -6.35612 2.00306
18.2059 -10.9764 13.6736 1.80011
21.5363 25.7093 -9.95441 1.99921
3.11962 6.64427 -2.80342 1.50973
9.65248 32.7403 -15.8649 1.6787
0.125048 12.5071 0.873488 18.1501
0.581724 -0.616767 -5.19586 18.1501
8.0031 19.4261 -12.2857 11.966
-2.64534 23.4118 -3.47746 15.5676
-0.862122 -0.79978 10.9395 18.1501
14.6795 23.5168 3.33233 15.141
-15.5718 -3.12835 0.312627 14.7386
13.7638 5.02444 6.2452 13.563
-9.64877 16.4079 -13.6914 9.4892
12.3186 11.4343 -5.85664 11.4624
-2.83039 24.8141 -23.3271 8.7737
16.9277 -8.0257 -0.431572 11.8645
-14.6976 7.16663 -9.27638 11.8292
11.315 13.0074 14.7858 11.2761
-14.4131 9.4883 9.54913 11.0534
-2.53775 13.4158 -13.6512 8.5862
-17.6631 13.2996 -1.54277 10.2982
2.60485 16.9193 15.1193 9.07437
18.9004 16.2364 1.57062 8.04587
-13.2738 -10.3634 -12.7905 11.0157
14.7299 -10.5033 11.1978 10.9773
24.8688 22.711 -10.3341 6.8453
6.30786 32.4503 5.74412 7.02789
-15.1951 -11.7392 12.785 9.75256
14.8585 -11.6725 -13.2763 8.86003
5.96919 24.6903 -30.2638 5.85359
-3.69088 -12.7629 -19.8106 8.19126
7.27277 -12.7865 -18.6954 8.0071
-10.2498 29.4088 -18.3778 7.60295
-7.40988 11.4018 17.9467 7.30909
8.98911 -12.9694 20.2021 8.0022
23.0386 19.1434 -22.406 2.40545
-3.28901 34.7773 1.17849 5.82657
4.17391 25.2115 13.6591 5.68127
18.1388 1.67752 -6.31507 7.17302
17.369 21.4579 -27.8976 3.88206
-9.23637 17.3454 14.4398 5.60666
-9.09385 -14.2004 19.9707 7.29174
0.610294 -14.2005 22.3893 7.29192
15.5775 33.7168 10.4962 6.24368
-11.3931 32.7965 -8.7907 6.40121
29.9248 28.3443 -2.26024 6.33405
-18.7868 -1.97665 13.9625 6.69929
-18.1203 19.1164 -11.666 5.99169
-22.4883 -14.1831 6.76416 6.5154
21.0597 13.9329 12.3385 6.47129
-12.2293 2.14243 -17.0734 6.14414
-14.5757 23.6244 -17.6944 5.94681
15.8566 -2.00924 18.6995 6.23814
-22.6296 -14.1395 -7.46361 6.18923
24.9339 18.3224 -8.9065 3.02627
-6.84684 -15.3725 0.977219 6.08556
6.46467 -15.3915 2.25449 6.07844
-23.7611 -15.3887 -1.58289 6.08255
14.7967 3.82008 19.8211 5.80668
-4.84328 19.9973 -26.4115 3.00166
6.44262 7.48798 -16.5815 5.49028
-8.41608 6.24719 -17.4288 5.25098
11.6437 5.096 -14.9637 5.4982
-8.28372 -3.8905 -20.264 5.44794
28.654 21.4095 -0.930598 3.91314
-1.66284 27.4294 11.5456 3.99339
16.2517 -3.04808 -14.7368 5.14702
8.59022 13.0853 -17.5523 4.77435
-4.55464 21.92 15.242 3.89275
-19.6915 17.6362 6.84766 4.03825
23.5205 34.2626 9.39886 4.82635
28.9956 32.6497 4.50299 4.74114
5.32096 30.4366 -17.117 4.54507
17.2328 28.7013 -10.9781 4.28199
9.69261 31.0519 -11.3923 4.45887
1.68866 9.36501 23.5527 4.8154
-20.8767 -1.84624 -13.2059 5.07154
11.8905 29.3963 14.2924 4.30968
0.798676 20.963 -29.8799 2.70658
-16.8579 17.5862 11.1519 3.79527
-9.28992 -16.5874 -5.03815 4.86012
-0.77918 -16.6042 0.972363 4.85289
-10.3861 -16.6253 5.61179 4.84882
23.2428 -16.6294 6.30985 4.84444
22.2843 -16.6372 -9.94844 4.84887
-13.1419 11.7384 -18.0676 4.22546
-2.22687 18.2478 -25.4221 1.93284
1.21918 6.01336 -18.4889 4.50706
2.85048 -6.42999 -21.9238 4.46769
22.6151 16.1098 -9.25168 2.65473
-13.3243 4.98085 20.4152 4.4176
-13.9089 -6.87196 21.1377 4.58254
-15.1508 20.9578 -21.0788 4.60023
25.347 18.1706 -17.3843 1.87374
12.725 -5.36134 -18.6279 4.40568
-17.5928 -1.71154 -17.3312 4.28714
6.11646 -2.71976 -21.1413 4.15025
-3.75017 -2.56342 -22.0356 4.16244
12.4984 -4.41036 22.9077 4.27381
7.11841 7.3066 24.399 4.11464
10.8896 -0.46057 -18.5142 4.0994
-25.1204 6.19167 -5.71938 4.19459
16.7822 2.76558 -13.2157 4.13191
10.3926 5.03143 23.7606 4.16238
-15.0234 -2.02984 21.0167 4.09931
24.855 17.7934 10.7474 3.90661
-11.7453 32.2003 -1.04212 3.57908
-0.631902 27.5351 -35.5241 3.82623
20.3247 15.5688 -14.3382 2.10401
11.3966 25.751 17.6678 3.27183
-22.7864 12.8704 -11.6728 3.82086
22.6997 -3.192 13.5364 4.04929
0.965867 -1.34022 -21.7486 3.62181
16.1804 -16.6407 20.3826 4.01473
-10.5794 36.2583 -2.56145 3.59327
-9.33445 29.3724 -29.8208 3.9882
-18.2144 24.7848 -11.806 3.52142
29.8956 22.5692 -19.7969 2.90023
2.56899 38.6967 4.37026 3.57401
13.2733 25.9229 -33.8829 3.18055
12.377 26.6174 -25.8486 3.14026
7.17944 28.961 -24.7497 3.30322
15.8659 25.3011 -23.1574 3.13495
19.3766 24.3334 -20.4771 2.89685
-2.59213 33.1343 -17.5103 3.60156
-6.03632 34.7961 -13.0176 3.65453
10.3377 34.0279 -6.1524 3.51367
-5.7911 36.6361 -6.04279 3.72816
8.57081 35.4354 -3.51697 3.58483
-6.65355 29.538 -33.761 3.8841
12.2399 20.3342 20.0482 3.42278
-3.4908 3.86291 -20.0766 3.76566
12.4787 37.782 11.5318 3.29213
-4.99067 30.3103 8.2368 2.84041
7.42613 15.4612 -21.7043 2.16404
-8.44504 23.7564 12.7101 3.07668
5.51527 2.18269 -19.86 3.79437
14.7282 14.8745 -18.1443 2.72542
-21.129 20.6388 -6.72338 3.19438
-16.8642 27.5309 -11.2237 3.57726
-3.65289 29.6792 -35.8311 3.58077
22.8251 17.1811 14.7387 3.88537
2.33803 16.9209 -24.333 1.55581
25.6779 -16.63 1.45112 3.83446
33.6688 29.1617 -7.38241 3.30983
-14.2387 34.6445 -14.7563 3.59903
23.8995 -5.60112 9.90316 3.84084
-22.1606 19.6261 -1.85153 2.84613
-26.2635 6.62094 3.46287 3.69033
24.4855 13.4593 9.85739 3.3707
-13.7496 7.94301 -18.5741 3.59241
7.03297 12.3261 24.3438 3.57761
-24.0539 -9.20023 -10.6372 3.68233
-23.7054 -6.83395 11.6183 3.65892
-11.6795 -16.5975 -23.2633 3.58865
21.3044 -4.32195 -11.5328 3.70542
14.8789 -17.7838 -20.5794 3.60661
23.2745 -17.8561 11.0842 3.61854
9.7348 22.2588 19.6995 3.05662
24.6248 -17.8632 -4.93055 3.61865
0.278041 -17.7671 -14.4384 3.6351
-4.51687 -17.7856 -13.3459 3.63417
3.96078 -17.781 -13.3181 3.63003
7.66869 -17.804 -12.2495 3.62368
-4.49287 -17.7938 -9.76515 3.63215
7.71417 -17.8224 -8.71269 3.62265
-17.7141 -17.8326 -6.38564 3.6249
-4.45487 -17.8078 -6.21308 3.62734
11.4121 -17.8505 -6.41288 3.61967
-14.0987 -17.8251 -5.1272 3.62908
7.72699 -17.8354 -5.10838 3.62273
-17.6947 -17.8389 -2.79571 3.62247
-12.8607 -17.8333 -1.5484 3.62575
-17.6724 -17.8461 0.788531 3.62472
-14.0373 -17.8451 2.00681 3.62433
-17.6388 -17.857 4.34962 3.62283
-5.5335 -17.8531 6.821 3.6201
5.32994 -17.8587 8.14312 3.61961
-7.91783 -17.8636 10.3651 3.61933
5.35881 -17.8652 11.7136 3.61803
-6.68573 -17.8698 13.9559 3.61761
2.99442 -17.8702 15.2159 3.61756
-3.04267 -17.8717 16.3678 3.61801
-21.3501 -17.8338 -12.442 3.62748
-4.22516 -9.30847 25.9955 3.60302
-3.35118 7.19998 24.9233 3.38851
22.6675 13.2038 1.96642 3.35153
2.49263 -16.4748 -24.8939 3.52653
9.76054 21.0037 -31.7062 2.22393
31.6608 24.2164 -0.919624 3.09664
-9.06006 -8.09313 24.765 3.54019
24.3835 16.9947 -14.2165 1.52076
-2.50846 22.5578 -32.2133 2.6873
-24.931 2.94005 9.27397 3.4957
-13.6507 21.098 12.2394 2.38624
-18.5066 2.76156 18.4152 3.3958
27.6258 31.4486 9.39911 3.40632
22.9305 17.6668 -22.3065 1.03712
5.42535 -8.0751 26.0969 3.39587
12.3517 22.7504 -33.7356 2.20653
-10.1573 29.9766 4.92782 2.71654
19.5431 7.06639 19.1758 3.33472
28.3908 19.7402 4.66658 2.51988
22.6216 10.2948 1.79564 3.31859
-14.1096 -3.99837 -20.7281 3.34546
24.1986 0.594176 -1.52305 3.25699
4.62953 19.8567 -30.7351 1.58337
-17.5801 -17.8762 19.9591 3.29239
19.7473 -17.8619 18.1122 3.27662
-19.8923 24.6456 -7.61977 2.37034
-11.1635 20.3594 -26.7919 2.5206
16.0535 -8.06825 21.8623 3.20723
21.3944 18.3829 -26.0636 1.26479
10.1764 -0.770798 25.1386 3.154
20.4522 2.65299 18.2157 3.19153
-10.663 26.4695 9.59887 2.07425
12.5455 1.57756 24.1275 3.15474
17.8571 18.9439 -28.662 1.52473
-5.44905 -16.6517 26.0077 3.12798
-24.2201 -5.52057 -11.4676 3.11871
-11.2767 -8.98831 -22.8066 2.99318
-9.61014 4.93246 23.9401 2.97283
-11.3986 -3.24218 24.6543 3.10966
-16.8421 28.5669 -5.22587 2.79955
31.479 29.2669 4.70136 3.0467
21.8347 31.9222 13.4102 3.04312
-15.0979 29.9502 -2.28003 2.77276
-21.5592 20.6323 0.943829 2.24179
-25.3953 2.78033 -8.92163 3.07884
20.9047 17.3297 -23.551 0.884124
-26.1658 7.84954 6.88489 3.03618
25.4372 -11.7188 8.00122 3.03355
23.4688 5.37457 -1.17468 2.9409
8.04712 19.2206 -30.3853 1.29763
24.4371 13.1856 7.06019 2.60326
-23.6539 -16.6484 12.717 3.0062
30.6833 19.9938 -6.46711 1.60321
21.5947 -0.84038 17.0124 2.94935
-21.3472 -17.8357 -16.0771 2.94073
-12.8051 29.6805 2.76758 2.51511
-17.4987 21.033 8.83864 2.05529
21.7305 8.13782 17.348 2.90526
7.81017 -4.4036 26.1867 2.89405
26.0046 -3.12406 6.93192 2.95921
-8.13824 26.5738 11.938 1.84388
6.67342 -17.8759 26.0235 2.86977
-25.3693 14.5817 8.18896 2.16475
5.1288 11.5037 -19.6734 2.71276
5.92004 38.7675 8.51704 2.19903
16.2501 28.9847 16.3787 2.59528
-15.7163 12.6384 18.8325 2.83614
-7.22082 17.2385 -24.6847 1.26029
13.1769 20.1843 -31.3601 1.47613
-19.8343 25.0577 -4.09794 2.01284
-21.9026 12.8214 -15.7778 2.58965
-13.7624 21.1773 -26.005 2.4917
1.71902 28.8919 -37.8029 2.5797
5.43076 -3.17871 27.3003 2.75328
0.613517 -8.07939 27.2272 2.74083
20.6007 37.4355 11.8075 2.6112
32.1961 33.6812 1.32114 2.53925
0.201712 30.4845 -34.324 2.49128
32.3974 26.4602 -14.8549 2.25063
10.5007 29.0765 -23.0176 2.39832
-7.04187 32.0061 -27.1818 2.62018
6.43219 30.9983 -21.8017 2.39468
12.7184 28.8949 -20.2276 2.1827
22.9874 24.2664 -19.1668 2.41815
9.59657 30.3699 -19.8169 2.305
16.08 27.8642 -18.5393 2.26431
20.6389 26.7828 -16.7918 2.03472
11.78 30.4677 -16.9604 2.32932
0.564999 33.6488 -17.9378 2.43548
2.57474 34.2216 -14.8419 2.42554
5.77853 34.0227 -12.8783 2.44275
22.117 30.896 -8.36034 2.27631
14.4428 33.0309 -8.57366 2.31831
7.06261 34.9709 -9.26726 2.43856
24.595 31.6676 -5.8493 2.31414
-4.81225 36.8864 -9.34521 2.56146
24.93 33.1009 -2.54178 2.35824
-2.35175 37.4162 -6.88984 2.52794
27.4387 33.7479 -0.0700278 2.39594
0.147151 37.8263 -4.47559 2.55731
3.44423 37.5906 -3.86967 2.52051
11.9812 36.4045 -1.78245 2.44911
10.1592 37.2889 -0.307849 2.49163
24.4268 35.057 2.69162 2.47298
13.4613 37.044 1.57334 2.54389
22.3424 35.9153 4.54863 2.47855
15.8379 37.2068 4.21782 2.49334
19.0442 36.7025 5.03935 2.49262
24.1647 21.5019 -28.9706 2.61109
28.8943 21.5531 -23.8647 1.84472
-11.9424 32.7068 -25.9516 2.56831
8.88836 39.5345 9.58812 2.6754
28.1488 35.7418 8.74018 2.62984
-8.51559 38.993 -0.0113961 2.61901
-12.7852 37.8997 -5.31271 2.60502
2.71284 18.1262 -27.9008 1.30432
9.02876 28.2871 -37.224 2.39787
26.0893 16.3641 10.0628 2.33262
31.9514 25.0402 2.34842 2.51211
27.7222 18.8793 7.92553 2.20904
5.9791 21.2288 -32.7306 1.79689
22.8458 17.1068 -20.3931 1.0774
2.20283 5.11739 26.7625 2.59098
-27.4636 6.44404 -0.0593063 2.66688
1.48174 19.217 -29.6928 1.42511
27.7876 20.7639 -27.7179 2.21742
-15.1534 -17.8765 22.3777 2.67164
-6.19754 30.7683 -36.2549 2.56167
-15.033 34.6531 -18.981 2.50974
-17.1286 12.2777 -19.5093 2.23396
18.5477 17.5832 -26.0914 0.76701
-27.4092 -11.7114 2.06595 2.6261
-9.17927 21.3354 -30.2489 1.56117
-11.177 1.51324 24.3791 2.63036
34.8886 28.3983 -11.1599 2.32862
13.857 18.1999 -28.7718 0.905653
14.8572 18.5091 21.4304 2.43018
11.8908 15.9151 -22.9121 1.07057
-12.0287 -12.8109 -23.7546 2.52257
29.4632 19.1604 -2.32516 1.57887
-12.773 27.1818 6.73594 1.93573
22.4304 12.0749 17.8057 2.49487
-15.1989 -17.8614 -22.2992 2.54582
-3.39325 12.3917 24.7151 2.66226
-20.1891 20.9595 5.54374 1.7292
-24.9032 -10.5121 11.5813 2.5811
-15.8058 26.0818 5.07268 1.69724
-14.8828 25.8413 -24.245 2.53901
-22.5679 16.1383 -13.6146 2.53154
22.1101 -17.8586 15.8234 2.58311
22.3291 -17.8545 -14.8819 2.56018
-2.02832 33.3715 8.40849 1.72767
2.10995 -11.4574 -25.3174 2.42307
-26.1618 -3.15037 10.4734 2.55386
24.4801 -11.7199 -10.681 2.4398
17.4166 19.2307 20.2316 2.37944
24.7369 -3.08677 -7.48263 2.72114
-18.7587 -5.64907 19.928 2.5394
-6.56709 -3.22971 27.098 2.55908
-20.8373 22.4617 -11.1111 2.48132
21.2909 18.1993 18.1411 2.53712
-13.3932 23.7256 10.3333 1.83791
20.3967 16.2693 -19.8268 1.0877
21.553 35.0969 13.3801 2.52248
4.80378 29.3485 -38.1723 2.44746
15.6693 38.5234 13.5404 2.27382
-23.5539 2.86828 13.8552 2.53363
-21.7966 21.7487 -3.91704 1.95337
11.5704 9.89752 -18.0115 2.4572
-27.3988 7.46841 -2.46706 2.49734
-18.9007 -17.8422 -19.7491 2.49041
16.9277 25.4053 -35.1063 2.34367
-23.9224 -12.8946 -13.3451 2.51774
-15.3339 36.567 -11.2677 2.52779
29.3648 19.146 -19.6885 0.898507
35.2451 31.5122 -4.12687 2.4616
22.9452 10.2289 16.386 2.5215
-11.9592 27.1984 -29.0357 2.49482
33.1988 31.8549 2.8362 2.46672
-25.494 -1.91219 -11.2756 2.42334
17.3112 -11.7394 21.765 2.45622
18.3799 15.7118 -19.8927 1.00267
4.4192 4.04769 27.018 2.37029
11.5186 18.6223 -30.1199 0.86718
