4
0.152515 0.291566 0.542477 0.670549 0.72804
16
0 0 0 1 0 0 0
0 0 0 1 0 0 0
0 0 0 1 0 0 0
0 0 0 1 0 0 0
0 0 0 1 0 0 0
0 0 0 1 0 0 0
0 0 0 1 0 0 0
0 0 0 1 0 0 0
0 0 0 1 0 0 0
0 0 0 1 0 0 0
0 0 0 1 0 0 0
0 0 0 1 0 0 0
0 0 0 1 0 0 0
0 0 0 1 0 0 0
0 0 0 1 0 0 0
0 0 0 1 0 0 0
0.806876 0.527963 0.5035 0.760201 0.512248
16
0 0 0 1 0 0 0
0 0 0 1 0 0 0
0 0 0 1 0 0 0
0 0 0 1 0 0 0
0.325042 0.17144 0.827941 1 0 0 0
0.913702 -0.0016233 -1.84588 1 0 0 0
-0.359543 -0.175088 -0.790258 1 0 0 0
-0.431608 0.0584291 1.3696 1 0 0 0
0 0 0 1 0 0 0
0.394277 -0.18025 -2.34613 1 0 0 0
-0.118209 -0.344996 -2.7405 1 0 0 0
0 0 0 1 0 0 0
0 0 0 1 0 0 0
0 0 0 1 0 0 0
0 0 0 1 0 0 0
-0.394651 0.0762042 1.44892 1 0 0 0
0.81014 0.62318 0.825473 0.628783 0.829494
16
0 0 0 1 0 0 0
0 0 0 1 0 0 0
0 0 0 1 0 0 0
0 0 0 1 0 0 0
0.325886 1.184 0.341467 1 0 0 0
-0.364493 -0.894594 0.0162951 1 0 0 0
0.647605 -1.17355 -0.824935 1 0 0 0
0.0155862 0.932802 -0.682132 1 0 0 0
0 0 0 1 0 0 0
-0.12081 1.04937 -0.139701 1 0 0 0
0.19561 -1.32466 0.530581 1 0 0 0
0 0 0 1 0 0 0
0 0 0 1 0 0 0
0 0 0 1 0 0 0
0 0 0 1 0 0 0
-0.495052 0.355008 0.443001 1 0 0 0
0.291209 0.42597 0.956219 0.86974 0.861864
16
0 0 0 1 0 0 0
0 0 0 1 0 0 0
0 0 0 1 0 0 0
0 0 0 1 0 0 0
0.315783 0.699814 0.34514 1 0 0 0
0 0 0 1 0 0 0
0.128925 2.39153 0.672802 1 0 0 0
0 0 0 1 0 0 0
0 0 0 1 0 0 0
0.820461 3.3181 0.756263 1 0 0 0
0 0 0 1 0 0 0
0 0 0 1 0 0 0
0 0 0 1 0 0 0
0 0 0 1 0 0 0
0 0 0 1 0 0 0
0.587152 2.26371 0.678276 1 0 0 0
0
