4153
185 186 205 292 
185 186 292 269 
204 206 304 292 
204 206 292 205 
245 247 246 269 
245 247 269 369 
245 247 369 342 
245 247 342 246 
247 249 248 271 
247 249 271 371 
247 249 371 344 
247 249 344 248 
268 270 269 292 
268 270 292 397 
268 270 397 369 
268 270 369 269 
270 272 271 294 
270 272 294 399 
270 272 399 371 
270 272 371 271 
289 291 290 303 
289 291 417 395 
289 291 395 290 
291 293 292 304 
291 293 304 419 
291 293 419 397 
291 293 397 292 
293 295 294 306 
293 295 306 421 
293 295 421 399 
293 295 399 294 
339 341 340 367 
339 341 367 482 
339 341 482 452 
339 341 452 340 
341 343 342 369 
341 343 369 484 
341 343 484 454 
341 343 454 342 
343 345 344 371 
343 345 371 486 
343 345 486 456 
343 345 456 344 
345 347 346 373 
345 347 373 488 
345 347 488 458 
345 347 458 346 
366 368 367 395 
366 368 395 515 
366 368 515 482 
366 368 482 367 
368 370 369 397 
368 370 397 517 
368 370 517 484 
368 370 484 369 
370 372 371 399 
370 372 399 519 
370 372 519 486 
370 372 486 371 
372 374 373 401 
372 374 401 521 
372 374 521 488 
372 374 488 373 
394 396 395 417 
394 396 417 548 
394 396 548 515 
394 396 515 395 
396 398 397 419 
396 398 419 550 
396 398 550 517 
396 398 517 397 
398 400 399 421 
398 400 421 552 
398 400 552 519 
398 400 519 399 
400 402 401 423 
400 402 423 554 
400 402 554 521 
400 402 521 401 
402 403 425 556 
402 403 556 523 
422 424 560 554 
422 424 554 423 
424 426 561 556 
424 426 556 425 
451 453 452 482 
451 453 482 617 
451 453 617 584 
453 455 454 484 
453 455 484 619 
453 455 619 586 
455 457 456 486 
455 457 486 621 
455 457 621 588 
457 459 458 488 
457 459 488 623 
457 459 623 590 
457 459 590 458 
459 461 460 490 
459 461 490 625 
459 461 625 592 
459 461 592 460 
461 462 492 627 
461 462 627 594 
479 481 480 513 
479 481 513 650 
479 481 650 615 
479 481 615 480 
481 483 482 515 
481 483 515 652 
481 483 652 617 
481 483 617 482 
483 485 484 517 
483 485 517 654 
483 485 654 619 
483 485 619 484 
485 487 486 519 
485 487 519 656 
485 487 656 621 
485 487 621 486 
487 489 488 521 
487 489 521 658 
487 489 658 623 
487 489 623 488 
489 491 490 523 
489 491 523 660 
489 491 660 625 
489 491 625 490 
491 493 492 525 
491 493 525 662 
491 493 662 627 
491 493 627 492 
512 514 513 546 
512 514 546 686 
512 514 686 650 
512 514 650 513 
514 516 515 548 
514 516 548 688 
514 516 688 652 
514 516 652 515 
516 518 517 550 
516 518 550 690 
516 518 690 654 
516 518 654 517 
518 520 519 552 
518 520 552 692 
518 520 692 656 
518 520 656 519 
520 522 521 554 
520 522 554 694 
520 522 694 658 
520 522 658 521 
522 524 523 556 
522 524 556 696 
522 524 696 660 
522 524 660 523 
524 526 525 558 
524 526 558 698 
524 526 698 662 
524 526 662 525 
545 547 704 686 
545 547 686 546 
547 549 705 688 
547 549 688 548 
549 551 706 690 
549 551 690 550 
551 553 707 692 
551 553 692 552 
553 555 554 560 
553 555 708 694 
553 555 694 554 
555 557 556 561 
555 557 709 696 
555 557 696 556 
557 559 710 698 
557 559 698 558 
581 583 582 615 
581 583 615 758 
581 583 758 731 
583 585 584 617 
583 585 617 760 
585 587 586 619 
585 587 619 762 
587 589 588 621 
587 589 621 764 
589 591 590 623 
589 591 623 766 
591 593 592 625 
591 593 625 768 
593 595 594 627 
593 595 627 770 
614 616 615 650 
614 616 650 795 
614 616 795 758 
614 616 758 615 
616 618 617 652 
616 618 652 797 
616 618 797 760 
616 618 760 617 
618 620 619 654 
618 620 654 799 
618 620 799 762 
618 620 762 619 
620 622 621 656 
620 622 656 801 
620 622 801 764 
620 622 764 621 
622 624 623 658 
622 624 658 803 
622 624 803 766 
622 624 766 623 
624 626 625 660 
624 626 660 805 
624 626 805 768 
624 626 768 625 
626 628 627 662 
626 628 662 807 
626 628 807 770 
626 628 770 627 
628 630 629 664 
628 630 664 809 
628 630 809 772 
628 630 772 629 
647 649 648 684 
647 649 684 830 
647 649 830 793 
647 649 793 648 
649 651 650 686 
649 651 686 832 
649 651 832 795 
649 651 795 650 
651 653 652 688 
651 653 688 834 
651 653 834 797 
651 653 797 652 
653 655 654 690 
653 655 690 836 
653 655 836 799 
653 655 799 654 
655 657 656 692 
655 657 692 838 
655 657 838 801 
655 657 801 656 
657 659 658 694 
657 659 694 840 
657 659 840 803 
657 659 803 658 
659 661 660 696 
659 661 696 842 
659 661 842 805 
659 661 805 660 
661 663 662 698 
661 663 698 844 
661 663 844 807 
661 663 807 662 
663 665 664 700 
663 665 700 846 
663 665 846 809 
663 665 809 664 
665 667 666 702 
665 667 702 848 
665 667 848 811 
665 667 811 666 
683 685 858 830 
683 685 830 684 
685 687 686 704 
685 687 859 832 
685 687 832 686 
687 689 688 705 
687 689 860 834 
687 689 834 688 
689 691 690 706 
689 691 861 836 
689 691 836 690 
691 693 692 707 
691 693 863 838 
691 693 838 692 
693 695 694 708 
693 695 865 840 
693 695 840 694 
695 697 696 709 
695 697 867 842 
695 697 842 696 
697 699 698 710 
697 699 710 869 
697 699 869 844 
697 699 844 698 
699 701 700 712 
699 701 712 871 
699 701 871 846 
699 701 846 700 
701 703 873 848 
701 703 848 702 
730 732 731 758 
730 732 758 907 
755 757 756 793 
755 757 793 941 
755 757 941 905 
755 757 905 756 
757 759 758 795 
757 759 795 943 
757 759 943 907 
757 759 907 758 
759 761 760 797 
759 761 797 945 
759 761 945 909 
759 761 909 760 
761 763 762 799 
761 763 799 947 
761 763 947 911 
761 763 911 762 
763 765 764 801 
763 765 801 949 
763 765 949 913 
763 765 913 764 
765 767 766 803 
765 767 803 951 
765 767 951 915 
765 767 915 766 
767 769 768 805 
767 769 805 953 
767 769 953 917 
767 769 917 768 
769 771 770 807 
769 771 807 955 
769 771 955 919 
769 771 919 770 
771 773 772 809 
771 773 809 957 
771 773 957 921 
771 773 921 772 
773 775 774 811 
773 775 811 959 
773 775 959 923 
773 775 923 774 
775 776 813 961 
775 776 961 925 
792 794 793 830 
792 794 830 978 
792 794 978 941 
792 794 941 793 
794 796 795 832 
794 796 832 980 
794 796 980 943 
794 796 943 795 
796 798 797 834 
796 798 834 982 
796 798 982 945 
796 798 945 797 
798 800 799 836 
798 800 836 984 
798 800 984 947 
798 800 947 799 
800 802 801 838 
800 802 838 986 
800 802 986 949 
800 802 949 801 
802 804 803 840 
802 804 840 988 
802 804 988 951 
802 804 951 803 
804 806 805 842 
804 806 842 990 
804 806 990 953 
804 806 953 805 
806 808 807 844 
806 808 844 992 
806 808 992 955 
806 808 955 807 
808 810 809 846 
808 810 846 994 
808 810 994 957 
808 810 957 809 
810 812 811 848 
810 812 848 996 
810 812 996 959 
810 812 959 811 
812 814 813 850 
812 814 850 998 
812 814 998 961 
812 814 961 813 
827 829 828 857 
827 829 1010 976 
827 829 976 828 
829 831 830 858 
829 831 1012 978 
829 831 978 830 
831 833 832 859 
831 833 1014 980 
831 833 980 832 
833 835 834 860 
833 835 1016 982 
833 835 982 834 
835 837 836 861 
835 837 861 1018 
835 837 1018 984 
835 837 984 836 
837 839 838 863 
837 839 863 1020 
837 839 1020 986 
837 839 986 838 
839 841 840 865 
839 841 865 1022 
839 841 1022 988 
839 841 988 840 
841 843 842 867 
841 843 867 1024 
841 843 1024 990 
841 843 990 842 
843 845 844 869 
843 845 869 1026 
843 845 1026 992 
843 845 992 844 
845 847 846 871 
845 847 871 1028 
845 847 1028 994 
845 847 994 846 
847 849 848 873 
847 849 873 1030 
847 849 1030 996 
847 849 996 848 
849 851 850 875 
849 851 875 1032 
849 851 1032 998 
849 851 998 850 
874 876 1038 1032 
874 876 1032 875 
904 906 905 941 
904 906 941 1088 
904 906 1088 1053 
904 906 1053 905 
906 908 907 943 
906 908 943 1090 
906 908 1090 1055 
906 908 1055 907 
908 910 909 945 
908 910 945 1092 
908 910 1092 1057 
908 910 1057 909 
910 912 911 947 
910 912 947 1094 
910 912 1094 1059 
910 912 1059 911 
912 914 913 949 
912 914 949 1096 
912 914 1096 1061 
912 914 1061 913 
914 916 915 951 
914 916 951 1098 
914 916 1098 1063 
916 918 917 953 
916 918 953 1100 
916 918 1100 1065 
918 920 919 955 
918 920 955 1102 
918 920 1102 1067 
920 922 921 957 
920 922 957 1104 
920 922 1104 1069 
922 924 923 959 
922 924 959 1106 
922 924 1106 1071 
924 926 925 961 
924 926 961 1108 
924 926 1108 1073 
926 927 963 1110 
926 927 1110 1075 
938 940 939 976 
938 940 976 1123 
938 940 1123 1086 
938 940 1086 939 
940 942 941 978 
940 942 978 1125 
940 942 1125 1088 
940 942 1088 941 
942 944 943 980 
942 944 980 1127 
942 944 1127 1090 
942 944 1090 943 
944 946 945 982 
944 946 982 1129 
944 946 1129 1092 
944 946 1092 945 
946 948 947 984 
946 948 984 1131 
946 948 1131 1094 
946 948 1094 947 
948 950 949 986 
948 950 986 1133 
948 950 1133 1096 
948 950 1096 949 
950 952 951 988 
950 952 988 1135 
950 952 1135 1098 
950 952 1098 951 
952 954 953 990 
952 954 990 1137 
952 954 1137 1100 
952 954 1100 953 
954 956 955 992 
954 956 992 1139 
954 956 1139 1102 
954 956 1102 955 
956 958 957 994 
956 958 994 1141 
956 958 1141 1104 
956 958 1104 957 
958 960 959 996 
958 960 996 1143 
958 960 1143 1106 
958 960 1106 959 
960 962 961 998 
960 962 998 1145 
960 962 1145 1108 
960 962 1108 961 
962 964 963 1000 
962 964 1000 1147 
962 964 1147 1110 
962 964 1110 963 
975 977 976 1010 
975 977 1010 1158 
975 977 1158 1123 
975 977 1123 976 
977 979 978 1012 
977 979 1012 1160 
977 979 1160 1125 
977 979 1125 978 
979 981 980 1014 
979 981 1014 1162 
979 981 1162 1127 
979 981 1127 980 
981 983 982 1016 
981 983 1016 1164 
981 983 1164 1129 
981 983 1129 982 
983 985 984 1018 
983 985 1018 1166 
983 985 1166 1131 
983 985 1131 984 
985 987 986 1020 
985 987 1020 1168 
985 987 1168 1133 
985 987 1133 986 
987 989 988 1022 
987 989 1022 1170 
987 989 1170 1135 
987 989 1135 988 
989 991 990 1024 
989 991 1024 1172 
989 991 1172 1137 
989 991 1137 990 
991 993 992 1026 
991 993 1026 1174 
991 993 1174 1139 
991 993 1139 992 
993 995 994 1028 
993 995 1028 1176 
993 995 1176 1141 
993 995 1141 994 
995 997 996 1030 
995 997 1030 1178 
995 997 1178 1143 
995 997 1143 996 
997 999 998 1032 
997 999 1032 1180 
997 999 1180 1145 
997 999 1145 998 
999 1001 1000 1034 
999 1001 1034 1182 
999 1001 1182 1147 
999 1001 1147 1000 
1001 1003 1002 1036 
1001 1003 1036 1184 
1001 1003 1184 1149 
1001 1003 1149 1002 
1025 1027 1189 1174 
1025 1027 1174 1026 
1027 1029 1190 1176 
1027 1029 1176 1028 
1029 1031 1191 1178 
1029 1031 1178 1030 
1031 1033 1032 1038 
1031 1033 1192 1180 
1031 1033 1180 1032 
1033 1035 1193 1182 
1033 1035 1182 1034 
1035 1037 1194 1184 
1035 1037 1184 1036 
1050 1052 1051 1086 
1050 1052 1086 1232 
1050 1052 1232 1203 
1050 1052 1203 1051 
1052 1054 1053 1088 
1052 1054 1088 1234 
1052 1054 1234 1205 
1054 1056 1055 1090 
1054 1056 1090 1236 
1054 1056 1236 1207 
1056 1058 1057 1092 
1056 1058 1092 1238 
1056 1058 1238 1209 
1058 1060 1059 1094 
1058 1060 1094 1240 
1058 1060 1240 1211 
1060 1062 1061 1096 
1060 1062 1096 1242 
1060 1062 1242 1213 
1062 1064 1063 1098 
1062 1064 1098 1244 
1062 1064 1244 1215 
1064 1066 1065 1100 
1064 1066 1100 1246 
1064 1066 1246 1217 
1066 1068 1067 1102 
1066 1068 1102 1248 
1066 1068 1248 1219 
1068 1070 1069 1104 
1068 1070 1104 1250 
1070 1072 1071 1106 
1070 1072 1106 1252 
1072 1074 1073 1108 
1072 1074 1108 1254 
1074 1076 1075 1110 
1074 1076 1110 1256 
1085 1087 1086 1123 
1085 1087 1123 1268 
1085 1087 1268 1232 
1085 1087 1232 1086 
1087 1089 1088 1125 
1087 1089 1125 1270 
1087 1089 1270 1234 
1087 1089 1234 1088 
1089 1091 1090 1127 
1089 1091 1127 1272 
1089 1091 1272 1236 
1089 1091 1236 1090 
1091 1093 1092 1129 
1091 1093 1129 1274 
1091 1093 1274 1238 
1091 1093 1238 1092 
1093 1095 1094 1131 
1093 1095 1131 1276 
1093 1095 1276 1240 
1093 1095 1240 1094 
1095 1097 1096 1133 
1095 1097 1133 1278 
1095 1097 1278 1242 
1095 1097 1242 1096 
1097 1099 1098 1135 
1097 1099 1135 1280 
1097 1099 1280 1244 
1097 1099 1244 1098 
1099 1101 1100 1137 
1099 1101 1137 1282 
1099 1101 1282 1246 
1099 1101 1246 1100 
1101 1103 1102 1139 
1101 1103 1139 1284 
1101 1103 1284 1248 
1101 1103 1248 1102 
1103 1105 1104 1141 
1103 1105 1141 1286 
1103 1105 1286 1250 
1103 1105 1250 1104 
1105 1107 1106 1143 
1105 1107 1143 1288 
1105 1107 1288 1252 
1105 1107 1252 1106 
1107 1109 1108 1145 
1107 1109 1145 1290 
1107 1109 1290 1254 
1107 1109 1254 1108 
1109 1111 1110 1147 
1109 1111 1147 1292 
1109 1111 1292 1256 
1109 1111 1256 1110 
1111 1113 1112 1149 
1111 1113 1149 1294 
1111 1113 1294 1258 
1111 1113 1258 1112 
1113 1115 1114 1151 
1113 1115 1151 1296 
1113 1115 1296 1260 
1113 1115 1260 1114 
1120 1122 1121 1156 
1120 1122 1156 1302 
1120 1122 1302 1266 
1120 1122 1266 1121 
1122 1124 1123 1158 
1122 1124 1158 1304 
1122 1124 1304 1268 
1122 1124 1268 1123 
1124 1126 1125 1160 
1124 1126 1160 1306 
1124 1126 1306 1270 
1124 1126 1270 1125 
1126 1128 1127 1162 
1126 1128 1162 1308 
1126 1128 1308 1272 
1126 1128 1272 1127 
1128 1130 1129 1164 
1128 1130 1164 1310 
1128 1130 1310 1274 
1128 1130 1274 1129 
1130 1132 1131 1166 
1130 1132 1166 1312 
1130 1132 1312 1276 
1130 1132 1276 1131 
1132 1134 1133 1168 
1132 1134 1168 1314 
1132 1134 1314 1278 
1132 1134 1278 1133 
1134 1136 1135 1170 
1134 1136 1170 1316 
1134 1136 1316 1280 
1134 1136 1280 1135 
1136 1138 1137 1172 
1136 1138 1172 1318 
1136 1138 1318 1282 
1136 1138 1282 1137 
1138 1140 1139 1174 
1138 1140 1174 1320 
1138 1140 1320 1284 
1138 1140 1284 1139 
1140 1142 1141 1176 
1140 1142 1176 1322 
1140 1142 1322 1286 
1140 1142 1286 1141 
1142 1144 1143 1178 
1142 1144 1178 1324 
1142 1144 1324 1288 
1142 1144 1288 1143 
1144 1146 1145 1180 
1144 1146 1180 1326 
1144 1146 1326 1290 
1144 1146 1290 1145 
1146 1148 1147 1182 
1146 1148 1182 1328 
1146 1148 1328 1292 
1146 1148 1292 1147 
1148 1150 1149 1184 
1148 1150 1184 1330 
1148 1150 1330 1294 
1148 1150 1294 1149 
1150 1152 1151 1186 
1150 1152 1186 1332 
1150 1152 1332 1296 
1150 1152 1296 1151 
1157 1159 1338 1304 
1157 1159 1304 1158 
1163 1165 1339 1310 
1163 1165 1310 1164 
1165 1167 1340 1312 
1165 1167 1312 1166 
1167 1169 1341 1314 
1167 1169 1314 1168 
1169 1171 1342 1316 
1169 1171 1316 1170 
1171 1173 1343 1318 
1171 1173 1318 1172 
1173 1175 1174 1189 
1173 1175 1344 1320 
1173 1175 1320 1174 
1175 1177 1176 1190 
1175 1177 1345 1322 
1175 1177 1322 1176 
1177 1179 1178 1191 
1177 1179 1346 1324 
1177 1179 1324 1178 
1179 1181 1180 1192 
1179 1181 1348 1326 
1179 1181 1326 1180 
1181 1183 1182 1193 
1181 1183 1350 1328 
1181 1183 1328 1182 
1183 1185 1184 1194 
1183 1185 1194 1352 
1183 1185 1352 1330 
1183 1185 1330 1184 
1185 1187 1186 1196 
1185 1187 1196 1354 
1185 1187 1354 1332 
1185 1187 1332 1186 
1200 1202 1201 1230 
1200 1202 1230 1378 
1202 1204 1203 1232 
1202 1204 1232 1380 
1202 1204 1380 1361 
1204 1206 1205 1234 
1204 1206 1234 1382 
1204 1206 1382 1363 
1206 1208 1207 1236 
1206 1208 1236 1384 
1206 1208 1384 1365 
1208 1210 1209 1238 
1208 1210 1238 1386 
1208 1210 1386 1367 
1210 1212 1211 1240 
1210 1212 1240 1388 
1212 1214 1213 1242 
1212 1214 1242 1390 
1214 1216 1215 1244 
1214 1216 1244 1392 
1216 1218 1217 1246 
1216 1218 1246 1394 
1218 1220 1219 1248 
1218 1220 1248 1396 
1229 1231 1230 1266 
1229 1231 1266 1415 
1229 1231 1415 1378 
1229 1231 1378 1230 
1231 1233 1232 1268 
1231 1233 1268 1417 
1231 1233 1417 1380 
1231 1233 1380 1232 
1233 1235 1234 1270 
1233 1235 1270 1419 
1233 1235 1419 1382 
1233 1235 1382 1234 
1235 1237 1236 1272 
1235 1237 1272 1421 
1235 1237 1421 1384 
1235 1237 1384 1236 
1237 1239 1238 1274 
1237 1239 1274 1423 
1237 1239 1423 1386 
1237 1239 1386 1238 
1239 1241 1240 1276 
1239 1241 1276 1425 
1239 1241 1425 1388 
1239 1241 1388 1240 
1241 1243 1242 1278 
1241 1243 1278 1427 
1241 1243 1427 1390 
1241 1243 1390 1242 
1243 1245 1244 1280 
1243 1245 1280 1429 
1243 1245 1429 1392 
1243 1245 1392 1244 
1245 1247 1246 1282 
1245 1247 1282 1431 
1245 1247 1431 1394 
1245 1247 1394 1246 
1247 1249 1248 1284 
1247 1249 1284 1433 
1247 1249 1433 1396 
1247 1249 1396 1248 
1249 1251 1250 1286 
1249 1251 1286 1435 
1249 1251 1435 1398 
1249 1251 1398 1250 
1251 1253 1252 1288 
1251 1253 1288 1437 
1251 1253 1437 1400 
1251 1253 1400 1252 
1253 1255 1254 1290 
1253 1255 1290 1439 
1253 1255 1439 1402 
1253 1255 1402 1254 
1255 1257 1256 1292 
1255 1257 1292 1441 
1255 1257 1441 1404 
1255 1257 1404 1256 
1257 1259 1258 1294 
1257 1259 1294 1443 
1257 1259 1443 1406 
1257 1259 1406 1258 
1259 1261 1260 1296 
1259 1261 1296 1445 
1259 1261 1445 1408 
1259 1261 1408 1260 
1265 1267 1266 1302 
1265 1267 1302 1453 
1265 1267 1453 1415 
1265 1267 1415 1266 
1267 1269 1268 1304 
1267 1269 1304 1454 
1267 1269 1454 1417 
1267 1269 1417 1268 
1269 1271 1270 1306 
1269 1271 1306 1456 
1269 1271 1456 1419 
1269 1271 1419 1270 
1271 1273 1272 1308 
1271 1273 1308 1458 
1271 1273 1458 1421 
1271 1273 1421 1272 
1273 1275 1274 1310 
1273 1275 1310 1460 
1273 1275 1460 1423 
1273 1275 1423 1274 
1275 1277 1276 1312 
1275 1277 1312 1462 
1275 1277 1462 1425 
1275 1277 1425 1276 
1277 1279 1278 1314 
1277 1279 1314 1464 
1277 1279 1464 1427 
1277 1279 1427 1278 
1279 1281 1280 1316 
1279 1281 1316 1466 
1279 1281 1466 1429 
1279 1281 1429 1280 
1281 1283 1282 1318 
1281 1283 1318 1468 
1281 1283 1468 1431 
1281 1283 1431 1282 
1283 1285 1284 1320 
1283 1285 1320 1470 
1283 1285 1470 1433 
1283 1285 1433 1284 
1285 1287 1286 1322 
1285 1287 1322 1472 
1285 1287 1472 1435 
1285 1287 1435 1286 
1287 1289 1288 1324 
1287 1289 1324 1474 
1287 1289 1474 1437 
1287 1289 1437 1288 
1289 1291 1290 1326 
1289 1291 1326 1476 
1289 1291 1476 1439 
1289 1291 1439 1290 
1291 1293 1292 1328 
1291 1293 1328 1478 
1291 1293 1478 1441 
1291 1293 1441 1292 
1293 1295 1294 1330 
1293 1295 1330 1480 
1293 1295 1480 1443 
1293 1295 1443 1294 
1295 1297 1296 1332 
1295 1297 1332 1482 
1295 1297 1482 1445 
1295 1297 1445 1296 
1303 1305 1304 1338 
1303 1305 1454 1304 
1305 1307 1490 1456 
1305 1307 1456 1306 
1307 1309 1492 1458 
1307 1309 1458 1308 
1309 1311 1310 1339 
1309 1311 1493 1460 
1309 1311 1460 1310 
1311 1313 1312 1340 
1311 1313 1494 1462 
1311 1313 1462 1312 
1313 1315 1314 1341 
1313 1315 1495 1464 
1313 1315 1464 1314 
1315 1317 1316 1342 
1315 1317 1497 1466 
1315 1317 1466 1316 
1317 1319 1318 1343 
1317 1319 1499 1468 
1317 1319 1468 1318 
1319 1321 1320 1344 
1319 1321 1501 1470 
1319 1321 1470 1320 
1321 1323 1322 1345 
1321 1323 1503 1472 
1321 1323 1472 1322 
1323 1325 1324 1346 
1323 1325 1346 1505 
1323 1325 1505 1474 
1323 1325 1474 1324 
1325 1327 1326 1348 
1325 1327 1348 1507 
1325 1327 1507 1476 
1325 1327 1476 1326 
1327 1329 1328 1350 
1327 1329 1350 1509 
1327 1329 1509 1478 
1327 1329 1478 1328 
1329 1331 1330 1352 
1329 1331 1352 1511 
1329 1331 1511 1480 
1329 1331 1480 1330 
1331 1333 1332 1354 
1331 1333 1354 1513 
1331 1333 1482 1332 
1360 1362 1361 1380 
1360 1362 1380 1529 
1362 1364 1363 1382 
1362 1364 1382 1531 
1364 1366 1365 1384 
1364 1366 1384 1533 
1364 1366 1533 1524 
1366 1368 1367 1386 
1366 1368 1386 1535 
1379 1381 1380 1417 
1379 1381 1417 1566 
1379 1381 1566 1529 
1379 1381 1529 1380 
1381 1383 1382 1419 
1381 1383 1419 1567 
1381 1383 1567 1531 
1381 1383 1531 1382 
1383 1385 1384 1421 
1383 1385 1421 1569 
1383 1385 1569 1533 
1383 1385 1533 1384 
1385 1387 1386 1423 
1385 1387 1423 1571 
1385 1387 1571 1535 
1385 1387 1535 1386 
1387 1389 1388 1425 
1387 1389 1425 1573 
1387 1389 1573 1537 
1387 1389 1537 1388 
1389 1391 1390 1427 
1389 1391 1427 1575 
1389 1391 1575 1539 
1389 1391 1539 1390 
1391 1393 1392 1429 
1391 1393 1429 1577 
1391 1393 1577 1541 
1391 1393 1541 1392 
1393 1395 1394 1431 
1393 1395 1431 1579 
1393 1395 1579 1543 
1393 1395 1543 1394 
1395 1397 1396 1433 
1395 1397 1433 1581 
1395 1397 1581 1545 
1395 1397 1545 1396 
1397 1399 1398 1435 
1397 1399 1435 1583 
1397 1399 1583 1547 
1397 1399 1547 1398 
1399 1401 1400 1437 
1399 1401 1437 1585 
1399 1401 1585 1549 
1399 1401 1549 1400 
1401 1403 1402 1439 
1401 1403 1439 1587 
1401 1403 1587 1551 
1401 1403 1551 1402 
1403 1405 1404 1441 
1403 1405 1441 1589 
1403 1405 1589 1553 
1403 1405 1553 1404 
1405 1407 1406 1443 
1418 1420 1419 1456 
1418 1420 1456 1604 
1418 1420 1604 1567 
1418 1420 1567 1419 
1420 1422 1421 1458 
1420 1422 1458 1606 
1420 1422 1606 1569 
1420 1422 1569 1421 
1422 1424 1423 1460 
1422 1424 1460 1608 
1422 1424 1608 1571 
1422 1424 1571 1423 
1424 1426 1425 1462 
1424 1426 1462 1610 
1424 1426 1610 1573 
1424 1426 1573 1425 
1426 1428 1427 1464 
1426 1428 1464 1612 
1426 1428 1612 1575 
1426 1428 1575 1427 
1428 1430 1429 1466 
1428 1430 1466 1614 
1428 1430 1614 1577 
1428 1430 1577 1429 
1430 1432 1431 1468 
1430 1432 1468 1616 
1430 1432 1616 1579 
1430 1432 1579 1431 
1432 1434 1433 1470 
1432 1434 1470 1618 
1432 1434 1618 1581 
1432 1434 1581 1433 
1434 1436 1435 1472 
1434 1436 1472 1620 
1434 1436 1620 1583 
1434 1436 1583 1435 
1436 1438 1437 1474 
1436 1438 1474 1622 
1436 1438 1622 1585 
1436 1438 1585 1437 
1438 1440 1439 1476 
1438 1440 1476 1624 
1438 1440 1624 1587 
1438 1440 1587 1439 
1440 1442 1441 1478 
1440 1442 1478 1626 
1440 1442 1626 1589 
1440 1442 1589 1441 
1455 1457 1456 1490 
1455 1457 1490 1642 
1455 1457 1642 1604 
1455 1457 1604 1456 
1457 1459 1458 1492 
1457 1459 1492 1643 
1457 1459 1643 1606 
1457 1459 1606 1458 
1459 1461 1460 1493 
1459 1461 1645 1608 
1459 1461 1608 1460 
1461 1463 1462 1494 
1461 1463 1647 1610 
1461 1463 1610 1462 
1463 1465 1464 1495 
1463 1465 1495 1649 
1463 1465 1649 1612 
1463 1465 1612 1464 
1465 1467 1466 1497 
1465 1467 1497 1651 
1465 1467 1651 1614 
1465 1467 1614 1466 
1467 1469 1468 1499 
1467 1469 1499 1653 
1467 1469 1653 1616 
1467 1469 1616 1468 
1469 1471 1470 1501 
1469 1471 1501 1655 
1469 1471 1655 1618 
1469 1471 1618 1470 
1471 1473 1472 1503 
1471 1473 1503 1657 
1471 1473 1657 1620 
1471 1473 1620 1472 
1473 1475 1474 1505 
1473 1475 1505 1659 
1473 1475 1659 1622 
1473 1475 1622 1474 
1475 1477 1476 1507 
1475 1477 1507 1661 
1475 1477 1661 1624 
1475 1477 1624 1476 
1477 1479 1478 1509 
1477 1479 1509 1663 
1477 1479 1626 1478 
1523 1525 1524 1533 
1523 1525 1533 1688 
1532 1534 1533 1569 
1532 1534 1569 1720 
1532 1534 1720 1688 
1532 1534 1688 1533 
1534 1536 1535 1571 
1534 1536 1571 1722 
1534 1536 1722 1690 
1534 1536 1690 1535 
1536 1538 1537 1573 
1536 1538 1573 1724 
1536 1538 1724 1692 
1536 1538 1692 1537 
1538 1540 1539 1575 
1538 1540 1575 1726 
1538 1540 1726 1694 
1538 1540 1694 1539 
1540 1542 1541 1577 
1540 1542 1577 1728 
1540 1542 1728 1696 
1540 1542 1696 1541 
1542 1544 1543 1579 
1542 1544 1579 1730 
1542 1544 1730 1698 
1544 1546 1545 1581 
1544 1546 1581 1732 
1544 1546 1732 1700 
1546 1548 1547 1583 
1546 1548 1583 1734 
1546 1548 1734 1702 
1548 1550 1549 1585 
1548 1550 1585 1736 
1548 1550 1736 1704 
1550 1552 1551 1587 
1568 1570 1569 1606 
1568 1570 1606 1758 
1568 1570 1758 1720 
1568 1570 1720 1569 
1570 1572 1571 1608 
1570 1572 1608 1760 
1570 1572 1760 1722 
1570 1572 1722 1571 
1572 1574 1573 1610 
1572 1574 1610 1762 
1572 1574 1762 1724 
1572 1574 1724 1573 
1574 1576 1575 1612 
1574 1576 1612 1764 
1574 1576 1764 1726 
1574 1576 1726 1575 
1576 1578 1577 1614 
1576 1578 1614 1766 
1576 1578 1766 1728 
1576 1578 1728 1577 
1578 1580 1579 1616 
1578 1580 1616 1768 
1578 1580 1768 1730 
1578 1580 1730 1579 
1580 1582 1581 1618 
1580 1582 1618 1770 
1580 1582 1770 1732 
1580 1582 1732 1581 
1582 1584 1583 1620 
1582 1584 1620 1772 
1582 1584 1772 1734 
1582 1584 1734 1583 
1584 1586 1585 1622 
1584 1586 1622 1774 
1584 1586 1774 1736 
1584 1586 1736 1585 
1605 1607 1606 1643 
1605 1607 1643 1797 
1605 1607 1797 1758 
1605 1607 1758 1606 
1607 1609 1608 1645 
1607 1609 1645 1798 
1607 1609 1798 1760 
1607 1609 1760 1608 
1609 1611 1610 1647 
1609 1611 1647 1800 
1609 1611 1800 1762 
1609 1611 1762 1610 
1611 1613 1612 1649 
1611 1613 1649 1802 
1611 1613 1802 1764 
1611 1613 1764 1612 
1613 1615 1614 1651 
1613 1615 1651 1804 
1613 1615 1804 1766 
1613 1615 1766 1614 
1615 1617 1616 1653 
1615 1617 1653 1806 
1615 1617 1806 1768 
1615 1617 1768 1616 
1617 1619 1618 1655 
1617 1619 1655 1808 
1617 1619 1808 1770 
1617 1619 1770 1618 
1619 1621 1620 1657 
1619 1621 1657 1810 
1619 1621 1810 1772 
1619 1621 1772 1620 
1621 1623 1622 1659 
1621 1623 1659 1812 
1621 1623 1812 1774 
1621 1623 1774 1622 
1646 1648 1836 1800 
1646 1648 1800 1647 
1656 1658 1837 1810 
1656 1658 1810 1657 
1658 1660 1812 1659 
1689 1691 1690 1722 
1689 1691 1722 1874 
1691 1693 1692 1724 
1691 1693 1724 1876 
1691 1693 1876 1853 
1691 1693 1853 1692 
1693 1695 1694 1726 
1693 1695 1726 1878 
1693 1695 1878 1855 
1693 1695 1855 1694 
1695 1697 1696 1728 
1695 1697 1728 1880 
1695 1697 1880 1857 
1697 1699 1698 1730 
1697 1699 1730 1882 
1697 1699 1882 1859 
1699 1701 1700 1732 
1699 1701 1732 1884 
1699 1701 1884 1861 
1701 1703 1702 1734 
1701 1703 1734 1886 
1721 1723 1722 1760 
1721 1723 1760 1913 
1721 1723 1913 1874 
1721 1723 1874 1722 
1723 1725 1724 1762 
1723 1725 1762 1914 
1723 1725 1914 1876 
1723 1725 1876 1724 
1725 1727 1726 1764 
1725 1727 1764 1916 
1725 1727 1916 1878 
1725 1727 1878 1726 
1727 1729 1728 1766 
1727 1729 1766 1918 
1727 1729 1918 1880 
1727 1729 1880 1728 
1729 1731 1730 1768 
1729 1731 1768 1920 
1729 1731 1920 1882 
1729 1731 1882 1730 
1731 1733 1732 1770 
1731 1733 1770 1922 
1731 1733 1922 1884 
1731 1733 1884 1732 
1733 1735 1734 1772 
1733 1735 1886 1734 
1761 1763 1762 1800 
1761 1763 1800 1952 
1761 1763 1952 1914 
1761 1763 1914 1762 
1763 1765 1764 1802 
1763 1765 1802 1954 
1763 1765 1954 1916 
1763 1765 1916 1764 
1765 1767 1766 1804 
1765 1767 1804 1956 
1765 1767 1956 1918 
1765 1767 1918 1766 
1767 1769 1768 1806 
1767 1769 1806 1958 
1767 1769 1958 1920 
1767 1769 1920 1768 
1769 1771 1770 1808 
1769 1771 1808 1960 
1769 1771 1960 1922 
1769 1771 1922 1770 
1799 1801 1800 1836 
1799 1801 1952 1800 
1801 1803 1990 1954 
1801 1803 1954 1802 
1803 1805 1991 1956 
1803 1805 1956 1804 
1805 1807 1993 1958 
1805 1807 1958 1806 
1807 1809 1960 1808 
1854 1856 1855 1878 
1854 1856 1878 2028 
1856 1858 1857 1880 
1856 1858 1880 2030 
1858 1860 1859 1882 
1858 1860 1882 2032 
1877 1879 1878 1916 
1877 1879 1916 2065 
1877 1879 2065 2028 
1877 1879 2028 1878 
1879 1881 1880 1918 
1879 1881 1918 2066 
1879 1881 2066 2030 
1879 1881 2030 1880 
1881 1883 1882 1920 
1881 1883 2032 1882 
1915 1917 1916 1954 
1915 1917 1954 2103 
1915 1917 2065 1916 
1917 1919 1918 1956 
1917 1919 1956 2104 
1917 1919 2104 2066 
1917 1919 2066 1918 
1953 1955 1954 1990 
1953 1955 2103 1954 
1955 1957 1956 1991 
1955 1957 2104 1956 
185 204 290 292 
185 204 292 205 
186 206 205 292 
186 206 292 294 
225 245 340 342 
225 245 342 246 
245 268 367 369 
245 268 369 269 
268 291 290 395 
268 291 395 397 
268 291 397 292 
268 291 292 290 
226 247 246 342 
226 247 342 344 
226 247 344 248 
226 247 248 246 
247 270 269 369 
247 270 369 371 
247 270 371 271 
247 270 271 269 
270 293 292 397 
270 293 397 399 
270 293 399 294 
270 293 294 292 
293 305 304 419 
293 305 419 421 
293 305 421 306 
293 305 306 304 
249 272 271 371 
249 272 371 373 
272 295 294 399 
272 295 399 401 
339 366 480 482 
339 366 482 367 
366 394 513 515 
366 394 515 395 
394 416 415 546 
394 416 546 548 
394 416 548 417 
394 416 417 415 
318 341 340 452 
318 341 452 454 
318 341 454 342 
318 341 342 340 
341 368 367 482 
341 368 482 484 
341 368 484 369 
341 368 369 367 
368 396 395 515 
368 396 515 517 
368 396 517 397 
368 396 397 395 
396 418 417 548 
396 418 548 550 
396 418 550 419 
396 418 419 417 
319 343 342 454 
319 343 454 456 
319 343 456 344 
319 343 344 342 
343 370 369 484 
343 370 484 486 
343 370 486 371 
343 370 371 369 
370 398 397 517 
370 398 517 519 
370 398 519 399 
370 398 399 397 
398 420 419 550 
398 420 550 552 
398 420 552 421 
398 420 421 419 
320 345 344 456 
320 345 456 458 
320 345 458 346 
320 345 346 344 
345 372 371 486 
345 372 486 488 
345 372 488 373 
345 372 373 371 
372 400 399 519 
372 400 519 521 
372 400 521 401 
372 400 401 399 
400 422 421 552 
400 422 552 554 
400 422 554 423 
400 422 423 421 
347 374 373 488 
347 374 488 490 
374 402 401 521 
374 402 521 523 
402 424 423 554 
402 424 554 556 
402 424 556 425 
403 426 425 556 
403 426 556 558 
479 512 648 650 
479 512 650 513 
512 545 684 686 
512 545 686 546 
451 481 480 615 
451 481 615 617 
451 481 617 482 
451 481 482 480 
481 514 513 650 
481 514 650 652 
481 514 652 515 
481 514 515 513 
514 547 546 686 
514 547 686 688 
514 547 688 548 
514 547 548 546 
453 483 482 617 
453 483 617 619 
453 483 619 484 
453 483 484 482 
483 516 515 652 
483 516 652 654 
483 516 654 517 
483 516 517 515 
516 549 548 688 
516 549 688 690 
516 549 690 550 
516 549 550 548 
455 485 484 619 
455 485 619 621 
455 485 621 486 
455 485 486 484 
485 518 517 654 
485 518 654 656 
485 518 656 519 
485 518 519 517 
518 551 550 690 
518 551 690 692 
518 551 692 552 
518 551 552 550 
457 487 486 621 
457 487 621 623 
457 487 623 488 
457 487 488 486 
487 520 519 656 
487 520 656 658 
487 520 658 521 
487 520 521 519 
520 553 552 692 
520 553 692 694 
520 553 694 554 
520 553 554 552 
432 459 458 590 
432 459 590 592 
432 459 592 460 
432 459 460 458 
459 489 488 623 
459 489 623 625 
459 489 625 490 
459 489 490 488 
489 522 521 658 
489 522 658 660 
489 522 660 523 
489 522 523 521 
522 555 554 694 
522 555 694 696 
522 555 696 556 
522 555 556 554 
461 491 490 625 
461 491 625 627 
461 491 627 492 
461 491 492 490 
491 524 523 660 
491 524 660 662 
491 524 662 525 
491 524 525 523 
524 557 556 696 
524 557 696 698 
524 557 698 558 
524 557 558 556 
462 493 492 627 
462 493 627 629 
493 526 525 662 
493 526 662 664 
526 559 558 698 
526 559 698 700 
647 683 828 830 
647 683 830 684 
581 614 756 758 
581 614 758 615 
614 649 648 793 
614 649 793 795 
614 649 795 650 
614 649 650 648 
649 685 684 830 
649 685 830 832 
649 685 832 686 
649 685 686 684 
583 616 615 758 
583 616 758 760 
583 616 760 617 
583 616 617 615 
616 651 650 795 
616 651 795 797 
616 651 797 652 
616 651 652 650 
651 687 686 832 
651 687 832 834 
651 687 834 688 
651 687 688 686 
585 618 617 760 
585 618 760 762 
585 618 762 619 
585 618 619 617 
618 653 652 797 
618 653 797 799 
618 653 799 654 
618 653 654 652 
653 689 688 834 
653 689 834 836 
653 689 836 690 
653 689 690 688 
587 620 619 762 
587 620 762 764 
587 620 764 621 
587 620 621 619 
620 655 654 799 
620 655 799 801 
620 655 801 656 
620 655 656 654 
655 691 690 836 
655 691 836 838 
655 691 838 692 
655 691 692 690 
589 622 621 764 
589 622 764 766 
589 622 766 623 
589 622 623 621 
622 657 656 801 
622 657 801 803 
622 657 803 658 
622 657 658 656 
657 693 692 838 
657 693 838 840 
657 693 840 694 
657 693 694 692 
591 624 623 766 
591 624 766 768 
591 624 768 625 
591 624 625 623 
624 659 658 803 
624 659 803 805 
624 659 805 660 
624 659 660 658 
659 695 694 840 
659 695 840 842 
659 695 842 696 
659 695 696 694 
593 626 625 768 
593 626 768 770 
593 626 770 627 
593 626 627 625 
626 661 660 805 
626 661 805 807 
626 661 807 662 
626 661 662 660 
661 697 696 842 
661 697 842 844 
661 697 844 698 
661 697 698 696 
595 628 627 770 
595 628 770 772 
595 628 772 629 
595 628 629 627 
628 663 662 807 
628 663 807 809 
628 663 809 664 
628 663 664 662 
663 699 698 844 
663 699 844 846 
663 699 846 700 
663 699 700 698 
699 711 710 869 
699 711 869 871 
699 711 871 712 
699 711 712 710 
630 665 664 809 
630 665 809 811 
630 665 811 666 
630 665 666 664 
665 701 700 846 
665 701 846 848 
665 701 848 702 
665 701 702 700 
667 703 702 848 
667 703 848 850 
755 792 939 941 
755 792 941 793 
792 829 828 976 
792 829 976 978 
792 829 978 830 
792 829 830 828 
730 757 756 905 
730 757 905 907 
730 757 907 758 
730 757 758 756 
757 794 793 941 
757 794 941 943 
757 794 943 795 
757 794 795 793 
794 831 830 978 
794 831 978 980 
794 831 980 832 
794 831 832 830 
732 759 758 907 
732 759 907 909 
732 759 909 760 
732 759 760 758 
759 796 795 943 
759 796 943 945 
759 796 945 797 
759 796 797 795 
796 833 832 980 
796 833 980 982 
796 833 982 834 
796 833 834 832 
733 761 760 909 
733 761 909 911 
733 761 911 762 
733 761 762 760 
761 798 797 945 
761 798 945 947 
761 798 947 799 
761 798 799 797 
798 835 834 982 
798 835 982 984 
798 835 984 836 
798 835 836 834 
734 763 762 911 
734 763 911 913 
734 763 913 764 
734 763 764 762 
763 800 799 947 
763 800 947 949 
763 800 949 801 
763 800 801 799 
800 837 836 984 
800 837 984 986 
800 837 986 838 
800 837 838 836 
837 862 861 1018 
837 862 1018 1020 
837 862 1020 863 
837 862 863 861 
735 765 764 913 
735 765 913 915 
735 765 915 766 
735 765 766 764 
765 802 801 949 
765 802 949 951 
765 802 951 803 
765 802 803 801 
802 839 838 986 
802 839 986 988 
802 839 988 840 
802 839 840 838 
839 864 863 1020 
839 864 1020 1022 
839 864 1022 865 
839 864 865 863 
736 767 766 915 
736 767 915 917 
736 767 917 768 
736 767 768 766 
767 804 803 951 
767 804 951 953 
767 804 953 805 
767 804 805 803 
804 841 840 988 
804 841 988 990 
804 841 990 842 
804 841 842 840 
841 866 865 1022 
841 866 1022 1024 
841 866 1024 867 
841 866 867 865 
737 769 768 917 
737 769 917 919 
737 769 919 770 
737 769 770 768 
769 806 805 953 
769 806 953 955 
769 806 955 807 
769 806 807 805 
806 843 842 990 
806 843 990 992 
806 843 992 844 
806 843 844 842 
843 868 867 1024 
843 868 1024 1026 
843 868 1026 869 
843 868 869 867 
738 771 770 919 
738 771 919 921 
738 771 921 772 
738 771 772 770 
771 808 807 955 
771 808 955 957 
771 808 957 809 
771 808 809 807 
808 845 844 992 
808 845 992 994 
808 845 994 846 
808 845 846 844 
845 870 869 1026 
845 870 1026 1028 
845 870 1028 871 
845 870 871 869 
739 773 772 921 
739 773 921 923 
739 773 923 774 
739 773 774 772 
773 810 809 957 
773 810 957 959 
773 810 959 811 
773 810 811 809 
810 847 846 994 
810 847 994 996 
810 847 996 848 
810 847 848 846 
847 872 871 1028 
847 872 1028 1030 
847 872 1030 873 
847 872 873 871 
775 812 811 959 
775 812 959 961 
775 812 961 813 
775 812 813 811 
812 849 848 996 
812 849 996 998 
812 849 998 850 
812 849 850 848 
849 874 873 1030 
849 874 1030 1032 
849 874 1032 875 
849 874 875 873 
776 814 813 961 
776 814 961 963 
814 851 850 998 
814 851 998 1000 
851 876 875 1032 
851 876 1032 1034 
938 975 1121 1123 
938 975 1123 976 
975 1009 1156 1158 
975 1009 1158 1010 
975 1009 1010 1008 
886 904 1051 1053 
886 904 1053 905 
904 940 939 1086 
904 940 1086 1088 
904 940 1088 941 
904 940 941 939 
940 977 976 1123 
940 977 1123 1125 
940 977 1125 978 
940 977 978 976 
977 1011 1010 1158 
977 1011 1158 1160 
977 1011 1160 1012 
977 1011 1012 1010 
887 906 905 1053 
887 906 1053 1055 
887 906 1055 907 
887 906 907 905 
906 942 941 1088 
906 942 1088 1090 
906 942 1090 943 
906 942 943 941 
942 979 978 1125 
942 979 1125 1127 
942 979 1127 980 
942 979 980 978 
979 1013 1012 1160 
979 1013 1160 1162 
979 1013 1162 1014 
979 1013 1014 1012 
888 908 907 1055 
888 908 1055 1057 
888 908 1057 909 
888 908 909 907 
908 944 943 1090 
908 944 1090 1092 
908 944 1092 945 
908 944 945 943 
944 981 980 1127 
944 981 1127 1129 
944 981 1129 982 
944 981 982 980 
981 1015 1014 1162 
981 1015 1162 1164 
981 1015 1164 1016 
981 1015 1016 1014 
889 910 909 1057 
889 910 1057 1059 
889 910 1059 911 
889 910 911 909 
910 946 945 1092 
910 946 1092 1094 
910 946 1094 947 
910 946 947 945 
946 983 982 1129 
946 983 1129 1131 
946 983 1131 984 
946 983 984 982 
983 1017 1016 1164 
983 1017 1164 1166 
983 1017 1166 1018 
983 1017 1018 1016 
890 912 911 1059 
890 912 1059 1061 
890 912 1061 913 
890 912 913 911 
912 948 947 1094 
912 948 1094 1096 
912 948 1096 949 
912 948 949 947 
948 985 984 1131 
948 985 1131 1133 
948 985 1133 986 
948 985 986 984 
985 1019 1018 1166 
985 1019 1166 1168 
985 1019 1168 1020 
985 1019 1020 1018 
914 950 949 1096 
914 950 1096 1098 
914 950 1098 951 
914 950 951 949 
950 987 986 1133 
950 987 1133 1135 
950 987 1135 988 
950 987 988 986 
987 1021 1020 1168 
987 1021 1168 1170 
987 1021 1170 1022 
987 1021 1022 1020 
916 952 951 1098 
916 952 1098 1100 
916 952 1100 953 
916 952 953 951 
952 989 988 1135 
952 989 1135 1137 
952 989 1137 990 
952 989 990 988 
989 1023 1022 1170 
989 1023 1170 1172 
989 1023 1172 1024 
989 1023 1024 1022 
918 954 953 1100 
918 954 1100 1102 
918 954 1102 955 
918 954 955 953 
954 991 990 1137 
954 991 1137 1139 
954 991 1139 992 
954 991 992 990 
991 1025 1024 1172 
991 1025 1172 1174 
991 1025 1174 1026 
991 1025 1026 1024 
920 956 955 1102 
920 956 1102 1104 
920 956 1104 957 
920 956 957 955 
956 993 992 1139 
956 993 1139 1141 
956 993 1141 994 
956 993 994 992 
993 1027 1026 1174 
993 1027 1174 1176 
993 1027 1176 1028 
993 1027 1028 1026 
922 958 957 1104 
922 958 1104 1106 
922 958 1106 959 
922 958 959 957 
958 995 994 1141 
958 995 1141 1143 
958 995 1143 996 
958 995 996 994 
995 1029 1028 1176 
995 1029 1176 1178 
995 1029 1178 1030 
995 1029 1030 1028 
924 960 959 1106 
924 960 1106 1108 
924 960 1108 961 
924 960 961 959 
960 997 996 1143 
960 997 1143 1145 
960 997 1145 998 
960 997 998 996 
997 1031 1030 1178 
997 1031 1178 1180 
997 1031 1180 1032 
997 1031 1032 1030 
926 962 961 1108 
926 962 1108 1110 
926 962 1110 963 
926 962 963 961 
962 999 998 1145 
962 999 1145 1147 
962 999 1147 1000 
962 999 1000 998 
999 1033 1032 1180 
999 1033 1180 1182 
999 1033 1182 1034 
999 1033 1034 1032 
927 964 963 1110 
927 964 1110 1112 
964 1001 1000 1147 
964 1001 1147 1149 
964 1001 1149 1002 
964 1001 1002 1000 
1001 1035 1034 1182 
1001 1035 1182 1184 
1001 1035 1184 1036 
1001 1035 1036 1034 
1003 1037 1036 1184 
1003 1037 1184 1186 
1120 1155 1301 1302 
1120 1155 1302 1156 
1041 1050 1201 1203 
1041 1050 1203 1051 
1050 1085 1230 1232 
1050 1085 1232 1086 
1085 1122 1121 1266 
1085 1122 1266 1268 
1085 1122 1268 1123 
1085 1122 1123 1121 
1122 1157 1156 1302 
1122 1157 1302 1304 
1122 1157 1304 1158 
1122 1157 1158 1156 
1052 1087 1086 1232 
1052 1087 1232 1234 
1052 1087 1234 1088 
1052 1087 1088 1086 
1087 1124 1123 1268 
1087 1124 1268 1270 
1087 1124 1270 1125 
1087 1124 1125 1123 
1124 1159 1158 1304 
1124 1159 1304 1306 
1124 1159 1306 1160 
1124 1159 1160 1158 
1054 1089 1088 1234 
1054 1089 1234 1236 
1054 1089 1236 1090 
1054 1089 1090 1088 
1089 1126 1125 1270 
1089 1126 1270 1272 
1089 1126 1272 1127 
1089 1126 1127 1125 
1126 1161 1160 1306 
1126 1161 1306 1308 
1126 1161 1308 1162 
1126 1161 1162 1160 
1056 1091 1090 1236 
1056 1091 1236 1238 
1056 1091 1238 1092 
1056 1091 1092 1090 
1091 1128 1127 1272 
1091 1128 1272 1274 
1091 1128 1274 1129 
1091 1128 1129 1127 
1128 1163 1162 1308 
1128 1163 1308 1310 
1128 1163 1310 1164 
1128 1163 1164 1162 
1058 1093 1092 1238 
1058 1093 1238 1240 
1058 1093 1240 1094 
1058 1093 1094 1092 
1093 1130 1129 1274 
1093 1130 1274 1276 
1093 1130 1276 1131 
1093 1130 1131 1129 
1130 1165 1164 1310 
1130 1165 1310 1312 
1130 1165 1312 1166 
1130 1165 1166 1164 
1060 1095 1094 1240 
1060 1095 1240 1242 
1060 1095 1242 1096 
1060 1095 1096 1094 
1095 1132 1131 1276 
1095 1132 1276 1278 
1095 1132 1278 1133 
1095 1132 1133 1131 
1132 1167 1166 1312 
1132 1167 1312 1314 
1132 1167 1314 1168 
1132 1167 1168 1166 
1062 1097 1096 1242 
1062 1097 1242 1244 
1062 1097 1244 1098 
1062 1097 1098 1096 
1097 1134 1133 1278 
1097 1134 1278 1280 
1097 1134 1280 1135 
1097 1134 1135 1133 
1134 1169 1168 1314 
1134 1169 1314 1316 
1134 1169 1316 1170 
1134 1169 1170 1168 
1064 1099 1098 1244 
1064 1099 1244 1246 
1064 1099 1246 1100 
1064 1099 1100 1098 
1099 1136 1135 1280 
1099 1136 1280 1282 
1099 1136 1282 1137 
1099 1136 1137 1135 
1136 1171 1170 1316 
1136 1171 1316 1318 
1136 1171 1318 1172 
1136 1171 1172 1170 
1066 1101 1100 1246 
1066 1101 1246 1248 
1066 1101 1248 1102 
1066 1101 1102 1100 
1101 1138 1137 1282 
1101 1138 1282 1284 
1101 1138 1284 1139 
1101 1138 1139 1137 
1138 1173 1172 1318 
1138 1173 1318 1320 
1138 1173 1320 1174 
1138 1173 1174 1172 
1068 1103 1102 1248 
1068 1103 1248 1250 
1068 1103 1250 1104 
1068 1103 1104 1102 
1103 1140 1139 1284 
1103 1140 1284 1286 
1103 1140 1286 1141 
1103 1140 1141 1139 
1140 1175 1174 1320 
1140 1175 1320 1322 
1140 1175 1322 1176 
1140 1175 1176 1174 
1070 1105 1104 1250 
1070 1105 1250 1252 
1070 1105 1252 1106 
1070 1105 1106 1104 
1105 1142 1141 1286 
1105 1142 1286 1288 
1105 1142 1288 1143 
1105 1142 1143 1141 
1142 1177 1176 1322 
1142 1177 1322 1324 
1142 1177 1324 1178 
1142 1177 1178 1176 
1072 1107 1106 1252 
1072 1107 1252 1254 
1072 1107 1254 1108 
1072 1107 1108 1106 
1107 1144 1143 1288 
1107 1144 1288 1290 
1107 1144 1290 1145 
1107 1144 1145 1143 
1144 1179 1178 1324 
1144 1179 1324 1326 
1144 1179 1326 1180 
1144 1179 1180 1178 
1074 1109 1108 1254 
1074 1109 1254 1256 
1074 1109 1256 1110 
1074 1109 1110 1108 
1109 1146 1145 1290 
1109 1146 1290 1292 
1109 1146 1292 1147 
1109 1146 1147 1145 
1146 1181 1180 1326 
1146 1181 1326 1328 
1146 1181 1328 1182 
1146 1181 1182 1180 
1076 1111 1110 1256 
1076 1111 1256 1258 
1076 1111 1258 1112 
1076 1111 1112 1110 
1111 1148 1147 1292 
1111 1148 1292 1294 
1111 1148 1294 1149 
1111 1148 1149 1147 
1148 1183 1182 1328 
1148 1183 1328 1330 
1148 1183 1330 1184 
1148 1183 1184 1182 
1077 1113 1112 1258 
1077 1113 1258 1260 
1077 1113 1260 1114 
1077 1113 1114 1112 
1113 1150 1149 1294 
1113 1150 1294 1296 
1113 1150 1296 1151 
1113 1150 1151 1149 
1150 1185 1184 1330 
1150 1185 1330 1332 
1150 1185 1332 1186 
1150 1185 1186 1184 
1185 1195 1194 1352 
1185 1195 1352 1354 
1185 1195 1354 1196 
1185 1195 1196 1194 
1115 1152 1151 1296 
1115 1152 1296 1298 
1152 1187 1186 1332 
1152 1187 1332 1334 
1200 1229 1378 1230 
1229 1265 1415 1266 
1202 1231 1230 1378 
1202 1231 1378 1380 
1202 1231 1380 1232 
1202 1231 1232 1230 
1231 1267 1266 1415 
1231 1267 1415 1417 
1231 1267 1417 1268 
1231 1267 1268 1266 
1267 1303 1302 1453 
1267 1303 1453 1454 
1267 1303 1454 1304 
1267 1303 1304 1302 
1204 1233 1232 1380 
1204 1233 1380 1382 
1204 1233 1382 1234 
1204 1233 1234 1232 
1233 1269 1268 1417 
1233 1269 1417 1419 
1233 1269 1419 1270 
1233 1269 1270 1268 
1269 1305 1304 1454 
1269 1305 1454 1456 
1269 1305 1456 1306 
1269 1305 1306 1304 
1206 1235 1234 1382 
1206 1235 1382 1384 
1206 1235 1384 1236 
1206 1235 1236 1234 
1235 1271 1270 1419 
1235 1271 1419 1421 
1235 1271 1421 1272 
1235 1271 1272 1270 
1271 1307 1306 1456 
1271 1307 1456 1458 
1271 1307 1458 1308 
1271 1307 1308 1306 
1208 1237 1236 1384 
1208 1237 1384 1386 
1208 1237 1386 1238 
1208 1237 1238 1236 
1237 1273 1272 1421 
1237 1273 1421 1423 
1237 1273 1423 1274 
1237 1273 1274 1272 
1273 1309 1308 1458 
1273 1309 1458 1460 
1273 1309 1460 1310 
1273 1309 1310 1308 
1210 1239 1238 1386 
1210 1239 1386 1388 
1210 1239 1388 1240 
1210 1239 1240 1238 
1239 1275 1274 1423 
1239 1275 1423 1425 
1239 1275 1425 1276 
1239 1275 1276 1274 
1275 1311 1310 1460 
1275 1311 1460 1462 
1275 1311 1462 1312 
1275 1311 1312 1310 
1212 1241 1240 1388 
1212 1241 1388 1390 
1212 1241 1390 1242 
1212 1241 1242 1240 
1241 1277 1276 1425 
1241 1277 1425 1427 
1241 1277 1427 1278 
1241 1277 1278 1276 
1277 1313 1312 1462 
1277 1313 1462 1464 
1277 1313 1464 1314 
1277 1313 1314 1312 
1214 1243 1242 1390 
1214 1243 1390 1392 
1214 1243 1392 1244 
1214 1243 1244 1242 
1243 1279 1278 1427 
1243 1279 1427 1429 
1243 1279 1429 1280 
1243 1279 1280 1278 
1279 1315 1314 1464 
1279 1315 1464 1466 
1279 1315 1466 1316 
1279 1315 1316 1314 
1216 1245 1244 1392 
1216 1245 1392 1394 
1216 1245 1394 1246 
1216 1245 1246 1244 
1245 1281 1280 1429 
1245 1281 1429 1431 
1245 1281 1431 1282 
1245 1281 1282 1280 
1281 1317 1316 1466 
1281 1317 1466 1468 
1281 1317 1468 1318 
1281 1317 1318 1316 
1218 1247 1246 1394 
1218 1247 1394 1396 
1218 1247 1396 1248 
1218 1247 1248 1246 
1247 1283 1282 1431 
1247 1283 1431 1433 
1247 1283 1433 1284 
1247 1283 1284 1282 
1283 1319 1318 1468 
1283 1319 1468 1470 
1283 1319 1470 1320 
1283 1319 1320 1318 
1220 1249 1248 1396 
1220 1249 1396 1398 
1220 1249 1398 1250 
1220 1249 1250 1248 
1249 1285 1284 1433 
1249 1285 1433 1435 
1249 1285 1435 1286 
1249 1285 1286 1284 
1285 1321 1320 1470 
1285 1321 1470 1472 
1285 1321 1472 1322 
1285 1321 1322 1320 
1221 1251 1250 1398 
1221 1251 1398 1400 
1221 1251 1400 1252 
1221 1251 1252 1250 
1251 1287 1286 1435 
1251 1287 1435 1437 
1251 1287 1437 1288 
1251 1287 1288 1286 
1287 1323 1322 1472 
1287 1323 1472 1474 
1287 1323 1474 1324 
1287 1323 1324 1322 
1222 1253 1252 1400 
1222 1253 1400 1402 
1222 1253 1402 1254 
1222 1253 1254 1252 
1253 1289 1288 1437 
1253 1289 1437 1439 
1253 1289 1439 1290 
1253 1289 1290 1288 
1289 1325 1324 1474 
1289 1325 1474 1476 
1289 1325 1476 1326 
1289 1325 1326 1324 
1325 1347 1346 1505 
1325 1347 1505 1507 
1325 1347 1507 1348 
1325 1347 1348 1346 
1223 1255 1254 1402 
1223 1255 1402 1404 
1223 1255 1404 1256 
1223 1255 1256 1254 
1255 1291 1290 1439 
1255 1291 1439 1441 
1255 1291 1441 1292 
1255 1291 1292 1290 
1291 1327 1326 1476 
1291 1327 1476 1478 
1291 1327 1478 1328 
1291 1327 1328 1326 
1327 1349 1348 1507 
1327 1349 1507 1509 
1327 1349 1509 1350 
1327 1349 1350 1348 
1224 1257 1256 1404 
1224 1257 1404 1406 
1224 1257 1406 1258 
1224 1257 1258 1256 
1257 1293 1292 1441 
1257 1293 1441 1443 
1257 1293 1443 1294 
1257 1293 1294 1292 
1293 1329 1328 1478 
1293 1329 1478 1480 
1293 1329 1480 1330 
1293 1329 1330 1328 
1329 1351 1350 1509 
1329 1351 1509 1511 
1329 1351 1511 1352 
1329 1351 1352 1350 
1225 1259 1258 1406 
1225 1259 1406 1408 
1225 1259 1408 1260 
1225 1259 1260 1258 
1259 1295 1294 1443 
1259 1295 1443 1445 
1259 1295 1445 1296 
1259 1295 1296 1294 
1295 1331 1330 1480 
1295 1331 1480 1482 
1295 1331 1482 1332 
1295 1331 1332 1330 
1331 1353 1352 1511 
1331 1353 1513 1354 
1331 1353 1354 1352 
1226 1261 1260 1408 
1226 1261 1262 1260 
1261 1297 1296 1445 
1261 1297 1298 1296 
1297 1333 1332 1482 
1297 1333 1334 1332 
1333 1355 1354 1513 
1333 1355 1356 1354 
1360 1379 1529 1380 
1360 1379 1380 1378 
1362 1381 1380 1529 
1362 1381 1529 1531 
1362 1381 1531 1382 
1362 1381 1382 1380 
1381 1418 1417 1566 
1381 1418 1566 1567 
1381 1418 1567 1419 
1381 1418 1419 1417 
1418 1455 1604 1456 
1418 1455 1456 1454 
1364 1383 1382 1531 
1364 1383 1531 1533 
1364 1383 1533 1384 
1364 1383 1384 1382 
1383 1420 1419 1567 
1383 1420 1567 1569 
1383 1420 1569 1421 
1383 1420 1421 1419 
1420 1457 1456 1604 
1420 1457 1604 1606 
1420 1457 1606 1458 
1420 1457 1458 1456 
1457 1491 1490 1642 
1457 1491 1642 1643 
1457 1491 1643 1492 
1457 1491 1492 1490 
1366 1385 1384 1533 
1366 1385 1533 1535 
1366 1385 1535 1386 
1366 1385 1386 1384 
1385 1422 1421 1569 
1385 1422 1569 1571 
1385 1422 1571 1423 
1385 1422 1423 1421 
1422 1459 1458 1606 
1422 1459 1606 1608 
1422 1459 1608 1460 
1422 1459 1460 1458 
1368 1387 1386 1535 
1368 1387 1535 1537 
1368 1387 1537 1388 
1368 1387 1388 1386 
1387 1424 1423 1571 
1387 1424 1571 1573 
1387 1424 1573 1425 
1387 1424 1425 1423 
1424 1461 1460 1608 
1424 1461 1608 1610 
1424 1461 1610 1462 
1424 1461 1462 1460 
1369 1389 1388 1537 
1369 1389 1537 1539 
1369 1389 1539 1390 
1369 1389 1390 1388 
1389 1426 1425 1573 
1389 1426 1573 1575 
1389 1426 1575 1427 
1389 1426 1427 1425 
1426 1463 1462 1610 
1426 1463 1610 1612 
1426 1463 1612 1464 
1426 1463 1464 1462 
1370 1391 1390 1539 
1370 1391 1539 1541 
1370 1391 1541 1392 
1370 1391 1392 1390 
1391 1428 1427 1575 
1391 1428 1575 1577 
1391 1428 1577 1429 
1391 1428 1429 1427 
1428 1465 1464 1612 
1428 1465 1612 1614 
1428 1465 1614 1466 
1428 1465 1466 1464 
1465 1496 1495 1649 
1465 1496 1649 1651 
1465 1496 1651 1497 
1465 1496 1497 1495 
1371 1393 1392 1541 
1371 1393 1541 1543 
1371 1393 1543 1394 
1371 1393 1394 1392 
1393 1430 1429 1577 
1393 1430 1577 1579 
1393 1430 1579 1431 
1393 1430 1431 1429 
1430 1467 1466 1614 
1430 1467 1614 1616 
1430 1467 1616 1468 
1430 1467 1468 1466 
1467 1498 1497 1651 
1467 1498 1651 1653 
1467 1498 1653 1499 
1467 1498 1499 1497 
1372 1395 1394 1543 
1372 1395 1543 1545 
1372 1395 1545 1396 
1372 1395 1396 1394 
1395 1432 1431 1579 
1395 1432 1579 1581 
1395 1432 1581 1433 
1395 1432 1433 1431 
1432 1469 1468 1616 
1432 1469 1616 1618 
1432 1469 1618 1470 
1432 1469 1470 1468 
1469 1500 1499 1653 
1469 1500 1653 1655 
1469 1500 1655 1501 
1469 1500 1501 1499 
1373 1397 1396 1545 
1373 1397 1545 1547 
1373 1397 1547 1398 
1373 1397 1398 1396 
1397 1434 1433 1581 
1397 1434 1581 1583 
1397 1434 1583 1435 
1397 1434 1435 1433 
1434 1471 1470 1618 
1434 1471 1618 1620 
1434 1471 1620 1472 
1434 1471 1472 1470 
1471 1502 1501 1655 
1471 1502 1655 1657 
1471 1502 1657 1503 
1471 1502 1503 1501 
1374 1399 1398 1547 
1374 1399 1547 1549 
1374 1399 1549 1400 
1374 1399 1400 1398 
1399 1436 1435 1583 
1399 1436 1583 1585 
1399 1436 1585 1437 
1399 1436 1437 1435 
1436 1473 1472 1620 
1436 1473 1620 1622 
1436 1473 1622 1474 
1436 1473 1474 1472 
1473 1504 1503 1657 
1473 1504 1657 1659 
1473 1504 1659 1505 
1473 1504 1505 1503 
1375 1401 1400 1549 
1375 1401 1549 1551 
1375 1401 1551 1402 
1375 1401 1402 1400 
1401 1438 1437 1585 
1401 1438 1585 1587 
1401 1438 1587 1439 
1401 1438 1439 1437 
1438 1475 1474 1622 
1438 1475 1622 1624 
1438 1475 1624 1476 
1438 1475 1476 1474 
1475 1506 1505 1659 
1475 1506 1659 1661 
1475 1506 1661 1507 
1475 1506 1507 1505 
1376 1403 1402 1551 
1376 1403 1551 1553 
1376 1403 1553 1404 
1376 1403 1404 1402 
1403 1440 1439 1587 
1403 1440 1587 1589 
1403 1440 1589 1441 
1403 1440 1441 1439 
1440 1477 1476 1624 
1440 1477 1624 1626 
1440 1477 1626 1478 
1440 1477 1478 1476 
1477 1508 1507 1661 
1477 1508 1663 1509 
1477 1508 1509 1507 
1405 1442 1441 1589 
1405 1442 1443 1441 
1442 1479 1478 1626 
1442 1479 1480 1478 
1479 1510 1509 1663 
1479 1510 1511 1509 
1523 1532 1688 1533 
1523 1532 1533 1531 
1532 1568 1720 1569 
1532 1568 1569 1567 
1568 1605 1758 1606 
1568 1605 1606 1604 
1525 1534 1533 1688 
1525 1534 1688 1690 
1525 1534 1690 1535 
1525 1534 1535 1533 
1534 1570 1569 1720 
1534 1570 1720 1722 
1534 1570 1722 1571 
1534 1570 1571 1569 
1570 1607 1606 1758 
1570 1607 1758 1760 
1570 1607 1760 1608 
1570 1607 1608 1606 
1607 1644 1643 1797 
1607 1644 1797 1798 
1607 1644 1798 1645 
1607 1644 1645 1643 
1526 1536 1535 1690 
1526 1536 1690 1692 
1526 1536 1692 1537 
1526 1536 1537 1535 
1536 1572 1571 1722 
1536 1572 1722 1724 
1536 1572 1724 1573 
1536 1572 1573 1571 
1572 1609 1608 1760 
1572 1609 1760 1762 
1572 1609 1762 1610 
1572 1609 1610 1608 
1609 1646 1645 1798 
1609 1646 1798 1800 
1609 1646 1800 1647 
1609 1646 1647 1645 
1527 1538 1537 1692 
1527 1538 1692 1694 
1527 1538 1694 1539 
1527 1538 1539 1537 
1538 1574 1573 1724 
1538 1574 1724 1726 
1538 1574 1726 1575 
1538 1574 1575 1573 
1574 1611 1610 1762 
1574 1611 1762 1764 
1574 1611 1764 1612 
1574 1611 1612 1610 
1611 1648 1647 1800 
1611 1648 1800 1802 
1611 1648 1802 1649 
1611 1648 1649 1647 
1528 1540 1539 1694 
1528 1540 1694 1696 
1528 1540 1696 1541 
1528 1540 1541 1539 
1540 1576 1575 1726 
1540 1576 1726 1728 
1540 1576 1728 1577 
1540 1576 1577 1575 
1576 1613 1612 1764 
1576 1613 1764 1766 
1576 1613 1766 1614 
1576 1613 1614 1612 
1613 1650 1649 1802 
1613 1650 1802 1804 
1613 1650 1804 1651 
1613 1650 1651 1649 
1542 1578 1577 1728 
1542 1578 1728 1730 
1542 1578 1730 1579 
1542 1578 1579 1577 
1578 1615 1614 1766 
1578 1615 1766 1768 
1578 1615 1768 1616 
1578 1615 1616 1614 
1615 1652 1651 1804 
1615 1652 1804 1806 
1615 1652 1806 1653 
1615 1652 1653 1651 
1544 1580 1579 1730 
1544 1580 1730 1732 
1544 1580 1732 1581 
1544 1580 1581 1579 
1580 1617 1616 1768 
1580 1617 1768 1770 
1580 1617 1770 1618 
1580 1617 1618 1616 
1617 1654 1653 1806 
1617 1654 1806 1808 
1617 1654 1808 1655 
1617 1654 1655 1653 
1546 1582 1581 1732 
1546 1582 1732 1734 
1546 1582 1734 1583 
1546 1582 1583 1581 
1582 1619 1618 1770 
1582 1619 1770 1772 
1582 1619 1772 1620 
1582 1619 1620 1618 
1619 1656 1655 1808 
1619 1656 1808 1810 
1619 1656 1810 1657 
1619 1656 1657 1655 
1548 1584 1583 1734 
1548 1584 1734 1736 
1548 1584 1736 1585 
1548 1584 1585 1583 
1584 1621 1620 1772 
1584 1621 1772 1774 
1584 1621 1774 1622 
1584 1621 1622 1620 
1621 1658 1657 1810 
1621 1658 1810 1812 
1621 1658 1812 1659 
1621 1658 1659 1657 
1550 1586 1585 1736 
1550 1586 1587 1585 
1586 1623 1622 1774 
1586 1623 1624 1622 
1623 1660 1659 1812 
1623 1660 1661 1659 
1689 1721 1874 1722 
1689 1721 1722 1720 
1691 1723 1722 1874 
1691 1723 1874 1876 
1691 1723 1876 1724 
1691 1723 1724 1722 
1723 1761 1760 1913 
1723 1761 1913 1914 
1723 1761 1914 1762 
1723 1761 1762 1760 
1761 1799 1952 1800 
1761 1799 1800 1798 
1687 1693 1692 1853 
1687 1693 1853 1855 
1687 1693 1855 1694 
1687 1693 1694 1692 
1693 1725 1724 1876 
1693 1725 1876 1878 
1693 1725 1878 1726 
1693 1725 1726 1724 
1725 1763 1762 1914 
1725 1763 1914 1916 
1725 1763 1916 1764 
1725 1763 1764 1762 
1763 1801 1800 1952 
1763 1801 1952 1954 
1763 1801 1954 1802 
1763 1801 1802 1800 
1695 1727 1726 1878 
1695 1727 1878 1880 
1695 1727 1880 1728 
1695 1727 1728 1726 
1727 1765 1764 1916 
1727 1765 1916 1918 
1727 1765 1918 1766 
1727 1765 1766 1764 
1765 1803 1802 1954 
1765 1803 1954 1956 
1765 1803 1956 1804 
1765 1803 1804 1802 
1697 1729 1728 1880 
1697 1729 1880 1882 
1697 1729 1882 1730 
1697 1729 1730 1728 
1729 1767 1766 1918 
1729 1767 1918 1920 
1729 1767 1920 1768 
1729 1767 1768 1766 
1767 1805 1804 1956 
1767 1805 1956 1958 
1767 1805 1958 1806 
1767 1805 1806 1804 
1699 1731 1730 1882 
1699 1731 1882 1884 
1699 1731 1884 1732 
1699 1731 1732 1730 
1731 1769 1768 1920 
1731 1769 1920 1922 
1731 1769 1922 1770 
1731 1769 1770 1768 
1769 1807 1806 1958 
1769 1807 1958 1960 
1769 1807 1960 1808 
1769 1807 1808 1806 
1701 1733 1732 1884 
1701 1733 1886 1734 
1701 1733 1734 1732 
1733 1771 1770 1922 
1733 1771 1772 1770 
1771 1809 1808 1960 
1771 1809 1810 1808 
1703 1735 1734 1886 
1703 1735 1736 1734 
1854 1877 2028 1878 
1854 1877 1878 1876 
1877 1915 2065 1916 
1877 1915 1916 1914 
1915 1953 2103 1954 
1915 1953 1954 1952 
1856 1879 1878 2028 
1856 1879 2028 2030 
1856 1879 2030 1880 
1856 1879 1880 1878 
1879 1917 1916 2065 
1879 1917 2065 2066 
1879 1917 2066 1918 
1879 1917 1918 1916 
1917 1955 1954 2103 
1917 1955 2104 1956 
1917 1955 1956 1954 
1858 1881 1880 2030 
1858 1881 2032 1882 
1858 1881 1882 1880 
1881 1919 1918 2066 
1881 1919 1920 1918 
1919 1957 1956 2104 
1919 1957 1958 1956 
1860 1883 1882 2032 
1860 1883 1884 1882 
581 730 731 758 
581 730 758 756 
339 451 452 482 
339 451 482 480 
451 583 584 617 
451 583 617 615 
451 583 615 582 
583 732 760 758 
583 732 758 731 
245 341 340 342 
245 341 342 369 
245 341 369 367 
245 341 367 340 
341 453 452 454 
341 453 454 484 
341 453 484 482 
341 453 482 452 
453 585 586 619 
453 585 619 617 
453 585 617 584 
166 247 246 248 
166 247 248 271 
166 247 271 269 
166 247 269 246 
247 343 342 344 
247 343 344 371 
247 343 371 369 
247 343 369 342 
343 455 454 456 
343 455 456 486 
343 455 486 484 
343 455 484 454 
455 587 588 621 
455 587 621 619 
455 587 619 586 
249 345 344 346 
249 345 346 373 
249 345 373 371 
249 345 371 344 
345 457 456 458 
345 457 458 488 
345 457 488 486 
345 457 486 456 
457 589 590 623 
457 589 623 621 
457 589 621 588 
347 459 458 460 
347 459 460 490 
347 459 490 488 
347 459 488 458 
459 591 590 592 
459 591 592 625 
459 591 625 623 
459 591 623 590 
461 593 594 627 
461 593 627 625 
461 593 625 592 
462 595 629 627 
462 595 627 594 
1050 1202 1201 1203 
1050 1202 1203 1232 
1050 1202 1232 1230 
1050 1202 1230 1201 
1202 1360 1361 1380 
1202 1360 1380 1378 
755 904 905 941 
755 904 941 939 
904 1052 1051 1053 
904 1052 1053 1088 
904 1052 1088 1086 
904 1052 1086 1051 
1052 1204 1205 1234 
1052 1204 1234 1232 
1052 1204 1232 1203 
1204 1362 1363 1382 
1204 1362 1382 1380 
1204 1362 1380 1361 
479 614 615 650 
479 614 650 648 
614 757 756 758 
614 757 758 795 
614 757 795 793 
614 757 793 756 
757 906 905 907 
757 906 907 943 
757 906 943 941 
757 906 941 905 
906 1054 1053 1055 
906 1054 1055 1090 
906 1054 1090 1088 
906 1054 1088 1053 
1054 1206 1207 1236 
1054 1206 1236 1234 
1054 1206 1234 1205 
1206 1364 1365 1384 
1206 1364 1384 1382 
1206 1364 1382 1363 
1364 1523 1524 1533 
1364 1523 1533 1531 
366 481 480 482 
366 481 482 515 
366 481 515 513 
366 481 513 480 
481 616 615 617 
481 616 617 652 
481 616 652 650 
481 616 650 615 
616 759 758 760 
616 759 760 797 
616 759 797 795 
616 759 795 758 
759 908 907 909 
759 908 909 945 
759 908 945 943 
759 908 943 907 
908 1056 1055 1057 
908 1056 1057 1092 
908 1056 1092 1090 
908 1056 1090 1055 
1056 1208 1209 1238 
1056 1208 1238 1236 
1056 1208 1236 1207 
1208 1366 1367 1386 
1208 1366 1386 1384 
1208 1366 1384 1365 
1366 1525 1535 1533 
1366 1525 1533 1524 
185 268 269 292 
185 268 292 290 
268 368 367 369 
268 368 369 397 
268 368 397 395 
268 368 395 367 
368 483 482 484 
368 483 484 517 
368 483 517 515 
368 483 515 482 
483 618 617 619 
483 618 619 654 
483 618 654 652 
483 618 652 617 
618 761 760 762 
618 761 762 799 
618 761 799 797 
618 761 797 760 
761 910 909 911 
761 910 911 947 
761 910 947 945 
761 910 945 909 
910 1058 1057 1059 
910 1058 1059 1094 
910 1058 1094 1092 
910 1058 1092 1057 
1058 1210 1211 1240 
1058 1210 1240 1238 
1058 1210 1238 1209 
1210 1368 1388 1386 
1210 1368 1386 1367 
186 270 269 271 
186 270 271 294 
186 270 294 292 
186 270 292 269 
270 370 369 371 
270 370 371 399 
270 370 399 397 
270 370 397 369 
370 485 484 486 
370 485 486 519 
370 485 519 517 
370 485 517 484 
485 620 619 621 
485 620 621 656 
485 620 656 654 
485 620 654 619 
620 763 762 764 
620 763 764 801 
620 763 801 799 
620 763 799 762 
763 912 911 913 
763 912 913 949 
763 912 949 947 
763 912 947 911 
912 1060 1059 1061 
912 1060 1061 1096 
912 1060 1096 1094 
912 1060 1094 1059 
1060 1212 1213 1242 
1060 1212 1242 1240 
1060 1212 1240 1211 
272 372 371 373 
272 372 373 401 
272 372 401 399 
272 372 399 371 
372 487 486 488 
372 487 488 521 
372 487 521 519 
372 487 519 486 
487 622 621 623 
487 622 623 658 
487 622 658 656 
487 622 656 621 
622 765 764 766 
622 765 766 803 
622 765 803 801 
622 765 801 764 
765 914 913 915 
765 914 915 951 
765 914 951 949 
765 914 949 913 
914 1062 1063 1098 
914 1062 1098 1096 
914 1062 1096 1061 
1062 1214 1215 1244 
1062 1214 1244 1242 
1062 1214 1242 1213 
374 489 488 490 
374 489 490 523 
374 489 523 521 
374 489 521 488 
489 624 623 625 
489 624 625 660 
489 624 660 658 
489 624 658 623 
624 767 766 768 
624 767 768 805 
624 767 805 803 
624 767 803 766 
767 916 915 917 
767 916 917 953 
767 916 953 951 
767 916 951 915 
916 1064 1065 1100 
916 1064 1100 1098 
916 1064 1098 1063 
1064 1216 1217 1246 
1064 1216 1246 1244 
1064 1216 1244 1215 
375 491 490 492 
375 491 492 525 
375 491 525 523 
375 491 523 490 
491 626 625 627 
491 626 627 662 
491 626 662 660 
491 626 660 625 
626 769 768 770 
626 769 770 807 
626 769 807 805 
626 769 805 768 
769 918 917 919 
769 918 919 955 
769 918 955 953 
769 918 953 917 
918 1066 1067 1102 
918 1066 1102 1100 
918 1066 1100 1065 
1066 1218 1219 1248 
1066 1218 1248 1246 
1066 1218 1246 1217 
493 628 627 629 
493 628 629 664 
493 628 664 662 
493 628 662 627 
628 771 770 772 
628 771 772 809 
628 771 809 807 
628 771 807 770 
771 920 919 921 
771 920 921 957 
771 920 957 955 
771 920 955 919 
920 1068 1069 1104 
920 1068 1104 1102 
920 1068 1102 1067 
1068 1220 1250 1248 
1068 1220 1248 1219 
630 773 772 774 
630 773 774 811 
630 773 811 809 
630 773 809 772 
773 922 921 923 
773 922 923 959 
773 922 959 957 
773 922 957 921 
922 1070 1071 1106 
922 1070 1106 1104 
922 1070 1104 1069 
775 924 925 961 
775 924 961 959 
775 924 959 923 
924 1072 1073 1108 
924 1072 1108 1106 
924 1072 1106 1071 
776 926 963 961 
776 926 961 925 
926 1074 1075 1110 
926 1074 1110 1108 
926 1074 1108 1073 
927 1076 1112 1110 
927 1076 1110 1075 
938 1085 1086 1123 
938 1085 1123 1121 
1085 1231 1230 1232 
1085 1231 1232 1268 
1085 1231 1268 1266 
1085 1231 1266 1230 
1231 1379 1378 1380 
1231 1379 1380 1417 
1231 1379 1417 1415 
1231 1379 1415 1378 
647 792 793 830 
647 792 830 828 
792 940 939 941 
792 940 941 978 
792 940 978 976 
792 940 976 939 
940 1087 1086 1088 
940 1087 1088 1125 
940 1087 1125 1123 
940 1087 1123 1086 
1087 1233 1232 1234 
1087 1233 1234 1270 
1087 1233 1270 1268 
1087 1233 1268 1232 
1233 1381 1380 1382 
1233 1381 1382 1419 
1233 1381 1419 1417 
1233 1381 1417 1380 
1381 1530 1529 1531 
1381 1530 1531 1567 
1381 1530 1567 1566 
1381 1530 1566 1529 
512 649 648 650 
512 649 650 686 
512 649 686 684 
512 649 684 648 
649 794 793 795 
649 794 795 832 
649 794 832 830 
649 794 830 793 
794 942 941 943 
794 942 943 980 
794 942 980 978 
794 942 978 941 
942 1089 1088 1090 
942 1089 1090 1127 
942 1089 1127 1125 
942 1089 1125 1088 
1089 1235 1234 1236 
1089 1235 1236 1272 
1089 1235 1272 1270 
1089 1235 1270 1234 
1235 1383 1382 1384 
1235 1383 1384 1421 
1235 1383 1421 1419 
1235 1383 1419 1382 
1383 1532 1531 1533 
1383 1532 1533 1569 
1383 1532 1569 1567 
1383 1532 1567 1531 
289 394 395 417 
289 394 417 415 
394 514 513 515 
394 514 515 548 
394 514 548 546 
394 514 546 513 
514 651 650 652 
514 651 652 688 
514 651 688 686 
514 651 686 650 
651 796 795 797 
651 796 797 834 
651 796 834 832 
651 796 832 795 
796 944 943 945 
796 944 945 982 
796 944 982 980 
796 944 980 943 
944 1091 1090 1092 
944 1091 1092 1129 
944 1091 1129 1127 
944 1091 1127 1090 
1091 1237 1236 1238 
1091 1237 1238 1274 
1091 1237 1274 1272 
1091 1237 1272 1236 
1237 1385 1384 1386 
1237 1385 1386 1423 
1237 1385 1423 1421 
1237 1385 1421 1384 
1385 1534 1533 1535 
1385 1534 1535 1571 
1385 1534 1571 1569 
1385 1534 1569 1533 
1534 1689 1688 1690 
1534 1689 1690 1722 
1534 1689 1722 1720 
1534 1689 1720 1688 
204 291 290 292 
204 291 292 304 
204 291 303 290 
291 396 395 397 
291 396 397 419 
291 396 419 417 
291 396 417 395 
396 516 515 517 
396 516 517 550 
396 516 550 548 
396 516 548 515 
516 653 652 654 
516 653 654 690 
516 653 690 688 
516 653 688 652 
653 798 797 799 
653 798 799 836 
653 798 836 834 
653 798 834 797 
798 946 945 947 
798 946 947 984 
798 946 984 982 
798 946 982 945 
946 1093 1092 1094 
946 1093 1094 1131 
946 1093 1131 1129 
946 1093 1129 1092 
1093 1239 1238 1240 
1093 1239 1240 1276 
1093 1239 1276 1274 
1093 1239 1274 1238 
1239 1387 1386 1388 
1239 1387 1388 1425 
1239 1387 1425 1423 
1239 1387 1423 1386 
1387 1536 1535 1537 
1387 1536 1537 1573 
1387 1536 1573 1571 
1387 1536 1571 1535 
1536 1691 1690 1692 
1536 1691 1692 1724 
1536 1691 1724 1722 
1536 1691 1722 1690 
206 293 292 294 
206 293 294 306 
206 293 306 304 
206 293 304 292 
293 398 397 399 
293 398 399 421 
293 398 421 419 
293 398 419 397 
398 518 517 519 
398 518 519 552 
398 518 552 550 
398 518 550 517 
518 655 654 656 
518 655 656 692 
518 655 692 690 
518 655 690 654 
655 800 799 801 
655 800 801 838 
655 800 838 836 
655 800 836 799 
800 948 947 949 
800 948 949 986 
800 948 986 984 
800 948 984 947 
948 1095 1094 1096 
948 1095 1096 1133 
948 1095 1133 1131 
948 1095 1131 1094 
1095 1241 1240 1242 
1095 1241 1242 1278 
1095 1241 1278 1276 
1095 1241 1276 1240 
1241 1389 1388 1390 
1241 1389 1390 1427 
1241 1389 1427 1425 
1241 1389 1425 1388 
1389 1538 1537 1539 
1389 1538 1539 1575 
1389 1538 1575 1573 
1389 1538 1573 1537 
1538 1693 1692 1694 
1538 1693 1694 1726 
1538 1693 1726 1724 
1538 1693 1724 1692 
1693 1854 1853 1855 
1693 1854 1855 1878 
1693 1854 1878 1876 
1693 1854 1876 1853 
295 400 399 401 
295 400 401 423 
295 400 423 421 
295 400 421 399 
400 520 519 521 
400 520 521 554 
400 520 554 552 
400 520 552 519 
520 657 656 658 
520 657 658 694 
520 657 694 692 
520 657 692 656 
657 802 801 803 
657 802 803 840 
657 802 840 838 
657 802 838 801 
802 950 949 951 
802 950 951 988 
802 950 988 986 
802 950 986 949 
950 1097 1096 1098 
950 1097 1098 1135 
950 1097 1135 1133 
950 1097 1133 1096 
1097 1243 1242 1244 
1097 1243 1244 1280 
1097 1243 1280 1278 
1097 1243 1278 1242 
1243 1391 1390 1392 
1243 1391 1392 1429 
1243 1391 1429 1427 
1243 1391 1427 1390 
1391 1540 1539 1541 
1391 1540 1541 1577 
1391 1540 1577 1575 
1391 1540 1575 1539 
1540 1695 1694 1696 
1540 1695 1696 1728 
1540 1695 1728 1726 
1540 1695 1726 1694 
1695 1856 1857 1880 
1695 1856 1880 1878 
1695 1856 1878 1855 
402 522 521 523 
402 522 523 556 
402 522 556 554 
402 522 554 521 
522 659 658 660 
522 659 660 696 
522 659 696 694 
522 659 694 658 
659 804 803 805 
659 804 805 842 
659 804 842 840 
659 804 840 803 
804 952 951 953 
804 952 953 990 
804 952 990 988 
804 952 988 951 
952 1099 1098 1100 
952 1099 1100 1137 
952 1099 1137 1135 
952 1099 1135 1098 
1099 1245 1244 1246 
1099 1245 1246 1282 
1099 1245 1282 1280 
1099 1245 1280 1244 
1245 1393 1392 1394 
1245 1393 1394 1431 
1245 1393 1431 1429 
1245 1393 1429 1392 
1393 1542 1541 1543 
1393 1542 1543 1579 
1393 1542 1579 1577 
1393 1542 1577 1541 
1542 1697 1698 1730 
1542 1697 1730 1728 
1542 1697 1728 1696 
1697 1858 1859 1882 
1697 1858 1882 1880 
1697 1858 1880 1857 
403 524 523 525 
403 524 525 558 
403 524 558 556 
403 524 556 523 
524 661 660 662 
524 661 662 698 
524 661 698 696 
524 661 696 660 
661 806 805 807 
661 806 807 844 
661 806 844 842 
661 806 842 805 
806 954 953 955 
806 954 955 992 
806 954 992 990 
806 954 990 953 
954 1101 1100 1102 
954 1101 1102 1139 
954 1101 1139 1137 
954 1101 1137 1100 
1101 1247 1246 1248 
1101 1247 1248 1284 
1101 1247 1284 1282 
1101 1247 1282 1246 
1247 1395 1394 1396 
1247 1395 1396 1433 
1247 1395 1433 1431 
1247 1395 1431 1394 
1395 1544 1543 1545 
1395 1544 1545 1581 
1395 1544 1581 1579 
1395 1544 1579 1543 
1544 1699 1700 1732 
1544 1699 1732 1730 
1544 1699 1730 1698 
1699 1860 1861 1884 
1699 1860 1884 1882 
1699 1860 1882 1859 
526 663 662 664 
526 663 664 700 
526 663 700 698 
526 663 698 662 
663 808 807 809 
663 808 809 846 
663 808 846 844 
663 808 844 807 
808 956 955 957 
808 956 957 994 
808 956 994 992 
808 956 992 955 
956 1103 1102 1104 
956 1103 1104 1141 
956 1103 1141 1139 
956 1103 1139 1102 
1103 1249 1248 1250 
1103 1249 1250 1286 
1103 1249 1286 1284 
1103 1249 1284 1248 
1249 1397 1396 1398 
1249 1397 1398 1435 
1249 1397 1435 1433 
1249 1397 1433 1396 
1397 1546 1545 1547 
1397 1546 1547 1583 
1397 1546 1583 1581 
1397 1546 1581 1545 
1546 1701 1702 1734 
1546 1701 1734 1732 
1546 1701 1732 1700 
527 665 664 666 
527 665 666 702 
527 665 702 700 
527 665 700 664 
665 810 809 811 
665 810 811 848 
665 810 848 846 
665 810 846 809 
810 958 957 959 
810 958 959 996 
810 958 996 994 
810 958 994 957 
958 1105 1104 1106 
958 1105 1106 1143 
958 1105 1143 1141 
958 1105 1141 1104 
1105 1251 1250 1252 
1105 1251 1252 1288 
1105 1251 1288 1286 
1105 1251 1286 1250 
1251 1399 1398 1400 
1251 1399 1400 1437 
1251 1399 1437 1435 
1251 1399 1435 1398 
1399 1548 1547 1549 
1399 1548 1549 1585 
1399 1548 1585 1583 
1399 1548 1583 1547 
1548 1703 1704 1736 
1548 1703 1736 1734 
1548 1703 1734 1702 
667 812 811 813 
667 812 813 850 
667 812 850 848 
667 812 848 811 
812 960 959 961 
812 960 961 998 
812 960 998 996 
812 960 996 959 
960 1107 1106 1108 
960 1107 1108 1145 
960 1107 1145 1143 
960 1107 1143 1106 
1107 1253 1252 1254 
1107 1253 1254 1290 
1107 1253 1290 1288 
1107 1253 1288 1252 
1253 1401 1400 1402 
1253 1401 1402 1439 
1253 1401 1439 1437 
1253 1401 1437 1400 
1401 1550 1549 1551 
1401 1550 1551 1587 
1401 1550 1587 1585 
1401 1550 1585 1549 
814 962 961 963 
814 962 963 1000 
814 962 1000 998 
814 962 998 961 
962 1109 1108 1110 
962 1109 1110 1147 
962 1109 1147 1145 
962 1109 1145 1108 
1109 1255 1254 1256 
1109 1255 1256 1292 
1109 1255 1292 1290 
1109 1255 1290 1254 
1255 1403 1402 1404 
1255 1403 1404 1441 
1255 1403 1441 1439 
1255 1403 1439 1402 
1403 1552 1551 1553 
1403 1552 1553 1589 
1403 1552 1589 1587 
1403 1552 1587 1551 
964 1111 1110 1112 
964 1111 1112 1149 
964 1111 1149 1147 
964 1111 1147 1110 
1111 1257 1256 1258 
1111 1257 1258 1294 
1111 1257 1294 1292 
1111 1257 1292 1256 
1257 1405 1404 1406 
1257 1405 1406 1443 
1257 1405 1443 1441 
1257 1405 1441 1404 
965 1113 1112 1114 
965 1113 1114 1151 
965 1113 1151 1149 
965 1113 1149 1112 
1113 1259 1258 1260 
1113 1259 1260 1296 
1113 1259 1296 1294 
1113 1259 1294 1258 
1259 1407 1406 1408 
1259 1407 1408 1445 
1259 1407 1445 1443 
1259 1407 1443 1406 
1115 1261 1260 1262 
1115 1261 1262 1298 
1115 1261 1298 1296 
1115 1261 1296 1260 
1120 1265 1266 1302 
1120 1265 1302 1301 
827 975 976 1010 
827 975 1010 1008 
975 1122 1121 1123 
975 1122 1123 1158 
975 1122 1158 1156 
975 1122 1156 1121 
1122 1267 1266 1268 
1122 1267 1268 1304 
1122 1267 1304 1302 
1122 1267 1302 1266 
1267 1416 1415 1417 
1267 1416 1417 1454 
1267 1416 1454 1453 
1267 1416 1453 1415 
683 829 828 830 
683 829 830 858 
683 829 857 828 
829 977 976 978 
829 977 978 1012 
829 977 1012 1010 
829 977 1010 976 
977 1124 1123 1125 
977 1124 1125 1160 
977 1124 1160 1158 
977 1124 1158 1123 
1124 1269 1268 1270 
1124 1269 1270 1306 
1124 1269 1306 1304 
1124 1269 1304 1268 
1269 1418 1417 1419 
1269 1418 1419 1456 
1269 1418 1456 1454 
1269 1418 1454 1417 
545 685 684 686 
545 685 686 704 
685 831 830 832 
685 831 832 859 
685 831 858 830 
831 979 978 980 
831 979 980 1014 
831 979 1014 1012 
831 979 1012 978 
979 1126 1125 1127 
979 1126 1127 1162 
979 1126 1162 1160 
979 1126 1160 1125 
1126 1271 1270 1272 
1126 1271 1272 1308 
1126 1271 1308 1306 
1126 1271 1306 1270 
1271 1420 1419 1421 
1271 1420 1421 1458 
1271 1420 1458 1456 
1271 1420 1456 1419 
1420 1568 1567 1569 
1420 1568 1569 1606 
1420 1568 1606 1604 
1420 1568 1604 1567 
547 687 686 688 
547 687 688 705 
547 687 704 686 
687 833 832 834 
687 833 834 860 
687 833 859 832 
833 981 980 982 
833 981 982 1016 
833 981 1016 1014 
833 981 1014 980 
981 1128 1127 1129 
981 1128 1129 1164 
981 1128 1164 1162 
981 1128 1162 1127 
1128 1273 1272 1274 
1128 1273 1274 1310 
1128 1273 1310 1308 
1128 1273 1308 1272 
1273 1422 1421 1423 
1273 1422 1423 1460 
1273 1422 1460 1458 
1273 1422 1458 1421 
1422 1570 1569 1571 
1422 1570 1571 1608 
1422 1570 1608 1606 
1422 1570 1606 1569 
1570 1721 1720 1722 
1570 1721 1722 1760 
1570 1721 1760 1758 
1570 1721 1758 1720 
549 689 688 690 
549 689 690 706 
549 689 705 688 
689 835 834 836 
689 835 836 861 
689 835 860 834 
835 983 982 984 
835 983 984 1018 
835 983 1018 1016 
835 983 1016 982 
983 1130 1129 1131 
983 1130 1131 1166 
983 1130 1166 1164 
983 1130 1164 1129 
1130 1275 1274 1276 
1130 1275 1276 1312 
1130 1275 1312 1310 
1130 1275 1310 1274 
1275 1424 1423 1425 
1275 1424 1425 1462 
1275 1424 1462 1460 
1275 1424 1460 1423 
1424 1572 1571 1573 
1424 1572 1573 1610 
1424 1572 1610 1608 
1424 1572 1608 1571 
1572 1723 1722 1724 
1572 1723 1724 1762 
1572 1723 1762 1760 
1572 1723 1760 1722 
1723 1875 1874 1876 
1723 1875 1876 1914 
1723 1875 1914 1913 
1723 1875 1913 1874 
551 691 690 692 
551 691 692 707 
551 691 706 690 
691 837 836 838 
691 837 838 863 
691 837 863 861 
691 837 861 836 
837 985 984 986 
837 985 986 1020 
837 985 1020 1018 
837 985 1018 984 
985 1132 1131 1133 
985 1132 1133 1168 
985 1132 1168 1166 
985 1132 1166 1131 
1132 1277 1276 1278 
1132 1277 1278 1314 
1132 1277 1314 1312 
1132 1277 1312 1276 
1277 1426 1425 1427 
1277 1426 1427 1464 
1277 1426 1464 1462 
1277 1426 1462 1425 
1426 1574 1573 1575 
1426 1574 1575 1612 
1426 1574 1612 1610 
1426 1574 1610 1573 
1574 1725 1724 1726 
1574 1725 1726 1764 
1574 1725 1764 1762 
1574 1725 1762 1724 
1725 1877 1876 1878 
1725 1877 1878 1916 
1725 1877 1916 1914 
1725 1877 1914 1876 
422 553 552 554 
422 553 554 560 
553 693 692 694 
553 693 694 708 
553 693 707 692 
693 839 838 840 
693 839 840 865 
693 839 865 863 
693 839 863 838 
839 987 986 988 
839 987 988 1022 
839 987 1022 1020 
839 987 1020 986 
987 1134 1133 1135 
987 1134 1135 1170 
987 1134 1170 1168 
987 1134 1168 1133 
1134 1279 1278 1280 
1134 1279 1280 1316 
1134 1279 1316 1314 
1134 1279 1314 1278 
1279 1428 1427 1429 
1279 1428 1429 1466 
1279 1428 1466 1464 
1279 1428 1464 1427 
1428 1576 1575 1577 
1428 1576 1577 1614 
1428 1576 1614 1612 
1428 1576 1612 1575 
1576 1727 1726 1728 
1576 1727 1728 1766 
1576 1727 1766 1764 
1576 1727 1764 1726 
1727 1879 1878 1880 
1727 1879 1880 1918 
1727 1879 1918 1916 
1727 1879 1916 1878 
1879 2029 2028 2030 
1879 2029 2030 2066 
1879 2029 2066 2065 
1879 2029 2065 2028 
424 555 554 556 
424 555 556 561 
424 555 560 554 
555 695 694 696 
555 695 696 709 
555 695 708 694 
695 841 840 842 
695 841 842 867 
695 841 867 865 
695 841 865 840 
841 989 988 990 
841 989 990 1024 
841 989 1024 1022 
841 989 1022 988 
989 1136 1135 1137 
989 1136 1137 1172 
989 1136 1172 1170 
989 1136 1170 1135 
1136 1281 1280 1282 
1136 1281 1282 1318 
1136 1281 1318 1316 
1136 1281 1316 1280 
1281 1430 1429 1431 
1281 1430 1431 1468 
1281 1430 1468 1466 
1281 1430 1466 1429 
1430 1578 1577 1579 
1430 1578 1579 1616 
1430 1578 1616 1614 
1430 1578 1614 1577 
1578 1729 1728 1730 
1578 1729 1730 1768 
1578 1729 1768 1766 
1578 1729 1766 1728 
1729 1881 1880 1882 
1729 1881 1882 1920 
1729 1881 1920 1918 
1729 1881 1918 1880 
426 557 556 558 
426 557 561 556 
557 697 696 698 
557 697 698 710 
557 697 709 696 
697 843 842 844 
697 843 844 869 
697 843 869 867 
697 843 867 842 
843 991 990 992 
843 991 992 1026 
843 991 1026 1024 
843 991 1024 990 
991 1138 1137 1139 
991 1138 1139 1174 
991 1138 1174 1172 
991 1138 1172 1137 
1138 1283 1282 1284 
1138 1283 1284 1320 
1138 1283 1320 1318 
1138 1283 1318 1282 
1283 1432 1431 1433 
1283 1432 1433 1470 
1283 1432 1470 1468 
1283 1432 1468 1431 
1432 1580 1579 1581 
1432 1580 1581 1618 
1432 1580 1618 1616 
1432 1580 1616 1579 
1580 1731 1730 1732 
1580 1731 1732 1770 
1580 1731 1770 1768 
1580 1731 1768 1730 
1731 1883 1882 1884 
1731 1883 1884 1922 
1731 1883 1922 1920 
1731 1883 1920 1882 
559 699 698 700 
559 699 700 712 
559 699 712 710 
559 699 710 698 
699 845 844 846 
699 845 846 871 
699 845 871 869 
699 845 869 844 
845 993 992 994 
845 993 994 1028 
845 993 1028 1026 
845 993 1026 992 
993 1140 1139 1141 
993 1140 1141 1176 
993 1140 1176 1174 
993 1140 1174 1139 
1140 1285 1284 1286 
1140 1285 1286 1322 
1140 1285 1322 1320 
1140 1285 1320 1284 
1285 1434 1433 1435 
1285 1434 1435 1472 
1285 1434 1472 1470 
1285 1434 1470 1433 
1434 1582 1581 1583 
1434 1582 1583 1620 
1434 1582 1620 1618 
1434 1582 1618 1581 
1582 1733 1732 1734 
1582 1733 1734 1772 
1582 1733 1772 1770 
1582 1733 1770 1732 
701 847 846 848 
701 847 848 873 
701 847 873 871 
701 847 871 846 
847 995 994 996 
847 995 996 1030 
847 995 1030 1028 
847 995 1028 994 
995 1142 1141 1143 
995 1142 1143 1178 
995 1142 1178 1176 
995 1142 1176 1141 
1142 1287 1286 1288 
1142 1287 1288 1324 
1142 1287 1324 1322 
1142 1287 1322 1286 
1287 1436 1435 1437 
1287 1436 1437 1474 
1287 1436 1474 1472 
1287 1436 1472 1435 
1436 1584 1583 1585 
1436 1584 1585 1622 
1436 1584 1622 1620 
1436 1584 1620 1583 
1584 1735 1734 1736 
1584 1735 1736 1774 
1584 1735 1774 1772 
1584 1735 1772 1734 
703 849 848 850 
703 849 850 875 
703 849 875 873 
703 849 873 848 
849 997 996 998 
849 997 998 1032 
849 997 1032 1030 
849 997 1030 996 
997 1144 1143 1145 
997 1144 1145 1180 
997 1144 1180 1178 
997 1144 1178 1143 
1144 1289 1288 1290 
1144 1289 1290 1326 
1144 1289 1326 1324 
1144 1289 1324 1288 
1289 1438 1437 1439 
1289 1438 1439 1476 
1289 1438 1476 1474 
1289 1438 1474 1437 
1438 1586 1585 1587 
1438 1586 1587 1624 
1438 1586 1624 1622 
1438 1586 1622 1585 
851 999 998 1000 
851 999 1000 1034 
851 999 1034 1032 
851 999 1032 998 
999 1146 1145 1147 
999 1146 1147 1182 
999 1146 1182 1180 
999 1146 1180 1145 
1146 1291 1290 1292 
1146 1291 1292 1328 
1146 1291 1328 1326 
1146 1291 1326 1290 
1291 1440 1439 1441 
1291 1440 1441 1478 
1291 1440 1478 1476 
1291 1440 1476 1439 
1440 1588 1587 1589 
1440 1588 1589 1626 
1440 1588 1626 1624 
1440 1588 1624 1587 
852 1001 1000 1002 
852 1001 1002 1036 
852 1001 1036 1034 
852 1001 1034 1000 
1001 1148 1147 1149 
1001 1148 1149 1184 
1001 1148 1184 1182 
1001 1148 1182 1147 
1148 1293 1292 1294 
1148 1293 1294 1330 
1148 1293 1330 1328 
1148 1293 1328 1292 
1293 1442 1441 1443 
1293 1442 1443 1480 
1293 1442 1480 1478 
1293 1442 1478 1441 
1003 1150 1149 1151 
1003 1150 1151 1186 
1003 1150 1186 1184 
1003 1150 1184 1149 
1150 1295 1294 1296 
1150 1295 1296 1332 
1150 1295 1332 1330 
1150 1295 1330 1294 
1295 1444 1443 1445 
1295 1444 1445 1482 
1295 1444 1482 1480 
1295 1444 1480 1443 
1152 1297 1296 1298 
1152 1297 1298 1334 
1152 1297 1334 1332 
1152 1297 1332 1296 
1157 1303 1302 1304 
1157 1303 1304 1338 
1159 1305 1304 1306 
1159 1305 1338 1304 
1305 1455 1454 1456 
1305 1455 1456 1490 
1307 1457 1456 1458 
1307 1457 1458 1492 
1307 1457 1492 1490 
1307 1457 1490 1456 
1457 1605 1604 1606 
1457 1605 1606 1643 
1457 1605 1643 1642 
1457 1605 1642 1604 
1163 1309 1308 1310 
1163 1309 1310 1339 
1309 1459 1458 1460 
1309 1459 1460 1493 
1309 1459 1492 1458 
1459 1607 1606 1608 
1459 1607 1608 1645 
1459 1607 1645 1643 
1459 1607 1643 1606 
1607 1759 1758 1760 
1607 1759 1760 1798 
1607 1759 1798 1797 
1607 1759 1797 1758 
1165 1311 1310 1312 
1165 1311 1312 1340 
1165 1311 1339 1310 
1311 1461 1460 1462 
1311 1461 1462 1494 
1311 1461 1493 1460 
1461 1609 1608 1610 
1461 1609 1610 1647 
1461 1609 1647 1645 
1461 1609 1645 1608 
1609 1761 1760 1762 
1609 1761 1762 1800 
1609 1761 1800 1798 
1609 1761 1798 1760 
1167 1313 1312 1314 
1167 1313 1314 1341 
1167 1313 1340 1312 
1313 1463 1462 1464 
1313 1463 1464 1495 
1313 1463 1494 1462 
1463 1611 1610 1612 
1463 1611 1612 1649 
1463 1611 1649 1647 
1463 1611 1647 1610 
1611 1763 1762 1764 
1611 1763 1764 1802 
1611 1763 1802 1800 
1611 1763 1800 1762 
1763 1915 1914 1916 
1763 1915 1916 1954 
1763 1915 1954 1952 
1763 1915 1952 1914 
1169 1315 1314 1316 
1169 1315 1316 1342 
1169 1315 1341 1314 
1315 1465 1464 1466 
1315 1465 1466 1497 
1315 1465 1497 1495 
1315 1465 1495 1464 
1465 1613 1612 1614 
1465 1613 1614 1651 
1465 1613 1651 1649 
1465 1613 1649 1612 
1613 1765 1764 1766 
1613 1765 1766 1804 
1613 1765 1804 1802 
1613 1765 1802 1764 
1765 1917 1916 1918 
1765 1917 1918 1956 
1765 1917 1956 1954 
1765 1917 1954 1916 
1171 1317 1316 1318 
1171 1317 1318 1343 
1171 1317 1342 1316 
1317 1467 1466 1468 
1317 1467 1468 1499 
1317 1467 1499 1497 
1317 1467 1497 1466 
1467 1615 1614 1616 
1467 1615 1616 1653 
1467 1615 1653 1651 
1467 1615 1651 1614 
1615 1767 1766 1768 
1615 1767 1768 1806 
1615 1767 1806 1804 
1615 1767 1804 1766 
1767 1919 1918 1920 
1767 1919 1920 1958 
1767 1919 1958 1956 
1767 1919 1956 1918 
1025 1173 1172 1174 
1025 1173 1174 1189 
1173 1319 1318 1320 
1173 1319 1320 1344 
1173 1319 1343 1318 
1319 1469 1468 1470 
1319 1469 1470 1501 
1319 1469 1501 1499 
1319 1469 1499 1468 
1469 1617 1616 1618 
1469 1617 1618 1655 
1469 1617 1655 1653 
1469 1617 1653 1616 
1617 1769 1768 1770 
1617 1769 1770 1808 
1617 1769 1808 1806 
1617 1769 1806 1768 
1769 1921 1920 1922 
1769 1921 1922 1960 
1769 1921 1960 1958 
1769 1921 1958 1920 
1027 1175 1174 1176 
1027 1175 1176 1190 
1027 1175 1189 1174 
1175 1321 1320 1322 
1175 1321 1322 1345 
1175 1321 1344 1320 
1321 1471 1470 1472 
1321 1471 1472 1503 
1321 1471 1503 1501 
1321 1471 1501 1470 
1471 1619 1618 1620 
1471 1619 1620 1657 
1471 1619 1657 1655 
1471 1619 1655 1618 
1619 1771 1770 1772 
1619 1771 1772 1810 
1619 1771 1810 1808 
1619 1771 1808 1770 
1029 1177 1176 1178 
1029 1177 1178 1191 
1029 1177 1190 1176 
1177 1323 1322 1324 
1177 1323 1324 1346 
1177 1323 1345 1322 
1323 1473 1472 1474 
1323 1473 1474 1505 
1323 1473 1505 1503 
1323 1473 1503 1472 
1473 1621 1620 1622 
1473 1621 1622 1659 
1473 1621 1659 1657 
1473 1621 1657 1620 
1621 1773 1772 1774 
1621 1773 1774 1812 
1621 1773 1812 1810 
1621 1773 1810 1772 
874 1031 1030 1032 
874 1031 1032 1038 
1031 1179 1178 1180 
1031 1179 1180 1192 
1031 1179 1191 1178 
1179 1325 1324 1326 
1179 1325 1326 1348 
1179 1325 1348 1346 
1179 1325 1346 1324 
1325 1475 1474 1476 
1325 1475 1476 1507 
1325 1475 1507 1505 
1325 1475 1505 1474 
1475 1623 1622 1624 
1475 1623 1624 1661 
1475 1623 1661 1659 
1475 1623 1659 1622 
876 1033 1032 1034 
876 1033 1038 1032 
1033 1181 1180 1182 
1033 1181 1182 1193 
1033 1181 1192 1180 
1181 1327 1326 1328 
1181 1327 1328 1350 
1181 1327 1350 1348 
1181 1327 1348 1326 
1327 1477 1476 1478 
1327 1477 1478 1509 
1327 1477 1509 1507 
1327 1477 1507 1476 
1035 1183 1182 1184 
1035 1183 1184 1194 
1035 1183 1193 1182 
1183 1329 1328 1330 
1183 1329 1330 1352 
1183 1329 1352 1350 
1183 1329 1350 1328 
1329 1479 1478 1480 
1329 1479 1480 1511 
1329 1479 1511 1509 
1329 1479 1509 1478 
1037 1185 1184 1186 
1037 1185 1186 1196 
1037 1185 1196 1194 
1037 1185 1194 1184 
1185 1331 1330 1332 
1185 1331 1332 1354 
1185 1331 1354 1352 
1185 1331 1352 1330 
1187 1333 1332 1334 
1187 1333 1334 1356 
1187 1333 1356 1354 
1187 1333 1354 1332 
1646 1799 1798 1800 
1646 1799 1800 1836 
1648 1801 1800 1802 
1648 1801 1836 1800 
1801 1953 1952 1954 
1801 1953 1954 1990 
1803 1955 1954 1956 
1803 1955 1956 1991 
1803 1955 1990 1954 
1805 1957 1956 1958 
1805 1957 1958 1993 
1805 1957 1993 1991 
1805 1957 1991 1956 
1656 1809 1808 1810 
1656 1809 1810 1837 
