3
39
-0.597311 15.1961 0.597854 18.1501
1.82873 -0.727512 -7.87218 18.1501
4.25477 29.8948 -9.08219 18.1501
-9.08845 31.1197 4.22787 18.1501
-0.597311 -0.727512 10.2779 18.1501
9.10685 32.3446 9.06789 17.2956
-15.1536 -3.1773 -0.612152 14.9417
15.172 5.39695 3.01787 14.5059
-11.5145 21.3206 -12.7122 12.8183
13.9589 13.9712 -10.2922 12.7638
-11.5145 38.4691 -12.7122 12.5387
17.598 -8.07687 -1.82216 12.2865
-13.9405 7.84674 -11.5022 11.8961
10.3199 15.1961 15.1179 11.8429
-15.1536 10.2965 10.2779 11.6609
-0.597311 15.1961 -18.7622 11.3957
-18.7926 15.1961 -0.612152 11.3287
-0.597311 20.0957 18.7479 11.2087
18.811 21.3206 -0.612152 11.1568
-12.7275 -10.5267 -13.9222 10.9655
15.172 -10.5267 10.2779 10.9655
18.811 39.694 -4.24217 10.6954
-4.23637 40.9189 18.7479 10.0889
-15.1536 -11.7516 12.6979 9.7406
15.172 -11.7516 -13.9222 9.37139
-1.81033 42.1438 -21.1822 8.71663
-3.02335 -12.9764 -21.1822 8.5158
7.89383 -12.9764 -19.9722 8.49318
-21.2187 42.1438 -4.24217 8.33422
-9.08845 12.7463 19.9579 8.05773
9.10685 -12.9764 19.9579 8.0307
16.385 42.1438 -15.1322 7.66432
-15.1536 43.3686 16.3279 7.6392
-3.02335 31.1197 22.378 7.52353
20.024 1.72227 -10.2922 7.46188
10.3199 43.3686 -19.9722 7.46005
-12.7275 20.0957 18.7479 7.31875
-9.08845 -14.2013 19.9579 7.2909
0.615709 -14.2013 22.378 7.2909
-1.78813 15.8282 -0.46661 1.3431
2.11751 -0.311601 -2.89508 6.69344
5.34611 30.3168 -2.67449 9.62582
-12.5498 31.0472 3.20159 12.5392
-2.05614 0.258405 -1.13307 6.929
9.70236 33.0085 4.66263 9.77891
-19.2585 -3.45869 0.699475 11.9055
18.8908 6.74096 -2.30781 4.30988
-14.1243 21.2266 -0.555234 5.49869
18.8573 14.9663 -1.88029 3.34654
-12.5282 38.429 -8.04659 9.65033
19.1574 -7.57923 -3.58661 12.4971
-17.5772 7.61298 -0.443572 5.36397
11.3155 17.1308 -3.43545 3.01146
-23.3719 9.92423 4.38599 6.50741
0.985709 15.7788 3.57492 0.122741
-28.0022 14.1936 2.94489 7.84209
-2.95249 21.383 1.55722 5.5773
24.4222 22.5364 -0.00931594 5.54184
-13.9202 -10.6026 -10.0155 8.01008
16.1518 -9.81271 4.41796 8.15956
20.4789 40.0135 -2.95436 10.9689
-5.50153 41.0742 15.4062 8.53749
-17.2345 -11.7312 9.791 8.83681
15.5057 -11.6758 -12.1543 7.92608
-1.4503 42.2781 -15.3068 6.82248
-2.82229 -12.8761 -16.3501 5.77233
8.29162 -12.859 -15.663 6.30108
-23.7491 41.8366 -3.13735 8.3802
-14.212 13.5853 3.39364 5.00629
9.23817 -12.432 14.1347 4.63852
17.2765 42.3085 -12.8559 7.18063
-17.3376 43.2024 15.1637 7.61469
-5.1258 31.7231 12.7947 5.14613
24.2625 2.48846 -5.90292 5.89155
10.9443 43.5102 -16.1459 6.36261
-19.0731 20.2942 7.71527 4.36977
-10.0939 -13.9266 15.3995 5.99747
0.252381 -13.8065 17.3443 4.52027
0.125048 12.5071 0.873488 18.1501
0.581724 -0.616767 -5.19586 18.1501
8.0031 19.4261 -12.2857 11.966
-2.64534 23.4118 -3.47746 15.5676
-0.862122 -0.79978 10.9395 18.1501
14.6795 23.5168 3.33233 15.141
-15.5718 -3.12835 0.312627 14.7386
13.7638 5.02444 6.2452 13.563
-9.64877 16.4079 -13.6914 9.4892
12.3186 11.4343 -5.85664 11.4624
-2.83039 24.8141 -23.3271 8.7737
16.9277 -8.0257 -0.431572 11.8645
-14.6976 7.16663 -9.27638 11.8292
11.315 13.0074 14.7858 11.2761
-14.4131 9.4883 9.54913 11.0534
-2.53775 13.4158 -13.6512 8.5862
-17.6631 13.2996 -1.54277 10.2982
2.60485 16.9193 15.1193 9.07437
18.9004 16.2364 1.57062 8.04587
-13.2738 -10.3634 -12.7905 11.0157
14.7299 -10.5033 11.1978 10.9773
24.8688 22.711 -10.3341 6.8453
6.30786 32.4503 5.74412 7.02789
-15.1951 -11.7392 12.785 9.75256
14.8585 -11.6725 -13.2763 8.86003
5.96919 24.6903 -30.2638 5.85359
-3.69088 -12.7629 -19.8106 8.19126
7.27277 -12.7865 -18.6954 8.0071
-10.2498 29.4088 -18.3778 7.60295
-7.40988 11.4018 17.9467 7.30909
8.98911 -12.9694 20.2021 8.0022
23.0386 19.1434 -22.406 2.40545
-3.28901 34.7773 1.17849 5.82657
4.17391 25.2115 13.6591 5.68127
18.1388 1.67752 -6.31507 7.17302
17.369 21.4579 -27.8976 3.88206
-9.23637 17.3454 14.4398 5.60666
-9.09385 -14.2004 19.9707 7.29174
0.610294 -14.2005 22.3893 7.29192
