39
-0.597311 15.1961 0.597854 18.1501
1.82873 -0.727512 -7.87218 18.1501
4.25477 29.8948 -9.08219 18.1501
-9.08845 31.1197 4.22787 18.1501
-0.597311 -0.727512 10.2779 18.1501
9.10685 32.3446 9.06789 17.2956
-15.1536 -3.1773 -0.612152 14.9418
15.172 5.39695 3.01787 14.506
-11.5145 21.3206 -12.7122 12.8183
13.9589 13.9712 -10.2922 12.7637
-11.5145 38.4691 -12.7122 12.5387
17.598 -8.07687 -1.82216 12.2865
-13.9405 7.84674 -11.5022 11.8961
10.3199 15.1961 15.1179 11.8429
-15.1536 10.2965 10.2779 11.6609
-0.597311 15.1961 -18.7622 11.3957
-18.7926 15.1961 -0.612152 11.3287
-0.597311 20.0957 18.7479 11.2086
18.811 21.3206 -0.612152 11.1568
-12.7275 -10.5267 -13.9222 10.9655
15.172 -10.5267 10.2779 10.9655
18.811 39.694 -4.24217 10.6954
-4.23637 40.9189 18.7479 10.0889
-15.1536 -11.7516 12.6979 9.74065
15.172 -11.7516 -13.9222 9.37141
-1.81033 42.1438 -21.1822 8.71658
-3.02335 -12.9764 -21.1822 8.51575
7.89383 -12.9764 -19.9722 8.49314
-21.2187 42.1438 -4.24217 8.33426
-9.08845 12.7463 19.9579 8.05769
9.10685 -12.9764 19.9579 8.03067
16.385 42.1438 -15.1322 7.66433
-15.1536 43.3686 16.3279 7.63915
-3.02335 31.1197 22.378 7.52358
20.024 1.72227 -10.2922 7.46186
10.3199 43.3686 -19.9722 7.46003
-12.7275 20.0957 18.7479 7.31871
-9.08845 -14.2013 19.9579 7.29086
0.615709 -14.2013 22.378 7.29086
