3
99
-0.597311 15.1961 0.597854 18.1501
1.82873 -0.727512 -7.87218 18.1501
4.25477 29.8948 -9.08219 18.1501
-9.08845 31.1197 4.22787 18.1501
-0.597311 -0.727512 10.2779 18.1501
9.10685 32.3446 9.06789 17.2956
-15.1536 -3.1773 -0.612152 14.9417
15.172 5.39695 3.01787 14.5059
-11.5145 21.3206 -12.7122 12.8183
13.9589 13.9712 -10.2922 12.7638
-11.5145 38.4691 -12.7122 12.5387
17.598 -8.07687 -1.82216 12.2865
-13.9405 7.84674 -11.5022 11.8961
10.3199 15.1961 15.1179 11.8429
-15.1536 10.2965 10.2779 11.6609
-0.597311 15.1961 -18.7622 11.3957
-18.7926 15.1961 -0.612152 11.3287
-0.597311 20.0957 18.7479 11.2087
18.811 21.3206 -0.612152 11.1568
-12.7275 -10.5267 -13.9222 10.9655
15.172 -10.5267 10.2779 10.9655
18.811 39.694 -4.24217 10.6954
-4.23637 40.9189 18.7479 10.0889
-15.1536 -11.7516 12.6979 9.7406
15.172 -11.7516 -13.9222 9.37139
-1.81033 42.1438 -21.1822 8.71663
-3.02335 -12.9764 -21.1822 8.5158
7.89383 -12.9764 -19.9722 8.49318
-21.2187 42.1438 -4.24217 8.33422
-9.08845 12.7463 19.9579 8.05773
9.10685 -12.9764 19.9579 8.0307
16.385 42.1438 -15.1322 7.66432
-15.1536 43.3686 16.3279 7.6392
-3.02335 31.1197 22.378 7.52353
20.024 1.72227 -10.2922 7.46188
10.3199 43.3686 -19.9722 7.46005
-12.7275 20.0957 18.7479 7.31875
-9.08845 -14.2013 19.9579 7.2909
0.615709 -14.2013 22.378 7.2909
5.46779 43.3686 22.378 6.93327
-22.4317 43.3686 5.43788 6.88626
22.4501 43.3686 5.43788 6.87072
-18.7926 -1.95241 13.9079 6.80944
-22.4317 24.9952 -6.66218 6.57545
-22.4317 -14.2013 6.64788 6.54083
21.2371 16.421 10.2779 6.43914
-10.3015 1.72227 -21.1822 6.40649
-22.4317 33.5695 -7.87218 6.30049
16.385 -1.95241 17.5379 6.22579
-22.4317 -14.2013 -7.87218 6.19227
22.4501 29.8948 -7.87218 6.16267
-6.66241 -15.4262 0.597854 6.066
6.68081 -15.4262 1.80786 6.066
-23.6447 -15.4262 -1.82216 6.06574
15.172 4.17206 18.7479 5.85547
-9.08845 29.8948 -22.3923 5.82184
9.10685 7.84674 -22.3923 5.79802
-5.44939 5.39695 -23.6023 5.75004
13.9589 5.39695 -19.9722 5.61089
-6.66241 -4.40219 -23.6023 5.50099
24.8761 32.3446 1.80786 5.47474
-10.3015 33.5695 22.378 5.44405
17.598 -3.1773 -17.5522 5.44257
10.3199 16.421 -22.3923 5.41246
-10.3015 26.2201 22.378 5.34069
-22.4317 20.0957 10.2779 5.30107
13.9589 45.8184 19.9579 5.18965
20.024 45.8184 13.9079 5.18961
-4.23637 45.8184 -5.45217 5.1894
9.10685 45.8184 -1.82216 5.1894
0.615709 45.8184 -0.612152 5.1894
0.615709 10.2965 24.798 5.16632
-20.0056 -1.95241 -15.1322 5.12395
3.04175 37.2442 24.798 4.99112
-4.23637 33.5695 -24.8123 4.95086
-20.0056 20.0957 15.1179 4.89658
-9.08845 -16.6511 -5.45217 4.8411
-0.597311 -16.6511 0.597854 4.8411
-10.3015 -16.6511 5.43788 4.8411
23.6631 -16.6511 5.43788 4.84057
22.4501 -16.6511 -10.2922 4.84029
-11.5145 12.7463 -22.3923 4.82822
-4.23637 26.2201 -24.8123 4.80246
4.25477 5.39695 -24.8123 4.79175
4.25477 -6.85198 -24.8123 4.78789
22.4501 23.7704 -11.5022 4.75438
-13.9405 5.39695 21.1679 4.63167
-13.9405 -6.85198 21.1679 4.62398
-21.2187 29.8948 -13.9222 4.59715
21.2371 34.7944 -13.9222 4.59358
13.9589 -5.62709 -21.1822 4.5916
-16.3666 -1.95241 -19.9722 4.41527
7.89383 -3.1773 -24.8123 4.32923
-1.81033 -3.1773 -26.0223 4.30772
12.7459 -4.40219 22.378 4.29705
6.68081 7.84674 24.798 4.2931
12.7459 -0.727512 -22.3923 4.24051
-24.8577 6.62185 -6.66218 4.23895
18.811 2.94717 -17.5522 4.23634
-1.78813 15.8282 -0.46661 1.3431
2.11751 -0.311601 -2.89508 6.69344
5.34611 30.3168 -2.67449 9.62582
-12.5498 31.0472 3.20159 12.5392
-2.05614 0.258405 -1.13307 6.929
9.70236 33.0085 4.66263 9.77891
-19.2585 -3.45869 0.699475 11.9055
18.8908 6.74096 -2.30781 4.30988
-14.1243 21.2266 -0.555234 5.49869
18.8573 14.9663 -1.88029 3.34654
-12.5282 38.429 -8.04659 9.65033
19.1574 -7.57923 -3.58661 12.4971
-17.5772 7.61298 -0.443572 5.36397
11.3155 17.1308 -3.43545 3.01146
-23.3719 9.92423 4.38599 6.50741
0.985709 15.7788 3.57492 0.122741
-28.0022 14.1936 2.94489 7.84209
-2.95249 21.383 1.55722 5.5773
24.4222 22.5364 -0.00931594 5.54184
-13.9202 -10.6026 -10.0155 8.01008
16.1518 -9.81271 4.41796 8.15956
20.4789 40.0135 -2.95436 10.9689
-5.50153 41.0742 15.4062 8.53749
-17.2345 -11.7312 9.791 8.83681
15.5057 -11.6758 -12.1543 7.92608
-1.4503 42.2781 -15.3068 6.82248
-2.82229 -12.8761 -16.3501 5.77233
8.29162 -12.859 -15.663 6.30108
-23.7491 41.8366 -3.13735 8.3802
-14.212 13.5853 3.39364 5.00629
9.23817 -12.432 14.1347 4.63852
17.2765 42.3085 -12.8559 7.18063
-17.3376 43.2024 15.1637 7.61469
-5.1258 31.7231 12.7947 5.14613
24.2625 2.48846 -5.90292 5.89155
10.9443 43.5102 -16.1459 6.36261
-19.0731 20.2942 7.71527 4.36977
-10.0939 -13.9266 15.3995 5.99747
0.252381 -13.8065 17.3443 4.52027
5.13263 43.6204 19.1283 5.92368
-25.6567 42.9823 5.54949 6.98696
23.4264 43.568 5.38267 6.86005
-24.3622 -2.15263 8.73253 5.31375
-29.0853 24.2091 -0.722237 5.38422
-24.7818 -14.4374 6.41485 6.72154
25.9725 18.109 1.49571 2.88666
-10.8126 1.87833 -5.49689 3.40099
-26.5816 33.0809 -3.89333 5.996
17.6042 -0.38374 2.42574 3.55489
-24.7303 -14.4827 -6.26407 6.33911
26.7041 30.6362 -4.06877 6.0879
-7.54857 -15.3749 0.157683 6.09955
6.77512 -15.1742 0.0273769 6.14968
-26.1044 -15.73 -0.91718 6.01003
16.4466 6.2543 -1.99679 3.75766
-9.28606 30.0489 -9.41011 3.82703
12.156 8.5378 -4.09004 2.79415
-4.54709 5.82887 -0.873024 3.00653
17.4046 6.08173 -6.92349 3.2527
-6.4163 -4.20209 -11.5733 3.74537
28.4527 33.066 1.98134 5.15114
-13.3561 33.7656 15.8309 4.40562
19.7501 -2.77785 -11.3435 4.14249
13.9029 17.1891 -4.02498 3.22003
-14.7278 26.5933 11.8854 3.4616
-33.8263 18.8776 8.41238 4.14543
13.8878 45.9346 18.561 5.07839
20.0923 45.8307 13.9124 5.18916
-4.82874 45.8273 -3.79428 5.17914
9.36005 45.9375 -1.08897 5.14323
0.146998 45.8725 0.0798096 5.16684
-1.48556 12.4441 -2.72419 0
-23.1073 -2.25368 -7.11389 3.84
2.29481 37.7435 18.2164 3.68845
-3.6744 33.801 -13.35 3.72455
-29.5909 19.393 9.56092 3.4005
-10.0279 -16.6903 -4.671 4.84742
-0.968884 -16.5155 -0.232386 4.87897
-11.2531 -16.6336 4.53721 4.85707
24.7583 -16.2449 3.12292 4.92011
22.8589 -16.5668 -10.228 4.86809
-12.1653 12.9525 -0.588324 2.72459
-3.41541 26.5664 -7.62242 2.86796
6.55922 6.00554 -3.28948 2.47398
5.18616 -6.5909 -14.9975 3.10932
28.2265 24.7271 -4.83904 4.24344
-19.5349 5.8707 7.80207 3.29747
-16.8051 -6.50853 13.1579 3.45827
-24.8096 29.5111 -6.3932 3.67404
23.9964 35.2634 -9.59067 4.38291
15.3489 -5.33327 -13.9256 3.62023
-18.0682 -2.03927 -9.45488 2.7999
9.38475 -2.81082 -12.963 2.78986
-0.908579 -2.86559 -11.8886 2.78003
13.0486 -2.87294 5.74906 3.41183
5.9585 10.5015 -6.49434 0
14.8933 -0.273011 -11.3139 2.91828
-32.8321 5.64735 -0.208041 3.44902
22.6082 3.62025 -8.87254 3.00764
0.125048 12.5071 0.873488 18.1501
0.581724 -0.616767 -5.19586 18.1501
8.0031 19.4261 -12.2857 11.966
-2.64534 23.4118 -3.47746 15.5676
-0.862122 -0.79978 10.9395 18.1501
14.6795 23.5168 3.33233 15.141
-15.5718 -3.12835 0.312627 14.7386
13.7638 5.02444 6.2452 13.563
-9.64877 16.4079 -13.6914 9.4892
12.3186 11.4343 -5.85664 11.4624
-2.83039 24.8141 -23.3271 8.7737
16.9277 -8.0257 -0.431572 11.8645
-14.6976 7.16663 -9.27638 11.8292
11.315 13.0074 14.7858 11.2761
-14.4131 9.4883 9.54913 11.0534
-2.53775 13.4158 -13.6512 8.5862
-17.6631 13.2996 -1.54277 10.2982
2.60485 16.9193 15.1193 9.07437
18.9004 16.2364 1.57062 8.04587
-13.2738 -10.3634 -12.7905 11.0157
14.7299 -10.5033 11.1978 10.9773
24.8688 22.711 -10.3341 6.8453
6.30786 32.4503 5.74412 7.02789
-15.1951 -11.7392 12.785 9.75256
14.8585 -11.6725 -13.2763 8.86003
5.96919 24.6903 -30.2638 5.85359
-3.69088 -12.7629 -19.8106 8.19126
7.27277 -12.7865 -18.6954 8.0071
-10.2498 29.4088 -18.3778 7.60295
-7.40988 11.4018 17.9467 7.30909
8.98911 -12.9694 20.2021 8.0022
23.0386 19.1434 -22.406 2.40545
-3.28901 34.7773 1.17849 5.82657
4.17391 25.2115 13.6591 5.68127
18.1388 1.67752 -6.31507 7.17302
17.369 21.4579 -27.8976 3.88206
-9.23637 17.3454 14.4398 5.60666
-9.09385 -14.2004 19.9707 7.29174
0.610294 -14.2005 22.3893 7.29192
15.5775 33.7168 10.4962 6.24368
-11.3931 32.7965 -8.7907 6.40121
29.9248 28.3443 -2.26024 6.33405
-18.7868 -1.97665 13.9625 6.69929
-18.1203 19.1164 -11.666 5.99169
-22.4883 -14.1831 6.76416 6.5154
21.0597 13.9329 12.3385 6.47129
-12.2293 2.14243 -17.0734 6.14414
-14.5757 23.6244 -17.6944 5.94681
15.8566 -2.00924 18.6995 6.23814
-22.6296 -14.1395 -7.46361 6.18923
24.9339 18.3224 -8.9065 3.02627
-6.84684 -15.3725 0.977219 6.08556
6.46467 -15.3915 2.25449 6.07844
-23.7611 -15.3887 -1.58289 6.08255
14.7967 3.82008 19.8211 5.80668
-4.84328 19.9973 -26.4115 3.00166
6.44262 7.48798 -16.5815 5.49028
-8.41608 6.24719 -17.4288 5.25098
11.6437 5.096 -14.9637 5.4982
-8.28372 -3.8905 -20.264 5.44794
28.654 21.4095 -0.930598 3.91314
-1.66284 27.4294 11.5456 3.99339
16.2517 -3.04808 -14.7368 5.14702
8.59022 13.0853 -17.5523 4.77435
-4.55464 21.92 15.242 3.89275
-19.6915 17.6362 6.84766 4.03825
23.5205 34.2626 9.39886 4.82635
28.9956 32.6497 4.50299 4.74114
5.32096 30.4366 -17.117 4.54507
17.2328 28.7013 -10.9781 4.28199
9.69261 31.0519 -11.3923 4.45887
1.68866 9.36501 23.5527 4.8154
-20.8767 -1.84624 -13.2059 5.07154
11.8905 29.3963 14.2924 4.30968
0.798676 20.963 -29.8799 2.70658
-16.8579 17.5862 11.1519 3.79527
-9.28992 -16.5874 -5.03815 4.86012
-0.77918 -16.6042 0.972363 4.85289
-10.3861 -16.6253 5.61179 4.84882
23.2428 -16.6294 6.30985 4.84444
22.2843 -16.6372 -9.94844 4.84887
-13.1419 11.7384 -18.0676 4.22546
-2.22687 18.2478 -25.4221 1.93284
1.21918 6.01336 -18.4889 4.50706
2.85048 -6.42999 -21.9238 4.46769
22.6151 16.1098 -9.25168 2.65473
-13.3243 4.98085 20.4152 4.4176
-13.9089 -6.87196 21.1377 4.58254
-15.1508 20.9578 -21.0788 4.60023
25.347 18.1706 -17.3843 1.87374
12.725 -5.36134 -18.6279 4.40568
-17.5928 -1.71154 -17.3312 4.28714
6.11646 -2.71976 -21.1413 4.15025
-3.75017 -2.56342 -22.0356 4.16244
12.4984 -4.41036 22.9077 4.27381
7.11841 7.3066 24.399 4.11464
10.8896 -0.46057 -18.5142 4.0994
-25.1204 6.19167 -5.71938 4.19459
16.7822 2.76558 -13.2157 4.13191
