3
0.332793 0.650837 0.761075 0.918175 0.831385
14
0 0 0 1 0 0 0
0 0 0 1 0 0 0
0 0 0 1 0 0 0
0 0 0 1 0 0 0
0 0 0 1 0 0 0
0 0 0 1 0 0 0
0 0 0 1 0 0 0
0 0 0 1 0 0 0
0 0 0 1 0 0 0
0 0 0 1 0 0 0
0 0 0 1 0 0 0
0 0 0 1 0 0 0
0 0 0 1 0 0 0
0 0 0 1 0 0 0
0.631041 0.568445 0.836556 0.717787 0.694633
14
0.508176 0.336409 -0.207104 1 0 0 0
-0.601941 0.156134 -0.133523 1 0 0 0
-0.877708 0.220143 0.190437 1 0 0 0
0 0 0 1 0 0 0
0 0 0 1 0 0 0
0.332074 -0.0971074 -0.138551 1 0 0 0
-0.342672 0.0821302 0.206538 1 0 0 0
0 0 0 1 0 0 0
-0.136024 -0.00954093 -0.0523286 1 0 0 0
-0.70463 0.297558 0.0956751 1 0 0 0
-0.561256 0.130644 -0.177411 1 0 0 0
0.151959 -0.0327944 0.0538492 1 0 0 0
0.0601685 0.00644258 -0.0227452 1 0 0 0
-0.0397797 -0.00747979 0.0202435 1 0 0 0
0.211828 0.765345 0.974904 0.803512 0.671082
14
0.752159 0.281495 -0.308774 1 0 0 0
-0.601941 0.156134 -0.133523 1 0 0 0
-0.877708 0.220143 0.190437 1 0 0 0
0.155246 -0.0966129 0.134356 1 0 0 0
-0.200826 0.156628 -0.252241 1 0 0 0
-0.0101605 0.228457 -0.673449 1 0 0 0
-0.836782 0.180113 0.395022 1 0 0 0
0.22109 0.212422 -0.139307 1 0 0 0
-1.06258 -0.0105068 0.0389725 1 0 0 0
-1.51522 0.323406 0.266549 1 0 0 0
-0.783487 0.397871 -0.0483889 1 0 0 0
-0.332628 0.393225 0.402344 1 0 0 0
0.508186 0.0713062 -0.259162 1 0 0 0
-0.0670176 -0.0221337 0.221467 1 0 0 0
0
