1683
943 944 946 1076 
943 944 1076 1070 
945 947 946 954 
945 947 954 1088 
945 947 1088 1076 
945 947 1076 946 
1062 1063 1066 1211 
1062 1063 1211 1203 
1065 1067 1223 1211 
1065 1067 1211 1066 
1067 1069 1068 1074 
1067 1069 1074 1225 
1067 1069 1225 1213 
1067 1069 1213 1068 
1069 1071 1070 1076 
1069 1071 1076 1227 
1069 1071 1227 1215 
1069 1071 1215 1070 
1071 1072 1078 1229 
1071 1072 1229 1217 
1073 1075 1074 1086 
1073 1075 1086 1238 
1073 1075 1238 1225 
1073 1075 1225 1074 
1075 1077 1076 1088 
1075 1077 1088 1240 
1075 1077 1240 1227 
1075 1077 1227 1076 
1077 1079 1078 1090 
1077 1079 1090 1242 
1077 1079 1242 1229 
1077 1079 1229 1078 
1085 1087 1258 1238 
1085 1087 1238 1086 
1087 1089 1260 1240 
1087 1089 1240 1088 
1198 1199 1201 1347 
1198 1199 1347 1340 
1200 1202 1201 1209 
1200 1202 1209 1361 
1200 1202 1361 1347 
1200 1202 1347 1201 
1202 1204 1203 1211 
1202 1204 1211 1363 
1202 1204 1363 1349 
1202 1204 1349 1203 
1204 1205 1213 1365 
1204 1205 1365 1351 
1205 1206 1215 1367 
1205 1206 1367 1353 
1206 1207 1217 1369 
1206 1207 1369 1355 
1208 1210 1209 1221 
1208 1210 1221 1377 
1208 1210 1377 1361 
1208 1210 1361 1209 
1210 1212 1211 1223 
1210 1212 1223 1379 
1210 1212 1379 1363 
1210 1212 1363 1211 
1212 1214 1213 1225 
1212 1214 1225 1381 
1212 1214 1381 1365 
1212 1214 1365 1213 
1214 1216 1215 1227 
1214 1216 1227 1383 
1214 1216 1383 1367 
1214 1216 1367 1215 
1216 1218 1217 1229 
1216 1218 1229 1385 
1216 1218 1385 1369 
1216 1218 1369 1217 
1218 1219 1231 1387 
1218 1219 1387 1371 
1220 1222 1391 1377 
1220 1222 1377 1221 
1222 1224 1223 1236 
1222 1224 1236 1393 
1222 1224 1393 1379 
1222 1224 1379 1223 
1224 1226 1225 1238 
1224 1226 1238 1395 
1224 1226 1395 1381 
1224 1226 1381 1225 
1226 1228 1227 1240 
1226 1228 1240 1397 
1226 1228 1397 1383 
1226 1228 1383 1227 
1228 1230 1229 1242 
1228 1230 1242 1399 
1228 1230 1399 1385 
1228 1230 1385 1229 
1230 1232 1401 1387 
1230 1232 1387 1231 
1237 1239 1238 1258 
1237 1239 1258 1412 
1237 1239 1412 1395 
1237 1239 1395 1238 
1239 1241 1240 1260 
1239 1241 1260 1414 
1239 1241 1414 1397 
1239 1241 1397 1240 
1241 1243 1416 1399 
1241 1243 1399 1242 
1259 1261 1414 1260 
1339 1341 1340 1347 
1339 1341 1347 1486 
1341 1342 1349 1488 
1341 1342 1488 1480 
1342 1343 1351 1490 
1342 1343 1490 1482 
1346 1348 1347 1361 
1346 1348 1361 1500 
1346 1348 1500 1486 
1346 1348 1486 1347 
1348 1350 1349 1363 
1348 1350 1363 1502 
1348 1350 1502 1488 
1348 1350 1488 1349 
1350 1352 1351 1365 
1350 1352 1365 1504 
1350 1352 1504 1490 
1350 1352 1490 1351 
1352 1354 1353 1367 
1352 1354 1367 1506 
1352 1354 1506 1492 
1352 1354 1492 1353 
1354 1356 1355 1369 
1354 1356 1369 1508 
1354 1356 1508 1494 
1354 1356 1494 1355 
1358 1360 1359 1375 
1358 1360 1375 1516 
1358 1360 1516 1498 
1358 1360 1498 1359 
1360 1362 1361 1377 
1360 1362 1377 1518 
1360 1362 1518 1500 
1360 1362 1500 1361 
1362 1364 1363 1379 
1362 1364 1379 1520 
1362 1364 1520 1502 
1362 1364 1502 1363 
1364 1366 1365 1381 
1364 1366 1381 1522 
1364 1366 1522 1504 
1364 1366 1504 1365 
1366 1368 1367 1383 
1366 1368 1383 1524 
1366 1368 1524 1506 
1366 1368 1506 1367 
1368 1370 1369 1385 
1368 1370 1385 1526 
1368 1370 1526 1508 
1368 1370 1508 1369 
1370 1372 1371 1387 
1370 1372 1387 1528 
1370 1372 1528 1510 
1370 1372 1510 1371 
1372 1374 1373 1389 
1372 1374 1389 1530 
1372 1374 1530 1512 
1372 1374 1512 1373 
1376 1378 1377 1391 
1376 1378 1391 1535 
1376 1378 1535 1518 
1376 1378 1518 1377 
1378 1380 1379 1393 
1378 1380 1393 1536 
1378 1380 1536 1520 
1378 1380 1520 1379 
1380 1382 1381 1395 
1380 1382 1395 1538 
1380 1382 1538 1522 
1380 1382 1522 1381 
1382 1384 1383 1397 
1382 1384 1397 1540 
1382 1384 1540 1524 
1382 1384 1524 1383 
1384 1386 1385 1399 
1384 1386 1399 1542 
1384 1386 1542 1526 
1384 1386 1526 1385 
1386 1388 1387 1401 
1386 1388 1401 1544 
1386 1388 1544 1528 
1386 1388 1528 1387 
1388 1390 1546 1530 
1388 1390 1530 1389 
1394 1396 1395 1412 
1394 1396 1412 1556 
1394 1396 1556 1538 
1394 1396 1538 1395 
1396 1398 1397 1414 
1396 1398 1414 1557 
1396 1398 1557 1540 
1396 1398 1540 1397 
1398 1400 1399 1416 
1398 1400 1416 1558 
1398 1400 1558 1542 
1398 1400 1542 1399 
1400 1402 1559 1544 
1400 1402 1544 1401 
1415 1417 1558 1416 
1479 1481 1480 1488 
1479 1481 1488 1616 
1479 1481 1616 1606 
1479 1481 1606 1480 
1481 1483 1482 1490 
1481 1483 1490 1618 
1481 1483 1618 1608 
1481 1483 1608 1482 
1483 1484 1492 1620 
1483 1484 1620 1610 
1485 1487 1486 1500 
1485 1487 1500 1630 
1487 1489 1488 1502 
1487 1489 1502 1632 
1487 1489 1632 1616 
1487 1489 1616 1488 
1489 1491 1490 1504 
1489 1491 1504 1634 
1489 1491 1634 1618 
1489 1491 1618 1490 
1491 1493 1492 1506 
1491 1493 1506 1636 
1491 1493 1636 1620 
1491 1493 1620 1492 
1493 1495 1494 1508 
1493 1495 1508 1638 
1493 1495 1638 1622 
1493 1495 1622 1494 
1495 1496 1510 1640 
1495 1496 1640 1624 
1496 1497 1512 1642 
1496 1497 1642 1626 
1499 1501 1500 1518 
1499 1501 1518 1649 
1499 1501 1649 1630 
1499 1501 1630 1500 
1501 1503 1502 1520 
1501 1503 1520 1651 
1501 1503 1651 1632 
1501 1503 1632 1502 
1503 1505 1504 1522 
1503 1505 1522 1653 
1503 1505 1653 1634 
1503 1505 1634 1504 
1505 1507 1506 1524 
1505 1507 1524 1655 
1505 1507 1655 1636 
1505 1507 1636 1506 
1507 1509 1508 1526 
1507 1509 1526 1657 
1507 1509 1657 1638 
1507 1509 1638 1508 
1509 1511 1510 1528 
1509 1511 1528 1659 
1509 1511 1659 1640 
1509 1511 1640 1510 
1511 1513 1512 1530 
1511 1513 1530 1661 
1511 1513 1661 1642 
1511 1513 1642 1512 
1513 1515 1514 1532 
1513 1515 1532 1663 
1513 1515 1663 1644 
1513 1515 1644 1514 
1517 1519 1518 1535 
1517 1519 1649 1518 
1519 1521 1520 1536 
1519 1521 1536 1671 
1519 1521 1671 1651 
1519 1521 1651 1520 
1521 1523 1522 1538 
1521 1523 1538 1672 
1521 1523 1672 1653 
1521 1523 1653 1522 
1523 1525 1524 1540 
1523 1525 1540 1674 
1523 1525 1674 1655 
1523 1525 1655 1524 
1525 1527 1526 1542 
1525 1527 1542 1676 
1525 1527 1676 1657 
1525 1527 1657 1526 
1527 1529 1528 1544 
1527 1529 1544 1678 
1527 1529 1678 1659 
1527 1529 1659 1528 
1529 1531 1530 1546 
1529 1531 1546 1680 
1529 1531 1680 1661 
1529 1531 1661 1530 
1537 1539 1538 1556 
1537 1539 1672 1538 
1539 1541 1540 1557 
1539 1541 1690 1674 
1539 1541 1674 1540 
1541 1543 1542 1558 
1541 1543 1691 1676 
1541 1543 1676 1542 
1543 1545 1544 1559 
1543 1545 1692 1678 
1543 1545 1678 1544 
1545 1547 1693 1680 
1545 1547 1680 1546 
1605 1607 1606 1616 
1605 1607 1616 1733 
1605 1607 1733 1722 
1605 1607 1722 1606 
1607 1609 1608 1618 
1607 1609 1618 1735 
1607 1609 1735 1724 
1607 1609 1724 1608 
1609 1611 1610 1620 
1609 1611 1620 1737 
1609 1611 1737 1726 
1609 1611 1726 1610 
1611 1613 1612 1622 
1611 1613 1622 1739 
1611 1613 1739 1728 
1611 1613 1728 1612 
1615 1617 1616 1632 
1615 1617 1632 1751 
1615 1617 1751 1733 
1615 1617 1733 1616 
1617 1619 1618 1634 
1617 1619 1634 1753 
1617 1619 1753 1735 
1617 1619 1735 1618 
1619 1621 1620 1636 
1619 1621 1636 1755 
1619 1621 1755 1737 
1619 1621 1737 1620 
1621 1623 1622 1638 
1621 1623 1638 1757 
1621 1623 1757 1739 
1621 1623 1739 1622 
1623 1625 1624 1640 
1623 1625 1640 1759 
1623 1625 1759 1741 
1623 1625 1741 1624 
1625 1627 1626 1642 
1625 1627 1642 1761 
1625 1627 1761 1743 
1627 1628 1644 1763 
1627 1628 1763 1745 
1629 1631 1630 1649 
1629 1631 1649 1771 
1629 1631 1771 1749 
1629 1631 1749 1630 
1631 1633 1632 1651 
1631 1633 1651 1773 
1631 1633 1773 1751 
1631 1633 1751 1632 
1633 1635 1634 1653 
1633 1635 1653 1775 
1633 1635 1775 1753 
1633 1635 1753 1634 
1635 1637 1636 1655 
1635 1637 1655 1777 
1635 1637 1777 1755 
1635 1637 1755 1636 
1637 1639 1638 1657 
1637 1639 1657 1779 
1637 1639 1779 1757 
1637 1639 1757 1638 
1639 1641 1640 1659 
1639 1641 1659 1781 
1639 1641 1781 1759 
1639 1641 1759 1640 
1641 1643 1642 1661 
1641 1643 1661 1783 
1641 1643 1783 1761 
1641 1643 1761 1642 
1643 1645 1644 1663 
1643 1645 1663 1785 
1643 1645 1785 1763 
1643 1645 1763 1644 
1645 1647 1787 1765 
1645 1647 1765 1646 
1650 1652 1651 1671 
1650 1652 1793 1773 
1650 1652 1773 1651 
1652 1654 1653 1672 
1652 1654 1672 1794 
1652 1654 1794 1775 
1652 1654 1775 1653 
1654 1656 1655 1674 
1654 1656 1674 1795 
1654 1656 1795 1777 
1654 1656 1777 1655 
1656 1658 1657 1676 
1656 1658 1676 1796 
1656 1658 1796 1779 
1656 1658 1779 1657 
1658 1660 1659 1678 
1658 1660 1678 1797 
1658 1660 1797 1781 
1658 1660 1781 1659 
1660 1662 1661 1680 
1660 1662 1680 1799 
1660 1662 1799 1783 
1660 1662 1783 1661 
1662 1664 1663 1682 
1662 1664 1682 1801 
1662 1664 1801 1785 
1662 1664 1785 1663 
1673 1675 1674 1690 
1673 1675 1795 1674 
1675 1677 1676 1691 
1675 1677 1796 1676 
1677 1679 1678 1692 
1677 1679 1797 1678 
1679 1681 1680 1693 
1679 1681 1810 1799 
1679 1681 1799 1680 
1723 1725 1724 1735 
1723 1725 1735 1823 
1725 1727 1726 1737 
1725 1727 1737 1825 
1727 1729 1728 1739 
1727 1729 1739 1827 
1732 1734 1733 1751 
1732 1734 1751 1840 
1734 1736 1735 1753 
1734 1736 1753 1842 
1734 1736 1842 1823 
1734 1736 1823 1735 
1736 1738 1737 1755 
1736 1738 1755 1844 
1736 1738 1844 1825 
1736 1738 1825 1737 
1738 1740 1739 1757 
1738 1740 1757 1846 
1738 1740 1846 1827 
1738 1740 1827 1739 
1740 1742 1741 1759 
1740 1742 1759 1848 
1740 1742 1848 1829 
1740 1742 1829 1741 
1742 1744 1743 1761 
1742 1744 1761 1850 
1742 1744 1850 1831 
1742 1744 1831 1743 
1744 1746 1745 1763 
1744 1746 1763 1852 
1744 1746 1852 1833 
1744 1746 1833 1745 
1746 1747 1765 1854 
1746 1747 1854 1835 
1747 1748 1767 1856 
1747 1748 1856 1837 
1750 1752 1751 1773 
1750 1752 1773 1862 
1750 1752 1862 1840 
1750 1752 1840 1751 
1752 1754 1753 1775 
1752 1754 1775 1863 
1752 1754 1863 1842 
1752 1754 1842 1753 
1754 1756 1755 1777 
1754 1756 1777 1864 
1754 1756 1864 1844 
1754 1756 1844 1755 
1756 1758 1757 1779 
1756 1758 1779 1866 
1756 1758 1866 1846 
1756 1758 1846 1757 
1758 1760 1759 1781 
1758 1760 1781 1868 
1758 1760 1868 1848 
1758 1760 1848 1759 
1760 1762 1761 1783 
1760 1762 1783 1870 
1760 1762 1870 1850 
1760 1762 1850 1761 
1762 1764 1763 1785 
1762 1764 1785 1872 
1762 1764 1872 1852 
1762 1764 1852 1763 
1764 1766 1765 1787 
1764 1766 1787 1874 
1764 1766 1874 1854 
1764 1766 1854 1765 
1772 1774 1773 1793 
1772 1774 1862 1773 
1774 1776 1775 1794 
1774 1776 1863 1775 
1776 1778 1777 1795 
1776 1778 1864 1777 
1778 1780 1779 1796 
1778 1780 1882 1866 
1778 1780 1866 1779 
1780 1782 1781 1797 
1780 1782 1797 1883 
1780 1782 1883 1868 
1780 1782 1868 1781 
1782 1784 1783 1799 
1782 1784 1799 1884 
1782 1784 1884 1870 
1782 1784 1870 1783 
1784 1786 1785 1801 
1784 1786 1801 1886 
1784 1786 1886 1872 
1784 1786 1872 1785 
1798 1800 1799 1810 
1798 1800 1884 1799 
1800 1802 1895 1886 
1800 1802 1886 1801 
1822 1824 1823 1842 
1822 1824 1842 1901 
1824 1826 1825 1844 
1824 1826 1844 1902 
1832 1834 1833 1852 
1832 1834 1852 1903 
1834 1836 1835 1854 
1834 1836 1854 1904 
1836 1838 1837 1856 
1836 1838 1856 1905 
1841 1843 1842 1863 
1841 1843 1901 1842 
1843 1845 1844 1864 
1843 1845 1902 1844 
1845 1847 1846 1866 
1845 1847 1866 1910 
1847 1849 1848 1868 
1847 1849 1868 1911 
1849 1851 1850 1870 
1849 1851 1870 1912 
1851 1853 1852 1872 
1851 1853 1872 1914 
1851 1853 1903 1852 
1853 1855 1854 1874 
1853 1855 1874 1916 
1853 1855 1904 1854 
1855 1857 1856 1876 
1855 1857 1876 1918 
1855 1857 1918 1905 
1855 1857 1905 1856 
1865 1867 1866 1882 
1865 1867 1910 1866 
1867 1869 1868 1883 
1867 1869 1911 1868 
1869 1871 1870 1884 
1869 1871 1884 1923 
1869 1871 1923 1912 
1869 1871 1912 1870 
1871 1873 1872 1886 
1871 1873 1886 1924 
1871 1873 1924 1914 
1871 1873 1914 1872 
1873 1875 1874 1888 
1873 1875 1888 1926 
1873 1875 1926 1916 
1873 1875 1916 1874 
1915 1917 1916 1926 
1915 1917 1926 1936 
1925 1927 1926 1933 
1925 1927 1936 1926 
943 945 1074 1076 
943 945 1076 946 
944 947 946 1076 
944 947 1076 1078 
944 947 1078 948 
944 947 948 946 
1062 1065 1209 1211 
1062 1065 1211 1066 
1063 1067 1066 1211 
1063 1067 1211 1213 
1067 1073 1223 1225 
1067 1073 1225 1074 
1073 1085 1236 1238 
1073 1085 1238 1086 
1064 1069 1068 1213 
1064 1069 1213 1215 
1064 1069 1215 1070 
1064 1069 1070 1068 
1069 1075 1074 1225 
1069 1075 1225 1227 
1069 1075 1227 1076 
1069 1075 1076 1074 
1075 1087 1086 1238 
1075 1087 1238 1240 
1075 1087 1240 1088 
1075 1087 1088 1086 
1071 1077 1076 1227 
1071 1077 1227 1229 
1071 1077 1229 1078 
1071 1077 1078 1076 
1077 1089 1088 1240 
1077 1089 1240 1242 
1077 1089 1242 1090 
1077 1089 1090 1088 
1072 1079 1078 1229 
1072 1079 1229 1231 
1198 1200 1345 1347 
1198 1200 1347 1201 
1200 1208 1359 1361 
1200 1208 1361 1209 
1208 1220 1375 1377 
1208 1220 1377 1221 
1199 1202 1201 1347 
1199 1202 1347 1349 
1199 1202 1349 1203 
1199 1202 1203 1201 
1202 1210 1209 1361 
1202 1210 1361 1363 
1202 1210 1363 1211 
1202 1210 1211 1209 
1210 1222 1221 1377 
1210 1222 1377 1379 
1210 1222 1379 1223 
1210 1222 1223 1221 
1204 1212 1211 1363 
1204 1212 1363 1365 
1204 1212 1365 1213 
1204 1212 1213 1211 
1212 1224 1223 1379 
1212 1224 1379 1381 
1212 1224 1381 1225 
1212 1224 1225 1223 
1224 1237 1236 1393 
1224 1237 1393 1395 
1224 1237 1395 1238 
1224 1237 1238 1236 
1205 1214 1213 1365 
1205 1214 1365 1367 
1205 1214 1367 1215 
1205 1214 1215 1213 
1214 1226 1225 1381 
1214 1226 1381 1383 
1214 1226 1383 1227 
1214 1226 1227 1225 
1226 1239 1238 1395 
1226 1239 1395 1397 
1226 1239 1397 1240 
1226 1239 1240 1238 
1239 1259 1258 1412 
1239 1259 1412 1414 
1239 1259 1414 1260 
1239 1259 1260 1258 
1206 1216 1215 1367 
1206 1216 1367 1369 
1206 1216 1369 1217 
1206 1216 1217 1215 
1216 1228 1227 1383 
1216 1228 1383 1385 
1216 1228 1385 1229 
1216 1228 1229 1227 
1228 1241 1240 1397 
1228 1241 1397 1399 
1228 1241 1399 1242 
1228 1241 1242 1240 
1241 1261 1260 1414 
1241 1261 1414 1416 
1207 1218 1217 1369 
1207 1218 1369 1371 
1218 1230 1229 1385 
1218 1230 1385 1387 
1218 1230 1387 1231 
1218 1230 1231 1229 
1230 1243 1242 1399 
1230 1243 1399 1401 
1219 1232 1231 1387 
1219 1232 1387 1389 
1339 1346 1486 1347 
1339 1346 1347 1345 
1346 1360 1359 1498 
1346 1360 1498 1500 
1346 1360 1500 1361 
1346 1360 1361 1359 
1360 1376 1375 1516 
1360 1376 1516 1518 
1360 1376 1518 1377 
1360 1376 1377 1375 
1341 1348 1347 1486 
1341 1348 1486 1488 
1341 1348 1488 1349 
1341 1348 1349 1347 
1348 1362 1361 1500 
1348 1362 1500 1502 
1348 1362 1502 1363 
1348 1362 1363 1361 
1362 1378 1377 1518 
1362 1378 1518 1520 
1362 1378 1520 1379 
1362 1378 1379 1377 
1378 1392 1391 1535 
1378 1392 1535 1536 
1378 1392 1536 1393 
1378 1392 1393 1391 
1342 1350 1349 1488 
1342 1350 1488 1490 
1342 1350 1490 1351 
1342 1350 1351 1349 
1350 1364 1363 1502 
1350 1364 1502 1504 
1350 1364 1504 1365 
1350 1364 1365 1363 
1364 1380 1379 1520 
1364 1380 1520 1522 
1364 1380 1522 1381 
1364 1380 1381 1379 
1380 1394 1393 1536 
1380 1394 1536 1538 
1380 1394 1538 1395 
1380 1394 1395 1393 
1343 1352 1351 1490 
1343 1352 1490 1492 
1343 1352 1492 1353 
1343 1352 1353 1351 
1352 1366 1365 1504 
1352 1366 1504 1506 
1352 1366 1506 1367 
1352 1366 1367 1365 
1366 1382 1381 1522 
1366 1382 1522 1524 
1366 1382 1524 1383 
1366 1382 1383 1381 
1382 1396 1395 1538 
1382 1396 1538 1540 
1382 1396 1540 1397 
1382 1396 1397 1395 
1396 1413 1412 1556 
1396 1413 1556 1557 
1396 1413 1557 1414 
1396 1413 1414 1412 
1344 1354 1353 1492 
1344 1354 1492 1494 
1344 1354 1494 1355 
1344 1354 1355 1353 
1354 1368 1367 1506 
1354 1368 1506 1508 
1354 1368 1508 1369 
1354 1368 1369 1367 
1368 1384 1383 1524 
1368 1384 1524 1526 
1368 1384 1526 1385 
1368 1384 1385 1383 
1384 1398 1397 1540 
1384 1398 1540 1542 
1384 1398 1542 1399 
1384 1398 1399 1397 
1398 1415 1414 1557 
1398 1415 1557 1558 
1398 1415 1558 1416 
1398 1415 1416 1414 
1356 1370 1369 1508 
1356 1370 1508 1510 
1356 1370 1510 1371 
1356 1370 1371 1369 
1370 1386 1385 1526 
1370 1386 1526 1528 
1370 1386 1528 1387 
1370 1386 1387 1385 
1386 1400 1399 1542 
1386 1400 1542 1544 
1386 1400 1544 1401 
1386 1400 1401 1399 
1400 1417 1416 1558 
1400 1417 1558 1559 
1357 1372 1371 1510 
1357 1372 1510 1512 
1357 1372 1512 1373 
1357 1372 1373 1371 
1372 1388 1387 1528 
1372 1388 1528 1530 
1372 1388 1530 1389 
1372 1388 1389 1387 
1388 1402 1401 1544 
1388 1402 1544 1546 
1374 1390 1389 1530 
1374 1390 1530 1532 
1485 1499 1630 1500 
1485 1499 1500 1498 
1499 1517 1649 1518 
1499 1517 1518 1516 
1479 1487 1614 1616 
1479 1487 1616 1488 
1479 1487 1488 1486 
1487 1501 1500 1630 
1487 1501 1630 1632 
1487 1501 1632 1502 
1487 1501 1502 1500 
1501 1519 1518 1649 
1501 1519 1649 1651 
1501 1519 1651 1520 
1501 1519 1520 1518 
1478 1481 1480 1606 
1478 1481 1606 1608 
1478 1481 1608 1482 
1478 1481 1482 1480 
1481 1489 1488 1616 
1481 1489 1616 1618 
1481 1489 1618 1490 
1481 1489 1490 1488 
1489 1503 1502 1632 
1489 1503 1632 1634 
1489 1503 1634 1504 
1489 1503 1504 1502 
1503 1521 1520 1651 
1503 1521 1651 1653 
1503 1521 1653 1522 
1503 1521 1522 1520 
1521 1537 1536 1671 
1521 1537 1671 1672 
1521 1537 1672 1538 
1521 1537 1538 1536 
1483 1491 1490 1618 
1483 1491 1618 1620 
1483 1491 1620 1492 
1483 1491 1492 1490 
1491 1505 1504 1634 
1491 1505 1634 1636 
1491 1505 1636 1506 
1491 1505 1506 1504 
1505 1523 1522 1653 
1505 1523 1653 1655 
1505 1523 1655 1524 
1505 1523 1524 1522 
1523 1539 1538 1672 
1523 1539 1672 1674 
1523 1539 1674 1540 
1523 1539 1540 1538 
1484 1493 1492 1620 
1484 1493 1620 1622 
1484 1493 1622 1494 
1484 1493 1494 1492 
1493 1507 1506 1636 
1493 1507 1636 1638 
1493 1507 1638 1508 
1493 1507 1508 1506 
1507 1525 1524 1655 
1507 1525 1655 1657 
1507 1525 1657 1526 
1507 1525 1526 1524 
1525 1541 1540 1674 
1525 1541 1674 1676 
1525 1541 1676 1542 
1525 1541 1542 1540 
1495 1509 1508 1638 
1495 1509 1638 1640 
1495 1509 1640 1510 
1495 1509 1510 1508 
1509 1527 1526 1657 
1509 1527 1657 1659 
1509 1527 1659 1528 
1509 1527 1528 1526 
1527 1543 1542 1676 
1527 1543 1676 1678 
1527 1543 1678 1544 
1527 1543 1544 1542 
1496 1511 1510 1640 
1496 1511 1640 1642 
1496 1511 1642 1512 
1496 1511 1512 1510 
1511 1529 1528 1659 
1511 1529 1659 1661 
1511 1529 1661 1530 
1511 1529 1530 1528 
1529 1545 1544 1678 
1529 1545 1678 1680 
1529 1545 1680 1546 
1529 1545 1546 1544 
1497 1513 1512 1642 
1497 1513 1642 1644 
1497 1513 1644 1514 
1497 1513 1514 1512 
1513 1531 1530 1661 
1513 1531 1661 1663 
1513 1531 1663 1532 
1513 1531 1532 1530 
1531 1547 1546 1680 
1531 1547 1680 1682 
1605 1615 1733 1616 
1605 1615 1616 1614 
1615 1631 1630 1749 
1615 1631 1749 1751 
1615 1631 1751 1632 
1615 1631 1632 1630 
1631 1650 1649 1771 
1631 1650 1771 1773 
1631 1650 1773 1651 
1631 1650 1651 1649 
1602 1607 1606 1722 
1602 1607 1722 1724 
1602 1607 1724 1608 
1602 1607 1608 1606 
1607 1617 1616 1733 
1607 1617 1733 1735 
1607 1617 1735 1618 
1607 1617 1618 1616 
1617 1633 1632 1751 
1617 1633 1751 1753 
1617 1633 1753 1634 
1617 1633 1634 1632 
1633 1652 1651 1773 
1633 1652 1773 1775 
1633 1652 1775 1653 
1633 1652 1653 1651 
1603 1609 1608 1724 
1603 1609 1724 1726 
1603 1609 1726 1610 
1603 1609 1610 1608 
1609 1619 1618 1735 
1609 1619 1735 1737 
1609 1619 1737 1620 
1609 1619 1620 1618 
1619 1635 1634 1753 
1619 1635 1753 1755 
1619 1635 1755 1636 
1619 1635 1636 1634 
1635 1654 1653 1775 
1635 1654 1775 1777 
1635 1654 1777 1655 
1635 1654 1655 1653 
1654 1673 1672 1794 
1654 1673 1794 1795 
1654 1673 1795 1674 
1654 1673 1674 1672 
1604 1611 1610 1726 
1604 1611 1726 1728 
1604 1611 1728 1612 
1604 1611 1612 1610 
1611 1621 1620 1737 
1611 1621 1737 1739 
1611 1621 1739 1622 
1611 1621 1622 1620 
1621 1637 1636 1755 
1621 1637 1755 1757 
1621 1637 1757 1638 
1621 1637 1638 1636 
1637 1656 1655 1777 
1637 1656 1777 1779 
1637 1656 1779 1657 
1637 1656 1657 1655 
1656 1675 1674 1795 
1656 1675 1795 1796 
1656 1675 1796 1676 
1656 1675 1676 1674 
1613 1623 1622 1739 
1613 1623 1739 1741 
1613 1623 1741 1624 
1613 1623 1624 1622 
1623 1639 1638 1757 
1623 1639 1757 1759 
1623 1639 1759 1640 
1623 1639 1640 1638 
1639 1658 1657 1779 
1639 1658 1779 1781 
1639 1658 1781 1659 
1639 1658 1659 1657 
1658 1677 1676 1796 
1658 1677 1796 1797 
1658 1677 1797 1678 
1658 1677 1678 1676 
1625 1641 1640 1759 
1625 1641 1759 1761 
1625 1641 1761 1642 
1625 1641 1642 1640 
1641 1660 1659 1781 
1641 1660 1781 1783 
1641 1660 1783 1661 
1641 1660 1661 1659 
1660 1679 1678 1797 
1660 1679 1797 1799 
1660 1679 1799 1680 
1660 1679 1680 1678 
1627 1643 1642 1761 
1627 1643 1761 1763 
1627 1643 1763 1644 
1627 1643 1644 1642 
1643 1662 1661 1783 
1643 1662 1783 1785 
1643 1662 1785 1663 
1643 1662 1663 1661 
1662 1681 1680 1799 
1662 1681 1799 1801 
1662 1681 1801 1682 
1662 1681 1682 1680 
1628 1645 1644 1763 
1628 1645 1763 1765 
1628 1645 1765 1646 
1628 1645 1646 1644 
1645 1664 1663 1785 
1645 1664 1785 1787 
1732 1750 1840 1751 
1732 1750 1751 1749 
1750 1772 1862 1773 
1750 1772 1773 1771 
1723 1734 1823 1735 
1723 1734 1735 1733 
1734 1752 1751 1840 
1734 1752 1840 1842 
1734 1752 1842 1753 
1734 1752 1753 1751 
1752 1774 1773 1862 
1752 1774 1862 1863 
1752 1774 1863 1775 
1752 1774 1775 1773 
1725 1736 1735 1823 
1725 1736 1825 1737 
1725 1736 1737 1735 
1736 1754 1753 1842 
1736 1754 1842 1844 
1736 1754 1844 1755 
1736 1754 1755 1753 
1754 1776 1775 1863 
1754 1776 1863 1864 
1754 1776 1864 1777 
1754 1776 1777 1775 
1727 1738 1737 1825 
1727 1738 1827 1739 
1727 1738 1739 1737 
1738 1756 1755 1844 
1738 1756 1844 1846 
1738 1756 1846 1757 
1738 1756 1757 1755 
1756 1778 1777 1864 
1756 1778 1864 1866 
1756 1778 1866 1779 
1756 1778 1779 1777 
1729 1740 1739 1827 
1729 1740 1827 1829 
1729 1740 1829 1741 
1729 1740 1741 1739 
1740 1758 1757 1846 
1740 1758 1846 1848 
1740 1758 1848 1759 
1740 1758 1759 1757 
1758 1780 1779 1866 
1758 1780 1866 1868 
1758 1780 1868 1781 
1758 1780 1781 1779 
1730 1742 1741 1829 
1730 1742 1829 1831 
1730 1742 1831 1743 
1730 1742 1743 1741 
1742 1760 1759 1848 
1742 1760 1848 1850 
1742 1760 1850 1761 
1742 1760 1761 1759 
1760 1782 1781 1868 
1760 1782 1868 1870 
1760 1782 1870 1783 
1760 1782 1783 1781 
1782 1798 1797 1883 
1782 1798 1883 1884 
1782 1798 1884 1799 
1782 1798 1799 1797 
1731 1744 1743 1831 
1731 1744 1831 1833 
1731 1744 1833 1745 
1731 1744 1745 1743 
1744 1762 1761 1850 
1744 1762 1850 1852 
1744 1762 1852 1763 
1744 1762 1763 1761 
1762 1784 1783 1870 
1762 1784 1870 1872 
1762 1784 1872 1785 
1762 1784 1785 1783 
1784 1800 1799 1884 
1784 1800 1884 1886 
1784 1800 1886 1801 
1784 1800 1801 1799 
1746 1764 1763 1852 
1746 1764 1852 1854 
1746 1764 1854 1765 
1746 1764 1765 1763 
1764 1786 1785 1872 
1764 1786 1872 1874 
1764 1786 1874 1787 
1764 1786 1787 1785 
1786 1802 1801 1886 
1786 1802 1886 1888 
1747 1766 1765 1854 
1747 1766 1854 1856 
1747 1766 1856 1767 
1747 1766 1767 1765 
1822 1841 1901 1842 
1822 1841 1842 1840 
1824 1843 1842 1901 
1824 1843 1902 1844 
1824 1843 1844 1842 
1826 1845 1844 1902 
1826 1845 1846 1844 
1845 1865 1910 1866 
1845 1865 1866 1864 
1847 1867 1866 1910 
1847 1867 1911 1868 
1847 1867 1868 1866 
1849 1869 1868 1911 
1849 1869 1912 1870 
1849 1869 1870 1868 
1832 1851 1903 1852 
1832 1851 1852 1850 
1851 1871 1870 1912 
1851 1871 1912 1914 
1851 1871 1914 1872 
1851 1871 1872 1870 
1871 1885 1884 1923 
1871 1885 1923 1924 
1871 1885 1924 1886 
1871 1885 1886 1884 
1834 1853 1852 1903 
1834 1853 1904 1854 
1834 1853 1854 1852 
1853 1873 1872 1914 
1853 1873 1914 1916 
1853 1873 1916 1874 
1853 1873 1874 1872 
1873 1887 1886 1924 
1873 1887 1924 1926 
1873 1887 1926 1888 
1873 1887 1888 1886 
1836 1855 1854 1904 
1836 1855 1905 1856 
1836 1855 1856 1854 
1855 1875 1874 1916 
1855 1875 1916 1918 
1855 1875 1918 1876 
1855 1875 1876 1874 
1915 1925 1936 1926 
1915 1925 1926 1924 
1198 1339 1340 1347 
1198 1339 1347 1345 
1199 1341 1349 1347 
1199 1341 1347 1340 
1341 1479 1480 1488 
1341 1479 1488 1486 
1479 1605 1606 1616 
1479 1605 1616 1614 
1342 1481 1480 1482 
1342 1481 1482 1490 
1342 1481 1490 1488 
1342 1481 1488 1480 
1481 1607 1606 1608 
1481 1607 1608 1618 
1481 1607 1618 1616 
1481 1607 1616 1606 
1607 1723 1722 1724 
1607 1723 1724 1735 
1607 1723 1735 1733 
1607 1723 1733 1722 
1343 1483 1492 1490 
1343 1483 1490 1482 
1483 1609 1608 1610 
1483 1609 1610 1620 
1483 1609 1620 1618 
1483 1609 1618 1608 
1609 1725 1724 1726 
1609 1725 1726 1737 
1609 1725 1737 1735 
1609 1725 1735 1724 
1484 1611 1610 1612 
1484 1611 1612 1622 
1484 1611 1622 1620 
1484 1611 1620 1610 
1611 1727 1726 1728 
1611 1727 1728 1739 
1611 1727 1739 1737 
1611 1727 1737 1726 
1613 1729 1741 1739 
1613 1729 1739 1728 
1200 1346 1345 1347 
1200 1346 1347 1361 
1200 1346 1361 1359 
1346 1485 1486 1500 
1346 1485 1500 1498 
1062 1202 1201 1203 
1062 1202 1203 1211 
1062 1202 1211 1209 
1062 1202 1209 1201 
1202 1348 1347 1349 
1202 1348 1349 1363 
1202 1348 1363 1361 
1202 1348 1361 1347 
1348 1487 1486 1488 
1348 1487 1488 1502 
1348 1487 1502 1500 
1348 1487 1500 1486 
1487 1615 1614 1616 
1487 1615 1616 1632 
1487 1615 1632 1630 
1615 1732 1733 1751 
1615 1732 1751 1749 
1063 1204 1213 1211 
1063 1204 1211 1203 
1204 1350 1349 1351 
1204 1350 1351 1365 
1204 1350 1365 1363 
1204 1350 1363 1349 
1350 1489 1488 1490 
1350 1489 1490 1504 
1350 1489 1504 1502 
1350 1489 1502 1488 
1489 1617 1616 1618 
1489 1617 1618 1634 
1489 1617 1634 1632 
1489 1617 1632 1616 
1617 1734 1733 1735 
1617 1734 1735 1753 
1617 1734 1753 1751 
1617 1734 1751 1733 
1734 1822 1823 1842 
1734 1822 1842 1840 
1205 1352 1351 1353 
1205 1352 1353 1367 
1205 1352 1367 1365 
1205 1352 1365 1351 
1352 1491 1490 1492 
1352 1491 1492 1506 
1352 1491 1506 1504 
1352 1491 1504 1490 
1491 1619 1618 1620 
1491 1619 1620 1636 
1491 1619 1636 1634 
1491 1619 1634 1618 
1619 1736 1735 1737 
1619 1736 1737 1755 
1619 1736 1755 1753 
1619 1736 1753 1735 
1736 1824 1825 1844 
1736 1824 1844 1842 
1736 1824 1842 1823 
1206 1354 1353 1355 
1206 1354 1355 1369 
1206 1354 1369 1367 
1206 1354 1367 1353 
1354 1493 1492 1494 
1354 1493 1494 1508 
1354 1493 1508 1506 
1354 1493 1506 1492 
1493 1621 1620 1622 
1493 1621 1622 1638 
1493 1621 1638 1636 
1493 1621 1636 1620 
1621 1738 1737 1739 
1621 1738 1739 1757 
1621 1738 1757 1755 
1621 1738 1755 1737 
1738 1826 1846 1844 
1738 1826 1844 1825 
1207 1356 1371 1369 
1207 1356 1369 1355 
1356 1495 1510 1508 
1356 1495 1508 1494 
1495 1623 1622 1624 
1495 1623 1624 1640 
1495 1623 1640 1638 
1495 1623 1638 1622 
1623 1740 1739 1741 
1623 1740 1741 1759 
1623 1740 1759 1757 
1623 1740 1757 1739 
1740 1828 1827 1829 
1740 1828 1829 1848 
1740 1828 1848 1846 
1740 1828 1846 1827 
1496 1625 1626 1642 
1496 1625 1642 1640 
1496 1625 1640 1624 
1625 1742 1741 1743 
1625 1742 1743 1761 
1625 1742 1761 1759 
1625 1742 1759 1741 
1742 1830 1829 1831 
1742 1830 1831 1850 
1742 1830 1850 1848 
1742 1830 1848 1829 
1497 1627 1644 1642 
1497 1627 1642 1626 
1627 1744 1743 1745 
1627 1744 1745 1763 
1627 1744 1763 1761 
1627 1744 1761 1743 
1744 1832 1831 1833 
1744 1832 1833 1852 
1744 1832 1852 1850 
1744 1832 1850 1831 
1628 1746 1765 1763 
1628 1746 1763 1745 
1746 1834 1835 1854 
1746 1834 1854 1852 
1746 1834 1852 1833 
1747 1836 1837 1856 
1747 1836 1856 1854 
1747 1836 1854 1835 
1208 1360 1359 1361 
1208 1360 1361 1377 
1208 1360 1377 1375 
1208 1360 1375 1359 
1360 1499 1498 1500 
1360 1499 1500 1518 
1360 1499 1518 1516 
1360 1499 1516 1498 
1065 1210 1209 1211 
1065 1210 1211 1223 
1065 1210 1223 1221 
1065 1210 1221 1209 
1210 1362 1361 1363 
1210 1362 1363 1379 
1210 1362 1379 1377 
1210 1362 1377 1361 
1362 1501 1500 1502 
1362 1501 1502 1520 
1362 1501 1520 1518 
1362 1501 1518 1500 
1501 1631 1630 1632 
1501 1631 1632 1651 
1501 1631 1651 1649 
1501 1631 1649 1630 
1631 1750 1749 1751 
1631 1750 1751 1773 
1631 1750 1773 1771 
1631 1750 1771 1749 
1067 1212 1211 1213 
1067 1212 1213 1225 
1067 1212 1225 1223 
1067 1212 1223 1211 
1212 1364 1363 1365 
1212 1364 1365 1381 
1212 1364 1381 1379 
1212 1364 1379 1363 
1364 1503 1502 1504 
1364 1503 1504 1522 
1364 1503 1522 1520 
1364 1503 1520 1502 
1503 1633 1632 1634 
1503 1633 1634 1653 
1503 1633 1653 1651 
1503 1633 1651 1632 
1633 1752 1751 1753 
1633 1752 1753 1775 
1633 1752 1775 1773 
1633 1752 1773 1751 
1752 1841 1840 1842 
1752 1841 1842 1863 
1752 1841 1863 1862 
1752 1841 1862 1840 
943 1069 1068 1070 
943 1069 1070 1076 
943 1069 1076 1074 
943 1069 1074 1068 
1069 1214 1213 1215 
1069 1214 1215 1227 
1069 1214 1227 1225 
1069 1214 1225 1213 
1214 1366 1365 1367 
1214 1366 1367 1383 
1214 1366 1383 1381 
1214 1366 1381 1365 
1366 1505 1504 1506 
1366 1505 1506 1524 
1366 1505 1524 1522 
1366 1505 1522 1504 
1505 1635 1634 1636 
1505 1635 1636 1655 
1505 1635 1655 1653 
1505 1635 1653 1634 
1635 1754 1753 1755 
1635 1754 1755 1777 
1635 1754 1777 1775 
1635 1754 1775 1753 
1754 1843 1842 1844 
1754 1843 1844 1864 
1754 1843 1864 1863 
1754 1843 1863 1842 
944 1071 1078 1076 
944 1071 1076 1070 
1071 1216 1215 1217 
1071 1216 1217 1229 
1071 1216 1229 1227 
1071 1216 1227 1215 
1216 1368 1367 1369 
1216 1368 1369 1385 
1216 1368 1385 1383 
1216 1368 1383 1367 
1368 1507 1506 1508 
1368 1507 1508 1526 
1368 1507 1526 1524 
1368 1507 1524 1506 
1507 1637 1636 1638 
1507 1637 1638 1657 
1507 1637 1657 1655 
1507 1637 1655 1636 
1637 1756 1755 1757 
1637 1756 1757 1779 
1637 1756 1779 1777 
1637 1756 1777 1755 
1756 1845 1844 1846 
1756 1845 1846 1866 
1756 1845 1866 1864 
1756 1845 1864 1844 
1072 1218 1231 1229 
1072 1218 1229 1217 
1218 1370 1369 1371 
1218 1370 1371 1387 
1218 1370 1387 1385 
1218 1370 1385 1369 
1370 1509 1508 1510 
1370 1509 1510 1528 
1370 1509 1528 1526 
1370 1509 1526 1508 
1509 1639 1638 1640 
1509 1639 1640 1659 
1509 1639 1659 1657 
1509 1639 1657 1638 
1639 1758 1757 1759 
1639 1758 1759 1781 
1639 1758 1781 1779 
1639 1758 1779 1757 
1758 1847 1846 1848 
1758 1847 1848 1868 
1758 1847 1868 1866 
1758 1847 1866 1846 
1219 1372 1371 1373 
1219 1372 1373 1389 
1219 1372 1389 1387 
1219 1372 1387 1371 
1372 1511 1510 1512 
1372 1511 1512 1530 
1372 1511 1530 1528 
1372 1511 1528 1510 
1511 1641 1640 1642 
1511 1641 1642 1661 
1511 1641 1661 1659 
1511 1641 1659 1640 
1641 1760 1759 1761 
1641 1760 1761 1783 
1641 1760 1783 1781 
1641 1760 1781 1759 
1760 1849 1848 1850 
1760 1849 1850 1870 
1760 1849 1870 1868 
1760 1849 1868 1848 
1374 1513 1512 1514 
1374 1513 1514 1532 
1374 1513 1532 1530 
1374 1513 1530 1512 
1513 1643 1642 1644 
1513 1643 1644 1663 
1513 1643 1663 1661 
1513 1643 1661 1642 
1643 1762 1761 1763 
1643 1762 1763 1785 
1643 1762 1785 1783 
1643 1762 1783 1761 
1762 1851 1850 1852 
1762 1851 1852 1872 
1762 1851 1872 1870 
1762 1851 1870 1850 
1515 1645 1644 1646 
1515 1645 1663 1644 
1645 1764 1763 1765 
1645 1764 1765 1787 
1645 1764 1787 1785 
1645 1764 1785 1763 
1764 1853 1852 1854 
1764 1853 1854 1874 
1764 1853 1874 1872 
1764 1853 1872 1852 
1647 1766 1765 1767 
1647 1766 1787 1765 
1766 1855 1854 1856 
1766 1855 1856 1876 
1766 1855 1876 1874 
1766 1855 1874 1854 
1220 1376 1375 1377 
1220 1376 1377 1391 
1376 1517 1516 1518 
1376 1517 1518 1535 
1222 1378 1377 1379 
1222 1378 1379 1393 
1222 1378 1393 1391 
1222 1378 1391 1377 
1378 1519 1518 1520 
1378 1519 1520 1536 
1378 1519 1536 1535 
1378 1519 1535 1518 
1519 1650 1649 1651 
1519 1650 1651 1671 
1650 1772 1771 1773 
1650 1772 1773 1793 
1073 1224 1223 1225 
1073 1224 1225 1238 
1073 1224 1238 1236 
1073 1224 1236 1223 
1224 1380 1379 1381 
1224 1380 1381 1395 
1224 1380 1395 1393 
1224 1380 1393 1379 
1380 1521 1520 1522 
1380 1521 1522 1538 
1380 1521 1538 1536 
1380 1521 1536 1520 
1521 1652 1651 1653 
1521 1652 1653 1672 
1521 1652 1672 1671 
1521 1652 1671 1651 
1652 1774 1773 1775 
1652 1774 1775 1794 
1652 1774 1793 1773 
945 1075 1074 1076 
945 1075 1076 1088 
945 1075 1088 1086 
945 1075 1086 1074 
1075 1226 1225 1227 
1075 1226 1227 1240 
1075 1226 1240 1238 
1075 1226 1238 1225 
1226 1382 1381 1383 
1226 1382 1383 1397 
1226 1382 1397 1395 
1226 1382 1395 1381 
1382 1523 1522 1524 
1382 1523 1524 1540 
1382 1523 1540 1538 
1382 1523 1538 1522 
1523 1654 1653 1655 
1523 1654 1655 1674 
1523 1654 1674 1672 
1523 1654 1672 1653 
1654 1776 1775 1777 
1654 1776 1777 1795 
1654 1776 1795 1794 
1654 1776 1794 1775 
947 1077 1076 1078 
947 1077 1078 1090 
947 1077 1090 1088 
947 1077 1088 1076 
1077 1228 1227 1229 
1077 1228 1229 1242 
1077 1228 1242 1240 
1077 1228 1240 1227 
1228 1384 1383 1385 
1228 1384 1385 1399 
1228 1384 1399 1397 
1228 1384 1397 1383 
1384 1525 1524 1526 
1384 1525 1526 1542 
1384 1525 1542 1540 
1384 1525 1540 1524 
1525 1656 1655 1657 
1525 1656 1657 1676 
1525 1656 1676 1674 
1525 1656 1674 1655 
1656 1778 1777 1779 
1656 1778 1779 1796 
1656 1778 1796 1795 
1656 1778 1795 1777 
1778 1865 1864 1866 
1778 1865 1866 1882 
1079 1230 1229 1231 
1079 1230 1242 1229 
1230 1386 1385 1387 
1230 1386 1387 1401 
1230 1386 1401 1399 
1230 1386 1399 1385 
1386 1527 1526 1528 
1386 1527 1528 1544 
1386 1527 1544 1542 
1386 1527 1542 1526 
1527 1658 1657 1659 
1527 1658 1659 1678 
1527 1658 1678 1676 
1527 1658 1676 1657 
1658 1780 1779 1781 
1658 1780 1781 1797 
1658 1780 1797 1796 
1658 1780 1796 1779 
1780 1867 1866 1868 
1780 1867 1868 1883 
1780 1867 1882 1866 
1232 1388 1387 1389 
1232 1388 1401 1387 
1388 1529 1528 1530 
1388 1529 1530 1546 
1388 1529 1546 1544 
1388 1529 1544 1528 
1529 1660 1659 1661 
1529 1660 1661 1680 
1529 1660 1680 1678 
1529 1660 1678 1659 
1660 1782 1781 1783 
1660 1782 1783 1799 
1660 1782 1799 1797 
1660 1782 1797 1781 
1782 1869 1868 1870 
1782 1869 1870 1884 
1782 1869 1884 1883 
1782 1869 1883 1868 
1390 1531 1530 1532 
1390 1531 1546 1530 
1531 1662 1661 1663 
1531 1662 1663 1682 
1531 1662 1682 1680 
1531 1662 1680 1661 
1662 1784 1783 1785 
1662 1784 1785 1801 
1662 1784 1801 1799 
1662 1784 1799 1783 
1784 1871 1870 1872 
1784 1871 1872 1886 
1784 1871 1886 1884 
1784 1871 1884 1870 
1871 1913 1912 1914 
1871 1913 1914 1924 
1871 1913 1924 1923 
1871 1913 1923 1912 
1664 1786 1785 1787 
1664 1786 1801 1785 
1786 1873 1872 1874 
1786 1873 1874 1888 
1786 1873 1888 1886 
1786 1873 1886 1872 
1873 1915 1914 1916 
1873 1915 1916 1926 
1873 1915 1926 1924 
1873 1915 1924 1914 
1875 1917 1916 1918 
1875 1917 1926 1916 
1085 1237 1236 1238 
1085 1237 1238 1258 
1237 1394 1393 1395 
1237 1394 1395 1412 
1394 1537 1536 1538 
1394 1537 1538 1556 
1087 1239 1238 1240 
1087 1239 1240 1260 
1087 1239 1260 1258 
1087 1239 1258 1238 
1239 1396 1395 1397 
1239 1396 1397 1414 
1239 1396 1414 1412 
1239 1396 1412 1395 
1396 1539 1538 1540 
1396 1539 1540 1557 
1396 1539 1557 1556 
1396 1539 1556 1538 
1539 1673 1672 1674 
1539 1673 1674 1690 
1089 1241 1240 1242 
1089 1241 1260 1240 
1241 1398 1397 1399 
1241 1398 1399 1416 
1241 1398 1416 1414 
1241 1398 1414 1397 
1398 1541 1540 1542 
1398 1541 1542 1558 
1398 1541 1558 1557 
1398 1541 1557 1540 
1541 1675 1674 1676 
1541 1675 1676 1691 
1541 1675 1690 1674 
1243 1400 1399 1401 
1243 1400 1416 1399 
1400 1543 1542 1544 
1400 1543 1544 1559 
1400 1543 1559 1558 
1400 1543 1558 1542 
1543 1677 1676 1678 
1543 1677 1678 1692 
1543 1677 1691 1676 
1402 1545 1544 1546 
1402 1545 1559 1544 
1545 1679 1678 1680 
1545 1679 1680 1693 
1545 1679 1692 1678 
1679 1798 1797 1799 
1679 1798 1799 1810 
1547 1681 1680 1682 
1547 1681 1693 1680 
1681 1800 1799 1801 
1681 1800 1810 1799 
1802 1887 1886 1888 
1802 1887 1895 1886 
1887 1925 1924 1926 
1887 1925 1926 1933 
1261 1415 1414 1416 
