1019
113 115 114 120 
113 115 120 177 
113 115 177 168 
113 115 168 114 
162 163 168 249 
162 163 249 243 
165 167 166 175 
165 167 175 256 
165 167 256 247 
165 167 247 166 
167 169 168 177 
167 169 177 258 
167 169 258 249 
167 169 249 168 
169 171 170 179 
169 171 179 260 
169 171 260 251 
169 171 251 170 
174 176 175 185 
174 176 185 265 
174 176 265 256 
174 176 256 175 
176 178 177 187 
176 178 187 267 
176 178 267 258 
176 178 258 177 
184 186 276 265 
184 186 265 185 
240 242 241 247 
240 242 247 335 
240 242 335 325 
240 242 325 241 
242 244 243 249 
242 244 249 337 
242 244 337 327 
242 244 327 243 
244 245 251 339 
244 245 339 329 
246 248 247 256 
246 248 256 349 
246 248 349 335 
246 248 335 247 
248 250 249 258 
248 250 258 351 
248 250 351 337 
248 250 337 249 
250 252 251 260 
250 252 260 353 
250 252 353 339 
250 252 339 251 
252 254 253 262 
252 254 262 355 
252 254 355 341 
252 254 341 253 
255 257 256 265 
255 257 265 363 
255 257 363 349 
255 257 349 256 
257 259 258 267 
257 259 267 365 
257 259 365 351 
257 259 351 258 
259 261 260 269 
259 261 269 367 
259 261 367 353 
259 261 353 260 
261 263 369 355 
261 263 355 262 
264 266 265 276 
264 266 276 377 
264 266 377 363 
264 266 363 265 
266 268 267 278 
266 268 278 378 
266 268 378 365 
266 268 365 267 
321 322 325 426 
321 322 426 419 
322 323 327 428 
322 323 428 421 
324 326 325 335 
324 326 335 440 
324 326 440 426 
324 326 426 325 
326 328 327 337 
326 328 337 442 
326 328 442 428 
326 328 428 327 
328 330 329 339 
328 330 339 444 
328 330 444 430 
328 330 430 329 
330 331 341 446 
330 331 446 432 
331 332 343 448 
331 332 448 434 
334 336 335 349 
334 336 349 460 
334 336 460 440 
334 336 440 335 
336 338 337 351 
336 338 351 462 
336 338 462 442 
336 338 442 337 
338 340 339 353 
338 340 353 464 
338 340 464 444 
338 340 444 339 
340 342 341 355 
340 342 355 466 
340 342 466 446 
340 342 446 341 
342 344 343 357 
342 344 357 468 
342 344 468 448 
342 344 448 343 
346 348 347 361 
346 348 361 478 
346 348 478 458 
346 348 458 347 
348 350 349 363 
348 350 363 480 
348 350 480 460 
348 350 460 349 
350 352 351 365 
350 352 365 482 
350 352 482 462 
350 352 462 351 
352 354 353 367 
352 354 367 484 
352 354 484 464 
352 354 464 353 
354 356 486 466 
354 356 466 355 
362 364 363 377 
362 364 480 363 
364 366 365 378 
364 366 378 498 
364 366 498 482 
364 366 482 365 
366 368 367 380 
366 368 380 499 
366 368 499 484 
366 368 484 367 
418 420 419 426 
418 420 426 540 
420 422 421 428 
420 422 428 541 
425 427 426 440 
425 427 440 556 
425 427 540 426 
427 429 428 442 
427 429 442 558 
427 429 558 541 
427 429 541 428 
429 431 430 444 
429 431 444 560 
429 431 560 543 
429 431 543 430 
431 433 432 446 
431 433 446 562 
431 433 562 545 
431 433 545 432 
433 435 434 448 
433 435 448 564 
433 435 564 547 
435 436 450 566 
435 436 566 549 
437 439 438 458 
437 439 458 577 
437 439 577 554 
437 439 554 438 
439 441 440 460 
439 441 460 579 
439 441 579 556 
439 441 556 440 
441 443 442 462 
441 443 462 581 
441 443 581 558 
441 443 558 442 
443 445 444 464 
443 445 464 583 
443 445 583 560 
443 445 560 444 
445 447 446 466 
445 447 466 585 
445 447 585 562 
445 447 562 446 
447 449 448 468 
447 449 468 587 
447 449 587 564 
447 449 564 448 
457 459 458 478 
457 459 478 603 
457 459 603 577 
457 459 577 458 
459 461 460 480 
459 461 480 604 
459 461 604 579 
459 461 579 460 
461 463 462 482 
461 463 482 605 
461 463 605 581 
461 463 581 462 
463 465 464 484 
463 465 484 607 
463 465 607 583 
463 465 583 464 
465 467 466 486 
465 467 486 609 
465 467 609 585 
465 467 585 466 
467 469 468 488 
467 469 488 611 
467 469 611 587 
467 469 587 468 
481 483 482 498 
481 483 605 482 
483 485 484 499 
483 485 625 607 
483 485 607 484 
485 487 626 609 
485 487 609 486 
542 544 543 560 
542 544 560 695 
544 546 545 562 
544 546 562 697 
544 546 697 683 
544 546 683 545 
546 548 547 564 
546 548 564 699 
546 548 699 685 
546 548 685 547 
548 550 549 566 
548 550 566 701 
548 550 701 687 
548 550 687 549 
550 552 703 689 
550 552 689 551 
555 557 556 579 
555 557 579 713 
557 559 558 581 
557 559 581 714 
559 561 560 583 
559 561 583 716 
559 561 716 695 
559 561 695 560 
561 563 562 585 
561 563 585 718 
561 563 718 697 
561 563 697 562 
563 565 564 587 
563 565 587 720 
563 565 720 699 
563 565 699 564 
565 567 566 589 
565 567 589 722 
565 567 722 701 
565 567 701 566 
578 580 579 604 
578 580 713 579 
580 582 581 605 
580 582 605 736 
580 582 736 714 
580 582 714 581 
582 584 583 607 
582 584 607 737 
582 584 737 716 
582 584 716 583 
584 586 585 609 
584 586 609 738 
584 586 738 718 
584 586 718 585 
586 588 587 611 
586 588 611 740 
586 588 740 720 
586 588 720 587 
606 608 607 625 
606 608 737 607 
608 610 609 626 
608 610 626 757 
608 610 757 738 
608 610 738 609 
686 688 687 701 
686 688 701 827 
688 690 689 703 
688 690 703 829 
688 690 829 819 
688 690 819 689 
694 696 695 716 
694 696 716 842 
696 698 697 718 
696 698 718 843 
698 700 699 720 
698 700 720 845 
700 702 701 722 
700 702 722 847 
700 702 847 827 
700 702 827 701 
715 717 716 737 
715 717 842 716 
717 719 718 738 
717 719 738 864 
717 719 864 843 
717 719 843 718 
719 721 720 740 
719 721 740 866 
719 721 866 845 
719 721 845 720 
721 723 868 847 
721 723 847 722 
739 741 740 758 
739 741 887 866 
739 741 866 740 
844 846 845 866 
844 846 866 988 
846 848 847 868 
846 848 868 989 
865 867 866 887 
865 867 988 866 
943 944 946 1076 
945 947 946 954 
945 947 954 1088 
945 947 1088 1076 
945 947 1076 946 
1073 1075 1074 1086 
1073 1075 1086 1238 
1075 1077 1076 1088 
1075 1077 1088 1240 
1085 1087 1086 1103 
1085 1087 1103 1258 
1085 1087 1258 1238 
1085 1087 1238 1086 
1087 1089 1260 1240 
1087 1089 1240 1088 
1237 1239 1238 1258 
1237 1239 1258 1412 
1239 1241 1240 1260 
1239 1241 1260 1414 
1259 1261 1414 1260 
113 119 175 177 
113 119 177 120 
112 115 114 168 
112 115 168 170 
112 115 170 116 
112 115 116 114 
162 167 166 247 
162 167 247 249 
162 167 249 168 
162 167 168 166 
167 176 175 256 
167 176 256 258 
167 176 258 177 
167 176 177 175 
176 186 185 265 
176 186 265 267 
176 186 267 187 
176 186 187 185 
163 169 168 249 
163 169 249 251 
163 169 251 170 
163 169 170 168 
169 178 177 258 
169 178 258 260 
169 178 260 179 
169 178 179 177 
164 171 170 251 
164 171 251 253 
240 246 333 335 
240 246 335 247 
246 255 347 349 
246 255 349 256 
255 264 361 363 
255 264 363 265 
239 242 241 325 
239 242 325 327 
239 242 327 243 
239 242 243 241 
242 248 247 335 
242 248 335 337 
242 248 337 249 
242 248 249 247 
248 257 256 349 
248 257 349 351 
248 257 351 258 
248 257 258 256 
257 266 265 363 
257 266 363 365 
257 266 365 267 
257 266 267 265 
266 277 276 377 
266 277 377 378 
266 277 378 278 
266 277 278 276 
244 250 249 337 
244 250 337 339 
244 250 339 251 
244 250 251 249 
250 259 258 351 
250 259 351 353 
250 259 353 260 
250 259 260 258 
259 268 267 365 
259 268 365 367 
259 268 367 269 
259 268 269 267 
245 252 251 339 
245 252 339 341 
245 252 341 253 
245 252 253 251 
252 261 260 353 
252 261 353 355 
252 261 355 262 
252 261 262 260 
321 324 424 426 
321 324 426 325 
324 334 438 440 
324 334 440 335 
324 334 335 333 
334 348 347 458 
334 348 458 460 
334 348 460 349 
334 348 349 347 
348 362 361 478 
348 362 478 480 
348 362 480 363 
348 362 363 361 
322 326 325 426 
322 326 426 428 
322 326 428 327 
322 326 327 325 
326 336 335 440 
326 336 440 442 
326 336 442 337 
326 336 337 335 
336 350 349 460 
336 350 460 462 
336 350 462 351 
336 350 351 349 
350 364 363 480 
350 364 480 482 
350 364 482 365 
350 364 365 363 
323 328 327 428 
323 328 428 430 
323 328 430 329 
323 328 329 327 
328 338 337 442 
328 338 442 444 
328 338 444 339 
328 338 339 337 
338 352 351 462 
338 352 462 464 
338 352 464 353 
338 352 353 351 
352 366 365 482 
352 366 482 484 
352 366 484 367 
352 366 367 365 
366 379 378 498 
366 379 498 499 
366 379 499 380 
366 379 380 378 
330 340 339 444 
330 340 444 446 
330 340 446 341 
330 340 341 339 
340 354 353 464 
340 354 464 466 
340 354 466 355 
340 354 355 353 
354 368 367 484 
354 368 484 486 
354 368 369 367 
331 342 341 446 
331 342 446 448 
331 342 448 343 
331 342 343 341 
342 356 355 466 
342 356 466 468 
342 356 468 357 
342 356 357 355 
332 344 343 448 
332 344 448 450 
418 425 540 426 
418 425 426 424 
425 439 438 554 
425 439 554 556 
425 439 556 440 
425 439 440 438 
439 459 458 577 
439 459 577 579 
439 459 579 460 
439 459 460 458 
459 479 478 603 
459 479 603 604 
459 479 604 480 
459 479 480 478 
420 427 426 540 
420 427 541 428 
420 427 428 426 
427 441 440 556 
427 441 556 558 
427 441 558 442 
427 441 442 440 
441 461 460 579 
441 461 579 581 
441 461 581 462 
441 461 462 460 
461 481 480 604 
461 481 604 605 
461 481 605 482 
461 481 482 480 
422 429 428 541 
422 429 541 543 
422 429 543 430 
422 429 430 428 
429 443 442 558 
429 443 558 560 
429 443 560 444 
429 443 444 442 
443 463 462 581 
443 463 581 583 
443 463 583 464 
443 463 464 462 
463 483 482 605 
463 483 605 607 
463 483 607 484 
463 483 484 482 
423 431 430 543 
423 431 543 545 
423 431 545 432 
423 431 432 430 
431 445 444 560 
431 445 560 562 
431 445 562 446 
431 445 446 444 
445 465 464 583 
445 465 583 585 
445 465 585 466 
445 465 466 464 
465 485 484 607 
465 485 607 609 
465 485 609 486 
465 485 486 484 
433 447 446 562 
433 447 562 564 
433 447 564 448 
433 447 448 446 
447 467 466 585 
447 467 585 587 
447 467 587 468 
447 467 468 466 
467 487 486 609 
467 487 609 611 
467 487 611 488 
467 487 488 486 
435 449 448 564 
435 449 564 566 
435 449 566 450 
435 449 450 448 
449 469 468 587 
449 469 587 589 
555 578 713 579 
555 578 579 577 
557 580 579 713 
557 580 714 581 
557 580 581 579 
542 559 695 560 
542 559 560 558 
559 582 581 714 
559 582 714 716 
559 582 716 583 
559 582 583 581 
582 606 605 736 
582 606 736 737 
582 606 737 607 
582 606 607 605 
544 561 560 695 
544 561 695 697 
544 561 697 562 
544 561 562 560 
561 584 583 716 
561 584 716 718 
561 584 718 585 
561 584 585 583 
584 608 607 737 
584 608 737 738 
584 608 738 609 
584 608 609 607 
537 546 545 683 
537 546 683 685 
537 546 685 547 
537 546 547 545 
546 563 562 697 
546 563 697 699 
546 563 699 564 
546 563 564 562 
563 586 585 718 
563 586 718 720 
563 586 720 587 
563 586 587 585 
586 610 609 738 
586 610 738 740 
586 610 740 611 
586 610 611 609 
538 548 547 685 
538 548 685 687 
538 548 687 549 
538 548 549 547 
548 565 564 699 
548 565 699 701 
548 565 701 566 
548 565 566 564 
565 588 587 720 
565 588 720 722 
565 588 722 589 
565 588 589 587 
539 550 549 687 
539 550 687 689 
539 550 689 551 
539 550 551 549 
550 567 566 701 
550 567 701 703 
694 715 842 716 
694 715 716 714 
696 717 716 842 
696 717 843 718 
696 717 718 716 
698 719 718 843 
698 719 843 845 
698 719 845 720 
698 719 720 718 
719 739 738 864 
719 739 864 866 
719 739 866 740 
719 739 740 738 
686 700 827 701 
686 700 701 699 
700 721 720 845 
700 721 845 847 
700 721 847 722 
700 721 722 720 
721 741 740 866 
721 741 866 868 
688 702 701 827 
688 702 827 829 
688 702 829 703 
688 702 703 701 
702 723 722 847 
702 723 847 849 
682 690 689 819 
682 690 819 821 
682 690 691 689 
844 865 988 866 
844 865 866 864 
846 867 866 988 
846 867 989 868 
846 867 868 866 
828 848 849 847 
943 945 1074 1076 
943 945 1076 946 
945 953 1086 1088 
945 953 1088 954 
945 953 954 952 
944 947 946 1076 
944 947 948 946 
1073 1085 1236 1238 
1073 1085 1238 1086 
1075 1087 1086 1238 
1075 1087 1238 1240 
1075 1087 1240 1088 
1075 1087 1088 1086 
1087 1104 1103 1258 
1087 1104 1258 1260 
1077 1089 1088 1240 
1077 1089 1240 1242 
1077 1089 1242 1090 
1077 1089 1090 1088 
1239 1259 1258 1412 
1239 1259 1412 1414 
1239 1259 1414 1260 
1239 1259 1260 1258 
1241 1261 1260 1414 
1241 1261 1414 1416 
321 418 419 426 
321 418 426 424 
322 420 421 428 
322 420 428 426 
322 420 426 419 
323 422 430 428 
323 422 428 421 
240 324 325 335 
240 324 335 333 
324 425 424 426 
324 425 426 440 
324 425 440 438 
162 242 241 243 
162 242 243 249 
162 242 249 247 
162 242 247 241 
242 326 325 327 
242 326 327 337 
242 326 337 335 
242 326 335 325 
326 427 426 428 
326 427 428 442 
326 427 442 440 
326 427 440 426 
163 244 251 249 
163 244 249 243 
244 328 327 329 
244 328 329 339 
244 328 339 337 
244 328 337 327 
328 429 428 430 
328 429 430 444 
328 429 444 442 
328 429 442 428 
429 542 541 543 
429 542 543 560 
429 542 560 558 
429 542 558 541 
245 330 341 339 
245 330 339 329 
330 431 430 432 
330 431 432 446 
330 431 446 444 
330 431 444 430 
431 544 543 545 
431 544 545 562 
431 544 562 560 
431 544 560 543 
331 433 434 448 
331 433 448 446 
331 433 446 432 
433 546 545 547 
433 546 547 564 
433 546 564 562 
433 546 562 545 
546 684 683 685 
546 684 685 699 
546 684 699 697 
546 684 697 683 
332 435 450 448 
332 435 448 434 
435 548 547 549 
435 548 549 566 
435 548 566 564 
435 548 564 547 
548 686 685 687 
548 686 687 701 
548 686 701 699 
548 686 699 685 
436 550 549 551 
436 550 566 549 
550 688 687 689 
550 688 689 703 
550 688 703 701 
550 688 701 687 
552 690 689 691 
552 690 703 689 
690 820 819 821 
690 820 829 819 
822 945 946 954 
822 945 954 952 
945 1075 1074 1076 
945 1075 1076 1088 
945 1075 1088 1086 
945 1075 1086 1074 
947 1077 1090 1088 
947 1077 1088 1076 
246 334 333 335 
246 334 335 349 
246 334 349 347 
334 439 438 440 
334 439 440 460 
334 439 460 458 
334 439 458 438 
439 555 554 556 
439 555 556 579 
439 555 579 577 
439 555 577 554 
113 167 166 168 
113 167 168 177 
113 167 177 175 
113 167 175 166 
167 248 247 249 
167 248 249 258 
167 248 258 256 
167 248 256 247 
248 336 335 337 
248 336 337 351 
248 336 351 349 
248 336 349 335 
336 441 440 442 
336 441 442 462 
336 441 462 460 
336 441 460 440 
441 557 556 558 
441 557 558 581 
441 557 581 579 
441 557 579 556 
115 169 168 170 
115 169 170 179 
115 169 179 177 
115 169 177 168 
169 250 249 251 
169 250 251 260 
169 250 260 258 
169 250 258 249 
250 338 337 339 
250 338 339 353 
250 338 353 351 
250 338 351 337 
338 443 442 444 
338 443 444 464 
338 443 464 462 
338 443 462 442 
443 559 558 560 
443 559 560 583 
443 559 583 581 
443 559 581 558 
559 694 695 716 
559 694 716 714 
171 252 251 253 
171 252 253 262 
171 252 262 260 
171 252 260 251 
252 340 339 341 
252 340 341 355 
252 340 355 353 
252 340 353 339 
340 445 444 446 
340 445 446 466 
340 445 466 464 
340 445 464 444 
445 561 560 562 
445 561 562 585 
445 561 585 583 
445 561 583 560 
561 696 695 697 
561 696 697 718 
561 696 718 716 
561 696 716 695 
254 342 341 343 
254 342 343 357 
254 342 357 355 
254 342 355 341 
342 447 446 448 
342 447 448 468 
342 447 468 466 
342 447 466 446 
447 563 562 564 
447 563 564 587 
447 563 587 585 
447 563 585 562 
563 698 697 699 
563 698 699 720 
563 698 720 718 
563 698 718 697 
344 449 448 450 
344 449 468 448 
449 565 564 566 
449 565 566 589 
449 565 589 587 
449 565 587 564 
565 700 699 701 
565 700 701 722 
565 700 722 720 
565 700 720 699 
567 702 701 703 
567 702 722 701 
702 828 827 829 
702 828 849 847 
702 828 847 827 
1085 1237 1236 1238 
1085 1237 1238 1258 
953 1087 1086 1088 
953 1087 1103 1086 
1087 1239 1238 1240 
1087 1239 1240 1260 
1087 1239 1260 1258 
1087 1239 1258 1238 
1089 1241 1240 1242 
1089 1241 1260 1240 
255 348 347 349 
255 348 349 363 
255 348 363 361 
255 348 361 347 
348 459 458 460 
348 459 460 480 
348 459 480 478 
348 459 478 458 
459 578 577 579 
459 578 579 604 
459 578 604 603 
459 578 603 577 
119 176 175 177 
119 176 177 187 
119 176 187 185 
119 176 185 175 
176 257 256 258 
176 257 258 267 
176 257 267 265 
176 257 265 256 
257 350 349 351 
257 350 351 365 
257 350 365 363 
257 350 363 349 
350 461 460 462 
350 461 462 482 
350 461 482 480 
350 461 480 460 
461 580 579 581 
461 580 581 605 
461 580 605 604 
461 580 604 579 
178 259 258 260 
178 259 260 269 
178 259 269 267 
178 259 267 258 
259 352 351 353 
259 352 353 367 
259 352 367 365 
259 352 365 351 
352 463 462 464 
352 463 464 484 
352 463 484 482 
352 463 482 462 
463 582 581 583 
463 582 583 607 
463 582 607 605 
463 582 605 581 
582 715 714 716 
582 715 716 737 
582 715 737 736 
582 715 736 714 
261 354 353 355 
261 354 355 369 
261 354 369 367 
261 354 367 353 
354 465 464 466 
354 465 466 486 
354 465 486 484 
354 465 484 464 
465 584 583 585 
465 584 585 609 
465 584 609 607 
465 584 607 583 
584 717 716 718 
584 717 718 738 
584 717 738 737 
584 717 737 716 
356 467 466 468 
356 467 468 488 
356 467 488 486 
356 467 486 466 
467 586 585 587 
467 586 587 611 
467 586 611 609 
467 586 609 585 
586 719 718 720 
586 719 720 740 
586 719 740 738 
586 719 738 718 
719 844 843 845 
719 844 845 866 
719 844 866 864 
719 844 864 843 
469 588 587 589 
469 588 611 587 
588 721 720 722 
588 721 740 720 
721 846 845 847 
721 846 847 868 
721 846 868 866 
721 846 866 845 
723 848 847 849 
723 848 868 847 
1104 1259 1258 1260 
1261 1415 1414 1416 
264 362 361 363 
264 362 363 377 
186 266 265 267 
186 266 267 278 
186 266 278 276 
186 266 276 265 
266 364 363 365 
266 364 365 378 
266 364 378 377 
266 364 377 363 
364 481 480 482 
364 481 482 498 
268 366 365 367 
268 366 367 380 
268 366 380 378 
268 366 378 365 
366 483 482 484 
366 483 484 499 
366 483 499 498 
366 483 498 482 
483 606 605 607 
483 606 607 625 
368 485 484 486 
368 485 499 484 
485 608 607 609 
485 608 609 626 
485 608 625 607 
487 610 609 611 
487 610 626 609 
610 739 738 740 
610 739 740 758 
610 739 758 757 
610 739 757 738 
739 865 864 866 
739 865 866 887 
741 867 866 868 
741 867 887 866 
