1415
824 825 956 948 
943 944 946 1076 
945 947 946 954 
945 947 954 1088 
945 947 1088 1076 
945 947 1076 946 
947 949 948 956 
947 949 956 1090 
947 949 1090 1078 
947 949 1078 948 
949 950 958 1092 
949 950 1092 1080 
955 957 1107 1090 
955 957 1090 956 
957 959 1109 1092 
957 959 1092 958 
959 961 1111 1094 
959 961 1094 960 
961 963 1113 1096 
961 963 1096 962 
963 964 1115 1098 
964 965 1117 1100 
1071 1072 1078 1229 
1071 1072 1229 1217 
1075 1077 1076 1088 
1075 1077 1088 1240 
1077 1079 1078 1090 
1077 1079 1090 1242 
1077 1079 1242 1229 
1077 1079 1229 1078 
1079 1081 1080 1092 
1079 1081 1092 1244 
1079 1081 1244 1231 
1079 1081 1231 1080 
1081 1082 1094 1246 
1081 1082 1246 1233 
1085 1087 1258 1238 
1085 1087 1238 1086 
1087 1089 1260 1240 
1087 1089 1240 1088 
1089 1091 1090 1107 
1089 1091 1107 1262 
1089 1091 1262 1242 
1089 1091 1242 1090 
1091 1093 1092 1109 
1091 1093 1109 1264 
1091 1093 1264 1244 
1091 1093 1244 1092 
1093 1095 1094 1111 
1093 1095 1111 1266 
1093 1095 1266 1246 
1093 1095 1246 1094 
1095 1097 1096 1113 
1095 1097 1113 1268 
1095 1097 1268 1248 
1095 1097 1248 1096 
1097 1099 1098 1115 
1097 1099 1115 1270 
1097 1099 1270 1250 
1097 1099 1250 1098 
1099 1101 1100 1117 
1099 1101 1117 1272 
1099 1101 1272 1252 
1099 1101 1252 1100 
1101 1102 1119 1274 
1101 1102 1274 1254 
1110 1112 1287 1266 
1110 1112 1266 1111 
1112 1114 1289 1268 
1112 1114 1268 1113 
1114 1116 1291 1270 
1114 1116 1270 1115 
1116 1118 1293 1272 
1116 1118 1272 1117 
1118 1120 1295 1274 
1118 1120 1274 1119 
1120 1122 1297 1276 
1120 1122 1276 1121 
1122 1124 1299 1278 
1124 1125 1301 1280 
1218 1219 1231 1387 
1218 1219 1387 1371 
1228 1230 1229 1242 
1228 1230 1242 1399 
1228 1230 1399 1385 
1228 1230 1385 1229 
1230 1232 1231 1244 
1230 1232 1244 1401 
1230 1232 1401 1387 
1230 1232 1387 1231 
1232 1234 1233 1246 
1232 1234 1246 1403 
1232 1234 1403 1389 
1232 1234 1389 1233 
1239 1241 1240 1260 
1239 1241 1260 1414 
1239 1241 1414 1397 
1239 1241 1397 1240 
1241 1243 1242 1262 
1241 1243 1262 1416 
1241 1243 1416 1399 
1241 1243 1399 1242 
1243 1245 1244 1264 
1243 1245 1264 1418 
1243 1245 1418 1401 
1243 1245 1401 1244 
1245 1247 1246 1266 
1245 1247 1266 1420 
1245 1247 1420 1403 
1245 1247 1403 1246 
1249 1251 1250 1270 
1249 1251 1270 1421 
1251 1253 1252 1272 
1251 1253 1272 1423 
1251 1253 1423 1404 
1251 1253 1404 1252 
1253 1255 1254 1274 
1253 1255 1274 1425 
1253 1255 1425 1406 
1253 1255 1406 1254 
1255 1256 1276 1427 
1255 1256 1427 1408 
1259 1261 1414 1260 
1261 1263 1435 1416 
1261 1263 1416 1262 
1263 1265 1436 1418 
1263 1265 1418 1264 
1265 1267 1266 1287 
1265 1267 1437 1420 
1265 1267 1420 1266 
1267 1269 1268 1289 
1267 1269 1289 1439 
1269 1271 1270 1291 
1269 1271 1291 1441 
1269 1271 1441 1421 
1269 1271 1421 1270 
1271 1273 1272 1293 
1271 1273 1293 1443 
1271 1273 1443 1423 
1271 1273 1423 1272 
1273 1275 1274 1295 
1273 1275 1295 1445 
1273 1275 1445 1425 
1273 1275 1425 1274 
1275 1277 1276 1297 
1275 1277 1297 1447 
1275 1277 1447 1427 
1275 1277 1427 1276 
1277 1279 1278 1299 
1277 1279 1299 1449 
1277 1279 1449 1429 
1277 1279 1429 1278 
1279 1281 1280 1301 
1279 1281 1301 1451 
1279 1281 1451 1431 
1279 1281 1431 1280 
1290 1292 1456 1441 
1290 1292 1441 1291 
1292 1294 1458 1443 
1292 1294 1443 1293 
1294 1296 1460 1445 
1294 1296 1445 1295 
1296 1298 1462 1447 
1296 1298 1447 1297 
1298 1300 1464 1449 
1298 1300 1449 1299 
1300 1302 1466 1451 
1300 1302 1451 1301 
1372 1374 1373 1389 
1372 1374 1389 1530 
1386 1388 1387 1401 
1386 1388 1401 1544 
1386 1388 1544 1528 
1386 1388 1528 1387 
1388 1390 1389 1403 
1388 1390 1403 1546 
1388 1390 1546 1530 
1388 1390 1530 1389 
1398 1400 1399 1416 
1398 1400 1416 1558 
1398 1400 1558 1542 
1398 1400 1542 1399 
1400 1402 1401 1418 
1400 1402 1418 1559 
1400 1402 1559 1544 
1400 1402 1544 1401 
1405 1407 1406 1425 
1405 1407 1425 1560 
1407 1409 1408 1427 
1407 1409 1427 1562 
1409 1410 1429 1564 
1409 1410 1564 1552 
1410 1411 1431 1566 
1410 1411 1566 1554 
1415 1417 1416 1435 
1415 1417 1558 1416 
1417 1419 1418 1436 
1417 1419 1559 1418 
1422 1424 1423 1443 
1422 1424 1443 1572 
1424 1426 1425 1445 
1424 1426 1445 1574 
1424 1426 1574 1560 
1424 1426 1560 1425 
1426 1428 1427 1447 
1426 1428 1447 1576 
1426 1428 1576 1562 
1426 1428 1562 1427 
1428 1430 1429 1449 
1428 1430 1449 1578 
1428 1430 1578 1564 
1428 1430 1564 1429 
1430 1432 1431 1451 
1430 1432 1451 1580 
1430 1432 1580 1566 
1430 1432 1566 1431 
1432 1434 1433 1453 
1432 1434 1453 1582 
1432 1434 1582 1568 
1432 1434 1568 1433 
1440 1442 1441 1456 
1440 1442 1584 1570 
1440 1442 1570 1441 
1442 1444 1443 1458 
1442 1444 1458 1585 
1442 1444 1585 1572 
1442 1444 1572 1443 
1444 1446 1445 1460 
1444 1446 1460 1587 
1444 1446 1587 1574 
1444 1446 1574 1445 
1446 1448 1447 1462 
1446 1448 1462 1589 
1446 1448 1589 1576 
1446 1448 1576 1447 
1448 1450 1449 1464 
1448 1450 1464 1591 
1448 1450 1591 1578 
1448 1450 1578 1449 
1450 1452 1451 1466 
1450 1452 1466 1593 
1450 1452 1593 1580 
1450 1452 1580 1451 
1457 1459 1585 1458 
1459 1461 1596 1587 
1459 1461 1587 1460 
1461 1463 1597 1589 
1461 1463 1589 1462 
1463 1465 1599 1591 
1463 1465 1591 1464 
1465 1467 1601 1593 
1465 1467 1593 1466 
1513 1515 1514 1532 
1513 1515 1532 1663 
1513 1515 1663 1644 
1513 1515 1644 1514 
1529 1531 1530 1546 
1529 1531 1546 1680 
1529 1531 1680 1661 
1529 1531 1661 1530 
1533 1534 1549 1687 
1533 1534 1687 1669 
1543 1545 1544 1559 
1543 1545 1692 1678 
1543 1545 1678 1544 
1545 1547 1693 1680 
1545 1547 1680 1546 
1548 1550 1696 1687 
1548 1550 1687 1549 
1551 1553 1552 1564 
1551 1553 1564 1697 
1553 1555 1554 1566 
1553 1555 1566 1699 
1561 1563 1562 1576 
1561 1563 1576 1704 
1563 1565 1564 1578 
1563 1565 1578 1706 
1563 1565 1697 1564 
1565 1567 1566 1580 
1565 1567 1580 1708 
1565 1567 1708 1699 
1565 1567 1699 1566 
1567 1569 1568 1582 
1567 1569 1582 1710 
1567 1569 1710 1701 
1567 1569 1701 1568 
1573 1575 1574 1587 
1573 1575 1587 1711 
1573 1575 1711 1702 
1573 1575 1702 1574 
1575 1577 1576 1589 
1575 1577 1589 1712 
1575 1577 1712 1704 
1575 1577 1704 1576 
1577 1579 1578 1591 
1577 1579 1591 1714 
1577 1579 1714 1706 
1577 1579 1706 1578 
1579 1581 1580 1593 
1579 1581 1593 1716 
1579 1581 1716 1708 
1579 1581 1708 1580 
1581 1583 1582 1595 
1581 1583 1595 1718 
1581 1583 1718 1710 
1581 1583 1710 1582 
1586 1588 1587 1596 
1586 1588 1711 1587 
1588 1590 1589 1597 
1588 1590 1597 1719 
1588 1590 1719 1712 
1588 1590 1712 1589 
1590 1592 1591 1599 
1590 1592 1599 1720 
1590 1592 1720 1714 
1590 1592 1714 1591 
1592 1594 1593 1601 
1592 1594 1601 1721 
1592 1594 1721 1716 
1592 1594 1716 1593 
1643 1645 1644 1663 
1643 1645 1663 1785 
1643 1645 1785 1763 
1643 1645 1763 1644 
1645 1647 1646 1665 
1645 1647 1665 1787 
1645 1647 1787 1765 
1645 1647 1765 1646 
1647 1648 1667 1789 
1647 1648 1789 1767 
1662 1664 1663 1682 
1662 1664 1682 1801 
1662 1664 1801 1785 
1662 1664 1785 1663 
1664 1666 1803 1787 
1664 1666 1787 1665 
1666 1668 1667 1685 
1666 1668 1685 1805 
1666 1668 1805 1789 
1666 1668 1789 1667 
1668 1670 1669 1687 
1668 1670 1687 1807 
1668 1670 1807 1791 
1668 1670 1791 1669 
1679 1681 1680 1693 
1679 1681 1810 1799 
1679 1681 1799 1680 
1681 1683 1811 1801 
1681 1683 1801 1682 
1684 1686 1685 1694 
1684 1686 1694 1814 
1684 1686 1814 1805 
1684 1686 1805 1685 
1686 1688 1687 1696 
1686 1688 1696 1816 
1686 1688 1816 1807 
1686 1688 1807 1687 
1698 1700 1699 1708 
1698 1700 1708 1819 
1705 1707 1706 1714 
1705 1707 1714 1820 
1705 1707 1820 1817 
1705 1707 1817 1706 
1707 1709 1708 1716 
1707 1709 1716 1821 
1707 1709 1821 1819 
1707 1709 1819 1708 
1713 1715 1714 1720 
1713 1715 1820 1714 
1715 1717 1716 1721 
1715 1717 1821 1716 
1747 1748 1767 1856 
1747 1748 1856 1837 
1764 1766 1765 1787 
1764 1766 1787 1874 
1764 1766 1874 1854 
1764 1766 1854 1765 
1766 1768 1767 1789 
1766 1768 1789 1876 
1766 1768 1876 1856 
1766 1768 1856 1767 
1768 1770 1769 1791 
1768 1770 1791 1878 
1768 1770 1878 1858 
1768 1770 1858 1769 
1784 1786 1785 1801 
1784 1786 1801 1886 
1784 1786 1886 1872 
1784 1786 1872 1785 
1786 1788 1787 1803 
1786 1788 1803 1888 
1786 1788 1888 1874 
1786 1788 1874 1787 
1788 1790 1789 1805 
1788 1790 1805 1890 
1788 1790 1890 1876 
1788 1790 1876 1789 
1790 1792 1791 1807 
1790 1792 1807 1892 
1790 1792 1892 1878 
1790 1792 1878 1791 
1798 1800 1799 1810 
1798 1800 1884 1799 
1800 1802 1801 1811 
1800 1802 1811 1895 
1800 1802 1895 1886 
1800 1802 1886 1801 
1802 1804 1803 1813 
1802 1804 1813 1896 
1802 1804 1896 1888 
1802 1804 1888 1803 
1804 1806 1805 1814 
1804 1806 1814 1898 
1804 1806 1898 1890 
1804 1806 1890 1805 
1806 1808 1807 1816 
1806 1808 1816 1900 
1806 1808 1900 1892 
1806 1808 1892 1807 
1836 1838 1837 1856 
1836 1838 1856 1905 
1853 1855 1854 1874 
1853 1855 1874 1916 
1855 1857 1856 1876 
1855 1857 1876 1918 
1855 1857 1918 1905 
1855 1857 1905 1856 
1857 1859 1858 1878 
1857 1859 1878 1920 
1857 1859 1920 1907 
1857 1859 1907 1858 
1859 1861 1860 1880 
1859 1861 1880 1922 
1859 1861 1922 1909 
1859 1861 1909 1860 
1873 1875 1874 1888 
1873 1875 1888 1926 
1873 1875 1926 1916 
1873 1875 1916 1874 
1875 1877 1876 1890 
1875 1877 1890 1928 
1875 1877 1928 1918 
1875 1877 1918 1876 
1877 1879 1878 1892 
1877 1879 1892 1930 
1877 1879 1930 1920 
1877 1879 1920 1878 
1879 1881 1880 1894 
1879 1881 1894 1932 
1879 1881 1932 1922 
1879 1881 1922 1880 
1887 1889 1888 1896 
1887 1889 1896 1933 
1887 1889 1933 1926 
1887 1889 1926 1888 
1889 1891 1890 1898 
1889 1891 1898 1934 
1889 1891 1934 1928 
1889 1891 1928 1890 
1891 1893 1892 1900 
1891 1893 1900 1935 
1891 1893 1935 1930 
1891 1893 1930 1892 
1915 1917 1916 1926 
1915 1917 1926 1936 
1917 1919 1918 1928 
1917 1919 1928 1937 
1919 1921 1920 1930 
1919 1921 1930 1938 
1925 1927 1926 1933 
1925 1927 1936 1926 
1927 1929 1928 1934 
1927 1929 1937 1928 
1929 1931 1930 1935 
1929 1931 1938 1930 
943 945 1076 946 
944 947 946 1076 
944 947 1076 1078 
944 947 1078 948 
944 947 948 946 
947 955 954 1088 
947 955 1088 1090 
947 955 1090 956 
947 955 956 954 
949 957 956 1090 
949 957 1090 1092 
949 957 1092 958 
949 957 958 956 
950 959 958 1092 
950 959 1092 1094 
950 959 1094 960 
950 959 960 958 
951 961 960 1094 
951 961 1094 1096 
951 961 1096 962 
1075 1087 1086 1238 
1075 1087 1238 1240 
1075 1087 1240 1088 
1075 1087 1088 1086 
1071 1077 1229 1078 
1071 1077 1078 1076 
1077 1089 1088 1240 
1077 1089 1240 1242 
1077 1089 1242 1090 
1077 1089 1090 1088 
1072 1079 1078 1229 
1072 1079 1229 1231 
1072 1079 1231 1080 
1072 1079 1080 1078 
1079 1091 1090 1242 
1079 1091 1242 1244 
1079 1091 1244 1092 
1079 1091 1092 1090 
1091 1108 1107 1262 
1091 1108 1262 1264 
1091 1108 1264 1109 
1091 1108 1109 1107 
1081 1093 1092 1244 
1081 1093 1244 1246 
1081 1093 1246 1094 
1081 1093 1094 1092 
1093 1110 1109 1264 
1093 1110 1264 1266 
1093 1110 1266 1111 
1093 1110 1111 1109 
1082 1095 1094 1246 
1082 1095 1246 1248 
1082 1095 1248 1096 
1082 1095 1096 1094 
1095 1112 1111 1266 
1095 1112 1266 1268 
1095 1112 1268 1113 
1095 1112 1113 1111 
1083 1097 1096 1248 
1083 1097 1248 1250 
1083 1097 1250 1098 
1083 1097 1098 1096 
1097 1114 1113 1268 
1097 1114 1268 1270 
1097 1114 1270 1115 
1097 1114 1115 1113 
1084 1099 1098 1250 
1084 1099 1250 1252 
1084 1099 1252 1100 
1084 1099 1100 1098 
1099 1116 1115 1270 
1099 1116 1270 1272 
1099 1116 1272 1117 
1099 1116 1117 1115 
1101 1118 1117 1272 
1101 1118 1272 1274 
1101 1118 1274 1119 
1101 1118 1119 1117 
1102 1120 1119 1274 
1102 1120 1274 1276 
1102 1120 1276 1121 
1102 1120 1121 1119 
1239 1259 1258 1412 
1239 1259 1412 1414 
1239 1259 1414 1260 
1239 1259 1260 1258 
1228 1241 1240 1397 
1228 1241 1397 1399 
1228 1241 1399 1242 
1228 1241 1242 1240 
1241 1261 1260 1414 
1241 1261 1414 1416 
1241 1261 1416 1262 
1241 1261 1262 1260 
1218 1230 1229 1385 
1218 1230 1385 1387 
1218 1230 1387 1231 
1218 1230 1231 1229 
1230 1243 1242 1399 
1230 1243 1399 1401 
1230 1243 1401 1244 
1230 1243 1244 1242 
1243 1263 1262 1416 
1243 1263 1416 1418 
1243 1263 1418 1264 
1243 1263 1264 1262 
1219 1232 1231 1387 
1219 1232 1387 1389 
1219 1232 1389 1233 
1219 1232 1233 1231 
1232 1245 1244 1401 
1232 1245 1401 1403 
1232 1245 1403 1246 
1232 1245 1246 1244 
1245 1265 1264 1418 
1245 1265 1418 1420 
1245 1265 1420 1266 
1245 1265 1266 1264 
1234 1247 1246 1403 
1234 1247 1248 1246 
1249 1269 1421 1270 
1249 1269 1270 1268 
1269 1290 1289 1439 
1269 1290 1439 1441 
1269 1290 1441 1291 
1269 1290 1291 1289 
1251 1271 1270 1421 
1251 1271 1421 1423 
1251 1271 1423 1272 
1251 1271 1272 1270 
1271 1292 1291 1441 
1271 1292 1441 1443 
1271 1292 1443 1293 
1271 1292 1293 1291 
1235 1253 1252 1404 
1235 1253 1404 1406 
1235 1253 1406 1254 
1235 1253 1254 1252 
1253 1273 1272 1423 
1253 1273 1423 1425 
1253 1273 1425 1274 
1253 1273 1274 1272 
1273 1294 1293 1443 
1273 1294 1443 1445 
1273 1294 1445 1295 
1273 1294 1295 1293 
1255 1275 1274 1425 
1255 1275 1425 1427 
1255 1275 1427 1276 
1255 1275 1276 1274 
1275 1296 1295 1445 
1275 1296 1445 1447 
1275 1296 1447 1297 
1275 1296 1297 1295 
1256 1277 1276 1427 
1256 1277 1427 1429 
1256 1277 1429 1278 
1256 1277 1278 1276 
1277 1298 1297 1447 
1277 1298 1447 1449 
1277 1298 1449 1299 
1277 1298 1299 1297 
1257 1279 1278 1429 
1257 1279 1429 1431 
1257 1279 1431 1280 
1257 1279 1280 1278 
1279 1300 1299 1449 
1279 1300 1449 1451 
1279 1300 1451 1301 
1279 1300 1301 1299 
1281 1302 1301 1451 
1281 1302 1303 1301 
1398 1415 1414 1557 
1398 1415 1557 1558 
1398 1415 1558 1416 
1398 1415 1416 1414 
1386 1400 1399 1542 
1386 1400 1542 1544 
1386 1400 1544 1401 
1386 1400 1401 1399 
1400 1417 1416 1558 
1400 1417 1558 1559 
1400 1417 1559 1418 
1400 1417 1418 1416 
1372 1388 1387 1528 
1372 1388 1528 1530 
1372 1388 1530 1389 
1372 1388 1389 1387 
1388 1402 1401 1544 
1388 1402 1544 1546 
1388 1402 1546 1403 
1388 1402 1403 1401 
1402 1419 1418 1559 
1402 1419 1420 1418 
1374 1390 1389 1530 
1374 1390 1530 1532 
1422 1442 1441 1570 
1422 1442 1570 1572 
1422 1442 1572 1443 
1422 1442 1443 1441 
1442 1457 1584 1585 
1442 1457 1585 1458 
1405 1424 1560 1425 
1405 1424 1425 1423 
1424 1444 1443 1572 
1424 1444 1572 1574 
1424 1444 1574 1445 
1424 1444 1445 1443 
1444 1459 1458 1585 
1444 1459 1585 1587 
1444 1459 1587 1460 
1444 1459 1460 1458 
1407 1426 1425 1560 
1407 1426 1560 1562 
1407 1426 1562 1427 
1407 1426 1427 1425 
1426 1446 1445 1574 
1426 1446 1574 1576 
1426 1446 1576 1447 
1426 1446 1447 1445 
1446 1461 1460 1587 
1446 1461 1587 1589 
1446 1461 1589 1462 
1446 1461 1462 1460 
1409 1428 1427 1562 
1409 1428 1562 1564 
1409 1428 1564 1429 
1409 1428 1429 1427 
1428 1448 1447 1576 
1428 1448 1576 1578 
1428 1448 1578 1449 
1428 1448 1449 1447 
1448 1463 1462 1589 
1448 1463 1589 1591 
1448 1463 1591 1464 
1448 1463 1464 1462 
1410 1430 1429 1564 
1410 1430 1564 1566 
1410 1430 1566 1431 
1410 1430 1431 1429 
1430 1450 1449 1578 
1430 1450 1578 1580 
1430 1450 1580 1451 
1430 1450 1451 1449 
1450 1465 1464 1591 
1450 1465 1591 1593 
1450 1465 1593 1466 
1450 1465 1466 1464 
1411 1432 1431 1566 
1411 1432 1566 1568 
1411 1432 1568 1433 
1411 1432 1433 1431 
1432 1452 1451 1580 
1432 1452 1580 1582 
1432 1452 1582 1453 
1432 1452 1453 1451 
1529 1545 1544 1678 
1529 1545 1678 1680 
1529 1545 1680 1546 
1529 1545 1546 1544 
1513 1531 1530 1661 
1513 1531 1661 1663 
1513 1531 1663 1532 
1513 1531 1532 1530 
1531 1547 1546 1680 
1531 1547 1680 1682 
1533 1548 1685 1687 
1533 1548 1687 1549 
1573 1586 1711 1587 
1573 1586 1587 1585 
1534 1550 1549 1687 
1534 1550 1687 1689 
1561 1575 1574 1702 
1561 1575 1702 1704 
1561 1575 1704 1576 
1561 1575 1576 1574 
1575 1588 1587 1711 
1575 1588 1711 1712 
1575 1588 1712 1589 
1575 1588 1589 1587 
1551 1563 1697 1564 
1551 1563 1564 1562 
1563 1577 1576 1704 
1563 1577 1704 1706 
1563 1577 1706 1578 
1563 1577 1578 1576 
1577 1590 1589 1712 
1577 1590 1712 1714 
1577 1590 1714 1591 
1577 1590 1591 1589 
1590 1598 1597 1719 
1590 1598 1719 1720 
1590 1598 1720 1599 
1590 1598 1599 1597 
1553 1565 1564 1697 
1553 1565 1699 1566 
1553 1565 1566 1564 
1565 1579 1578 1706 
1565 1579 1706 1708 
1565 1579 1708 1580 
1565 1579 1580 1578 
1579 1592 1591 1714 
1579 1592 1714 1716 
1579 1592 1716 1593 
1579 1592 1593 1591 
1592 1600 1599 1720 
1592 1600 1720 1721 
1592 1600 1721 1601 
1592 1600 1601 1599 
1555 1567 1566 1699 
1555 1567 1699 1701 
1555 1567 1701 1568 
1555 1567 1568 1566 
1567 1581 1580 1708 
1567 1581 1708 1710 
1567 1581 1710 1582 
1567 1581 1582 1580 
1581 1594 1593 1716 
1581 1594 1716 1718 
1581 1594 1718 1595 
1581 1594 1595 1593 
1643 1662 1785 1663 
1643 1662 1663 1661 
1662 1681 1680 1799 
1662 1681 1799 1801 
1662 1681 1801 1682 
1662 1681 1682 1680 
1628 1645 1644 1763 
1628 1645 1763 1765 
1628 1645 1765 1646 
1628 1645 1646 1644 
1645 1664 1663 1785 
1645 1664 1785 1787 
1645 1664 1787 1665 
1645 1664 1665 1663 
1664 1683 1682 1801 
1664 1683 1801 1803 
1647 1666 1665 1787 
1647 1666 1787 1789 
1647 1666 1789 1667 
1648 1668 1667 1789 
1648 1668 1789 1791 
1648 1668 1791 1669 
1648 1668 1669 1667 
1668 1686 1685 1805 
1668 1686 1805 1807 
1668 1686 1807 1687 
1668 1686 1687 1685 
1686 1695 1694 1814 
1686 1695 1814 1816 
1686 1695 1816 1696 
1686 1695 1696 1694 
1670 1688 1687 1807 
1670 1688 1807 1809 
1670 1688 1689 1687 
1705 1713 1820 1714 
1705 1713 1714 1712 
1698 1707 1706 1817 
1698 1707 1817 1819 
1698 1707 1819 1708 
1698 1707 1708 1706 
1707 1715 1714 1820 
1707 1715 1820 1821 
1707 1715 1821 1716 
1707 1715 1716 1714 
1700 1709 1708 1819 
1700 1709 1710 1708 
1709 1717 1716 1821 
1709 1717 1718 1716 
1784 1800 1799 1884 
1784 1800 1884 1886 
1784 1800 1886 1801 
1784 1800 1801 1799 
1764 1786 1785 1872 
1764 1786 1872 1874 
1764 1786 1874 1787 
1764 1786 1787 1785 
1786 1802 1801 1886 
1786 1802 1886 1888 
1786 1802 1888 1803 
1786 1802 1803 1801 
1802 1812 1811 1895 
1802 1812 1895 1896 
1802 1812 1896 1813 
1802 1812 1813 1811 
1747 1766 1765 1854 
1747 1766 1854 1856 
1747 1766 1856 1767 
1747 1766 1767 1765 
1766 1788 1787 1874 
1766 1788 1874 1876 
1766 1788 1876 1789 
1766 1788 1789 1787 
1788 1804 1803 1888 
1788 1804 1888 1890 
1788 1804 1890 1805 
1788 1804 1805 1803 
1748 1768 1767 1856 
1748 1768 1856 1858 
1748 1768 1858 1769 
1748 1768 1769 1767 
1768 1790 1789 1876 
1768 1790 1876 1878 
1768 1790 1878 1791 
1768 1790 1791 1789 
1790 1806 1805 1890 
1790 1806 1890 1892 
1790 1806 1892 1807 
1790 1806 1807 1805 
1806 1815 1814 1898 
1806 1815 1898 1900 
1806 1815 1900 1816 
1806 1815 1816 1814 
1770 1792 1791 1878 
1770 1792 1878 1880 
1792 1808 1807 1892 
1792 1808 1809 1807 
1853 1873 1916 1874 
1853 1873 1874 1872 
1873 1887 1886 1924 
1873 1887 1924 1926 
1873 1887 1926 1888 
1873 1887 1888 1886 
1836 1855 1905 1856 
1836 1855 1856 1854 
1855 1875 1874 1916 
1855 1875 1916 1918 
1855 1875 1918 1876 
1855 1875 1876 1874 
1875 1889 1888 1926 
1875 1889 1926 1928 
1875 1889 1928 1890 
1875 1889 1890 1888 
1889 1897 1896 1933 
1889 1897 1933 1934 
1889 1897 1934 1898 
1889 1897 1898 1896 
1838 1857 1856 1905 
1838 1857 1905 1907 
1838 1857 1907 1858 
1838 1857 1858 1856 
1857 1877 1876 1918 
1857 1877 1918 1920 
1857 1877 1920 1878 
1857 1877 1878 1876 
1877 1891 1890 1928 
1877 1891 1928 1930 
1877 1891 1930 1892 
1877 1891 1892 1890 
1891 1899 1898 1934 
1891 1899 1934 1935 
1891 1899 1935 1900 
1891 1899 1900 1898 
1839 1859 1858 1907 
1839 1859 1907 1909 
1839 1859 1909 1860 
1839 1859 1860 1858 
1859 1879 1878 1920 
1859 1879 1920 1922 
1859 1879 1922 1880 
1859 1879 1880 1878 
1879 1893 1892 1930 
1879 1893 1930 1932 
1879 1893 1932 1894 
1879 1893 1894 1892 
1915 1925 1936 1926 
1915 1925 1926 1924 
1917 1927 1926 1936 
1917 1927 1937 1928 
1917 1927 1928 1926 
1919 1929 1928 1937 
1919 1929 1938 1930 
1919 1929 1930 1928 
1921 1931 1930 1938 
1921 1931 1932 1930 
1747 1836 1837 1856 
1747 1836 1856 1854 
1748 1838 1858 1856 
1748 1838 1856 1837 
944 1071 1078 1076 
1072 1218 1231 1229 
1072 1218 1229 1217 
1219 1372 1371 1373 
1219 1372 1373 1389 
1219 1372 1389 1387 
1219 1372 1387 1371 
1374 1513 1514 1532 
1374 1513 1532 1530 
1513 1643 1644 1663 
1513 1643 1663 1661 
1515 1645 1644 1646 
1515 1645 1646 1665 
1515 1645 1665 1663 
1515 1645 1663 1644 
1645 1764 1763 1765 
1645 1764 1765 1787 
1645 1764 1787 1785 
1645 1764 1785 1763 
1764 1853 1854 1874 
1764 1853 1874 1872 
1647 1766 1765 1767 
1647 1766 1767 1789 
1647 1766 1789 1787 
1647 1766 1787 1765 
1766 1855 1854 1856 
1766 1855 1856 1876 
1766 1855 1876 1874 
1766 1855 1874 1854 
1648 1768 1767 1769 
1648 1768 1769 1791 
1648 1768 1791 1789 
1648 1768 1789 1767 
1768 1857 1856 1858 
1768 1857 1858 1878 
1768 1857 1878 1876 
1768 1857 1876 1856 
1857 1906 1905 1907 
1857 1906 1907 1920 
1857 1906 1920 1918 
1857 1906 1918 1905 
1770 1859 1858 1860 
1770 1859 1860 1880 
1770 1859 1880 1878 
1770 1859 1878 1858 
1859 1908 1907 1909 
1859 1908 1909 1922 
1859 1908 1922 1920 
1859 1908 1920 1907 
945 1075 1076 1088 
945 1075 1088 1086 
824 947 946 948 
824 947 948 956 
824 947 956 954 
824 947 954 946 
947 1077 1076 1078 
947 1077 1078 1090 
947 1077 1090 1088 
947 1077 1088 1076 
1077 1228 1229 1242 
1077 1228 1242 1240 
825 949 958 956 
825 949 956 948 
949 1079 1078 1080 
949 1079 1080 1092 
949 1079 1092 1090 
949 1079 1090 1078 
1079 1230 1229 1231 
1079 1230 1231 1244 
1079 1230 1244 1242 
1079 1230 1242 1229 
1230 1386 1385 1387 
1230 1386 1387 1401 
1230 1386 1401 1399 
1230 1386 1399 1385 
950 1081 1094 1092 
950 1081 1092 1080 
1081 1232 1231 1233 
1081 1232 1233 1246 
1081 1232 1246 1244 
1081 1232 1244 1231 
1232 1388 1387 1389 
1232 1388 1389 1403 
1232 1388 1403 1401 
1232 1388 1401 1387 
1388 1529 1528 1530 
1388 1529 1530 1546 
1388 1529 1546 1544 
1388 1529 1544 1528 
1082 1234 1248 1246 
1082 1234 1246 1233 
1390 1531 1530 1532 
1390 1531 1546 1530 
1531 1662 1661 1663 
1531 1662 1663 1682 
1531 1662 1682 1680 
1531 1662 1680 1661 
1662 1784 1785 1801 
1662 1784 1801 1799 
1664 1786 1785 1787 
1664 1786 1787 1803 
1664 1786 1803 1801 
1664 1786 1801 1785 
1786 1873 1872 1874 
1786 1873 1874 1888 
1786 1873 1888 1886 
1786 1873 1886 1872 
1873 1915 1916 1926 
1873 1915 1926 1924 
1666 1788 1787 1789 
1666 1788 1789 1805 
1666 1788 1805 1803 
1666 1788 1803 1787 
1788 1875 1874 1876 
1788 1875 1876 1890 
1788 1875 1890 1888 
1788 1875 1888 1874 
1875 1917 1916 1918 
1875 1917 1918 1928 
1875 1917 1928 1926 
1875 1917 1926 1916 
1533 1668 1667 1669 
1533 1668 1669 1687 
1533 1668 1687 1685 
1533 1668 1685 1667 
1668 1790 1789 1791 
1668 1790 1791 1807 
1668 1790 1807 1805 
1668 1790 1805 1789 
1790 1877 1876 1878 
1790 1877 1878 1892 
1790 1877 1892 1890 
1790 1877 1890 1876 
1877 1919 1918 1920 
1877 1919 1920 1930 
1877 1919 1930 1928 
1877 1919 1928 1918 
1534 1670 1689 1687 
1534 1670 1687 1669 
1670 1792 1809 1807 
1670 1792 1807 1791 
1792 1879 1878 1880 
1792 1879 1880 1894 
1792 1879 1894 1892 
1792 1879 1892 1878 
1879 1921 1920 1922 
1879 1921 1922 1932 
1879 1921 1932 1930 
1879 1921 1930 1920 
1087 1239 1238 1240 
1087 1239 1240 1260 
1087 1239 1260 1258 
1087 1239 1258 1238 
955 1089 1088 1090 
955 1089 1090 1107 
1089 1241 1240 1242 
1089 1241 1242 1262 
1089 1241 1262 1260 
1089 1241 1260 1240 
1241 1398 1397 1399 
1241 1398 1399 1416 
1241 1398 1416 1414 
1241 1398 1414 1397 
957 1091 1090 1092 
957 1091 1092 1109 
957 1091 1109 1107 
957 1091 1107 1090 
1091 1243 1242 1244 
1091 1243 1244 1264 
1091 1243 1264 1262 
1091 1243 1262 1242 
1243 1400 1399 1401 
1243 1400 1401 1418 
1243 1400 1418 1416 
1243 1400 1416 1399 
1400 1543 1542 1544 
1400 1543 1544 1559 
1400 1543 1559 1558 
1400 1543 1558 1542 
959 1093 1092 1094 
959 1093 1094 1111 
959 1093 1111 1109 
959 1093 1109 1092 
1093 1245 1244 1246 
1093 1245 1246 1266 
1093 1245 1266 1264 
1093 1245 1264 1244 
1245 1402 1401 1403 
1245 1402 1403 1420 
1245 1402 1420 1418 
1245 1402 1418 1401 
1402 1545 1544 1546 
1402 1545 1559 1544 
1545 1679 1678 1680 
1545 1679 1680 1693 
1545 1679 1692 1678 
961 1095 1094 1096 
961 1095 1096 1113 
961 1095 1113 1111 
961 1095 1111 1094 
1095 1247 1246 1248 
1095 1247 1266 1246 
1547 1681 1680 1682 
1547 1681 1693 1680 
1681 1800 1799 1801 
1681 1800 1801 1811 
1681 1800 1810 1799 
963 1097 1096 1098 
963 1097 1098 1115 
963 1097 1115 1113 
963 1097 1113 1096 
1097 1249 1248 1250 
1097 1249 1250 1270 
1097 1249 1270 1268 
1097 1249 1268 1248 
1683 1802 1801 1803 
1683 1802 1803 1813 
1683 1802 1813 1811 
1683 1802 1811 1801 
1802 1887 1886 1888 
1802 1887 1888 1896 
1802 1887 1896 1895 
1802 1887 1895 1886 
1887 1925 1924 1926 
1887 1925 1926 1933 
964 1099 1098 1100 
964 1099 1100 1117 
964 1099 1117 1115 
964 1099 1115 1098 
1099 1251 1250 1252 
1099 1251 1252 1272 
1099 1251 1272 1270 
1099 1251 1270 1250 
1804 1889 1888 1890 
1804 1889 1890 1898 
1804 1889 1898 1896 
1804 1889 1896 1888 
1889 1927 1926 1928 
1889 1927 1928 1934 
1889 1927 1934 1933 
1889 1927 1933 1926 
965 1101 1119 1117 
965 1101 1117 1100 
1101 1253 1252 1254 
1101 1253 1254 1274 
1101 1253 1274 1272 
1101 1253 1272 1252 
1253 1405 1404 1406 
1253 1405 1406 1425 
1253 1405 1425 1423 
1253 1405 1423 1404 
1548 1686 1685 1687 
1548 1686 1687 1696 
1548 1686 1696 1694 
1548 1686 1694 1685 
1686 1806 1805 1807 
1686 1806 1807 1816 
1686 1806 1816 1814 
1686 1806 1814 1805 
1806 1891 1890 1892 
1806 1891 1892 1900 
1806 1891 1900 1898 
1806 1891 1898 1890 
1891 1929 1928 1930 
1891 1929 1930 1935 
1891 1929 1935 1934 
1891 1929 1934 1928 
1102 1255 1276 1274 
1102 1255 1274 1254 
1255 1407 1408 1427 
1255 1407 1427 1425 
1255 1407 1425 1406 
1550 1688 1687 1689 
1550 1688 1696 1687 
1688 1808 1807 1809 
1688 1808 1816 1807 
1893 1931 1930 1932 
1893 1931 1935 1930 
1256 1409 1429 1427 
1256 1409 1427 1408 
1409 1551 1552 1564 
1409 1551 1564 1562 
1410 1553 1554 1566 
1410 1553 1566 1564 
1410 1553 1564 1552 
1411 1555 1568 1566 
1411 1555 1566 1554 
1261 1415 1414 1416 
1261 1415 1416 1435 
1263 1417 1416 1418 
1263 1417 1418 1436 
1263 1417 1435 1416 
1110 1265 1264 1266 
1110 1265 1266 1287 
1265 1419 1418 1420 
1265 1419 1420 1437 
1265 1419 1437 1436 
1265 1419 1436 1418 
1112 1267 1266 1268 
1112 1267 1268 1289 
1112 1267 1287 1266 
1114 1269 1268 1270 
1114 1269 1270 1291 
1114 1269 1291 1289 
1114 1269 1289 1268 
1116 1271 1270 1272 
1116 1271 1272 1293 
1116 1271 1293 1291 
1116 1271 1291 1270 
1271 1422 1421 1423 
1271 1422 1423 1443 
1271 1422 1443 1441 
1271 1422 1441 1421 
1118 1273 1272 1274 
1118 1273 1274 1295 
1118 1273 1295 1293 
1118 1273 1293 1272 
1273 1424 1423 1425 
1273 1424 1425 1445 
1273 1424 1445 1443 
1273 1424 1443 1423 
1120 1275 1274 1276 
1120 1275 1276 1297 
1120 1275 1297 1295 
1120 1275 1295 1274 
1275 1426 1425 1427 
1275 1426 1427 1447 
1275 1426 1447 1445 
1275 1426 1445 1425 
1426 1561 1560 1562 
1426 1561 1562 1576 
1426 1561 1576 1574 
1426 1561 1574 1560 
1122 1277 1276 1278 
1122 1277 1278 1299 
1122 1277 1299 1297 
1122 1277 1297 1276 
1277 1428 1427 1429 
1277 1428 1429 1449 
1277 1428 1449 1447 
1277 1428 1447 1427 
1428 1563 1562 1564 
1428 1563 1564 1578 
1428 1563 1578 1576 
1428 1563 1576 1562 
1124 1279 1278 1280 
1124 1279 1280 1301 
1124 1279 1301 1299 
1124 1279 1299 1278 
1279 1430 1429 1431 
1279 1430 1431 1451 
1279 1430 1451 1449 
1279 1430 1449 1429 
1430 1565 1564 1566 
1430 1565 1566 1580 
1430 1565 1580 1578 
1430 1565 1578 1564 
1565 1698 1699 1708 
1565 1698 1708 1706 
1125 1281 1303 1301 
1125 1281 1301 1280 
1281 1432 1431 1433 
1281 1432 1433 1453 
1281 1432 1453 1451 
1281 1432 1451 1431 
1432 1567 1566 1568 
1432 1567 1568 1582 
1432 1567 1582 1580 
1432 1567 1580 1566 
1567 1700 1699 1701 
1567 1700 1701 1710 
1567 1700 1710 1708 
1567 1700 1708 1699 
1290 1440 1439 1441 
1290 1440 1441 1456 
1292 1442 1441 1443 
1292 1442 1443 1458 
1292 1442 1456 1441 
1442 1571 1570 1572 
1442 1571 1572 1585 
1442 1571 1585 1584 
1442 1571 1584 1570 
1294 1444 1443 1445 
1294 1444 1445 1460 
1294 1444 1460 1458 
1294 1444 1458 1443 
1444 1573 1572 1574 
1444 1573 1574 1587 
1444 1573 1587 1585 
1444 1573 1585 1572 
1296 1446 1445 1447 
1296 1446 1447 1462 
1296 1446 1462 1460 
1296 1446 1460 1445 
1446 1575 1574 1576 
1446 1575 1576 1589 
1446 1575 1589 1587 
1446 1575 1587 1574 
1575 1703 1702 1704 
1575 1703 1704 1712 
1575 1703 1712 1711 
1575 1703 1711 1702 
1298 1448 1447 1449 
1298 1448 1449 1464 
1298 1448 1464 1462 
1298 1448 1462 1447 
1448 1577 1576 1578 
1448 1577 1578 1591 
1448 1577 1591 1589 
1448 1577 1589 1576 
1577 1705 1704 1706 
1577 1705 1706 1714 
1577 1705 1714 1712 
1577 1705 1712 1704 
1300 1450 1449 1451 
1300 1450 1451 1466 
1300 1450 1466 1464 
1300 1450 1464 1449 
1450 1579 1578 1580 
1450 1579 1580 1593 
1450 1579 1593 1591 
1450 1579 1591 1578 
1579 1707 1706 1708 
1579 1707 1708 1716 
1579 1707 1716 1714 
1579 1707 1714 1706 
1707 1818 1817 1819 
1707 1818 1819 1821 
1707 1818 1821 1820 
1707 1818 1820 1817 
1452 1581 1580 1582 
1452 1581 1582 1595 
1452 1581 1595 1593 
1452 1581 1593 1580 
1581 1709 1708 1710 
1581 1709 1710 1718 
1581 1709 1718 1716 
1581 1709 1716 1708 
1459 1586 1585 1587 
1459 1586 1587 1596 
1461 1588 1587 1589 
1461 1588 1589 1597 
1461 1588 1596 1587 
1463 1590 1589 1591 
1463 1590 1591 1599 
1463 1590 1599 1597 
1463 1590 1597 1589 
1590 1713 1712 1714 
1590 1713 1714 1720 
1590 1713 1720 1719 
1590 1713 1719 1712 
1465 1592 1591 1593 
1465 1592 1593 1601 
1465 1592 1601 1599 
1465 1592 1599 1591 
1592 1715 1714 1716 
1592 1715 1716 1721 
1592 1715 1721 1720 
1592 1715 1720 1714 
1594 1717 1716 1718 
1594 1717 1721 1716 
