4344
4 6 5 11 
4 6 11 37 
4 6 37 30 
4 6 30 5 
6 8 7 13 
6 8 13 39 
6 8 39 32 
6 8 32 7 
8 9 15 41 
8 9 41 34 
10 12 11 18 
10 12 18 47 
10 12 47 37 
10 12 37 11 
12 14 13 20 
12 14 20 49 
12 14 49 39 
12 14 39 13 
14 16 15 22 
14 16 22 51 
14 16 51 41 
14 16 41 15 
17 19 24 56 
17 19 56 47 
17 19 47 18 
19 21 58 49 
19 21 49 20 
23 25 62 56 
23 25 56 24 
26 27 30 74 
26 27 74 67 
27 28 32 76 
27 28 76 69 
29 31 30 37 
29 31 37 83 
29 31 83 74 
29 31 74 30 
31 33 32 39 
31 33 39 85 
31 33 85 76 
31 33 76 32 
33 35 34 41 
33 35 41 87 
33 35 87 78 
33 35 78 34 
36 38 37 47 
36 38 47 93 
36 38 93 83 
36 38 83 37 
38 40 39 49 
38 40 49 95 
38 40 95 85 
38 40 85 39 
40 42 41 51 
40 42 51 97 
40 42 97 87 
40 42 87 41 
42 44 43 53 
42 44 53 99 
42 44 99 89 
42 44 89 43 
46 48 47 56 
46 48 56 102 
46 48 102 93 
46 48 93 47 
48 50 49 58 
48 50 58 104 
48 50 104 95 
48 50 95 49 
50 52 51 60 
50 52 60 106 
50 52 106 97 
50 52 97 51 
55 57 56 62 
55 57 109 102 
55 57 102 56 
57 59 110 104 
57 59 104 58 
59 61 111 106 
59 61 106 60 
64 66 65 72 
64 66 72 129 
64 66 129 120 
64 66 120 65 
66 68 67 74 
66 68 74 131 
66 68 131 122 
66 68 122 67 
68 70 69 76 
68 70 76 133 
68 70 133 124 
71 73 72 81 
71 73 81 137 
71 73 137 129 
71 73 129 72 
73 75 74 83 
73 75 83 139 
73 75 139 131 
73 75 131 74 
75 77 76 85 
75 77 85 141 
75 77 141 133 
75 77 133 76 
77 79 78 87 
77 79 87 143 
77 79 143 135 
77 79 135 78 
80 82 81 91 
80 82 91 147 
80 82 147 137 
80 82 137 81 
82 84 83 93 
82 84 93 149 
82 84 149 139 
82 84 139 83 
84 86 85 95 
84 86 95 151 
84 86 151 141 
84 86 141 85 
86 88 87 97 
86 88 97 153 
86 88 153 143 
86 88 143 87 
90 92 91 100 
90 92 100 157 
90 92 157 147 
90 92 147 91 
92 94 93 102 
92 94 102 158 
92 94 158 149 
92 94 149 93 
94 96 95 104 
94 96 104 159 
94 96 159 151 
94 96 151 95 
96 98 97 106 
96 98 106 161 
96 98 161 153 
96 98 153 97 
101 103 102 109 
101 103 158 102 
103 105 104 110 
103 105 159 104 
105 107 106 111 
105 107 161 106 
113 115 114 120 
113 115 120 177 
113 115 177 168 
113 115 168 114 
115 117 116 122 
115 117 122 179 
115 117 179 170 
115 117 170 116 
117 118 124 181 
117 118 181 172 
119 121 120 129 
119 121 129 187 
119 121 187 177 
119 121 177 120 
121 123 122 131 
121 123 131 189 
121 123 189 179 
121 123 179 122 
123 125 124 133 
123 125 133 191 
123 125 191 181 
123 125 181 124 
125 127 126 135 
125 127 135 193 
125 127 193 183 
125 127 183 126 
128 130 129 137 
128 130 137 198 
128 130 198 187 
128 130 187 129 
130 132 131 139 
130 132 139 200 
130 132 200 189 
130 132 189 131 
132 134 133 141 
132 134 141 202 
132 134 202 191 
132 134 191 133 
136 138 137 147 
136 138 147 213 
136 138 213 198 
136 138 198 137 
138 140 139 149 
138 140 149 215 
138 140 215 200 
138 140 200 139 
140 142 141 151 
140 142 151 217 
140 142 217 202 
140 142 202 141 
146 148 147 157 
146 148 227 213 
146 148 213 147 
148 150 149 158 
148 150 215 149 
150 152 151 159 
150 152 159 228 
150 152 228 217 
150 152 217 151 
152 154 153 161 
152 154 161 229 
152 154 229 219 
152 154 219 153 
167 169 168 177 
167 169 177 258 
169 171 170 179 
169 171 179 260 
169 171 260 251 
169 171 251 170 
171 173 172 181 
171 173 181 262 
171 173 262 253 
171 173 253 172 
174 176 175 185 
174 176 185 265 
176 178 177 187 
176 178 187 267 
176 178 267 258 
176 178 258 177 
178 180 179 189 
178 180 189 269 
178 180 269 260 
178 180 260 179 
180 182 181 191 
180 182 191 271 
180 182 271 262 
180 182 262 181 
184 186 185 196 
184 186 196 276 
184 186 276 265 
184 186 265 185 
186 188 187 198 
186 188 198 278 
186 188 278 267 
186 188 267 187 
188 190 189 200 
188 190 200 280 
188 190 280 269 
188 190 269 189 
190 192 191 202 
190 192 202 282 
190 192 282 271 
190 192 271 191 
194 195 206 285 
194 195 285 273 
197 199 198 213 
197 199 213 291 
197 199 291 278 
197 199 278 198 
199 201 200 215 
199 201 215 292 
199 201 292 280 
199 201 280 200 
201 203 202 217 
201 203 217 293 
201 203 293 282 
201 203 282 202 
205 207 206 221 
205 207 221 297 
205 207 297 285 
205 207 285 206 
207 209 208 223 
207 209 223 299 
207 209 299 287 
207 209 287 208 
209 210 225 301 
209 210 301 289 
212 214 213 227 
212 214 291 213 
216 218 217 228 
216 218 293 217 
220 222 221 231 
220 222 231 307 
220 222 307 297 
220 222 297 221 
222 224 223 233 
222 224 233 309 
222 224 309 299 
222 224 299 223 
224 226 225 235 
224 226 235 311 
224 226 311 301 
224 226 301 225 
230 232 237 315 
230 232 315 307 
230 232 307 231 
232 234 317 309 
232 234 309 233 
236 238 320 315 
236 238 315 237 
250 252 251 260 
250 252 260 353 
252 254 253 262 
252 254 262 355 
252 254 341 253 
257 259 258 267 
257 259 267 365 
259 261 260 269 
259 261 269 367 
259 261 367 353 
259 261 353 260 
261 263 262 271 
261 263 271 369 
261 263 369 355 
261 263 355 262 
264 266 265 276 
264 266 276 377 
266 268 267 278 
266 268 278 378 
266 268 378 365 
266 268 365 267 
268 270 269 280 
268 270 280 380 
268 270 380 367 
268 270 367 269 
272 274 273 285 
272 274 285 386 
272 274 386 373 
274 275 287 388 
274 275 388 375 
277 279 278 291 
277 279 378 278 
279 281 280 292 
279 281 391 380 
279 281 380 280 
284 286 285 297 
284 286 297 395 
284 286 395 386 
284 286 386 285 
286 288 287 299 
286 288 299 397 
286 288 397 388 
286 288 388 287 
288 290 289 301 
288 290 301 399 
288 290 399 390 
288 290 390 289 
294 296 295 305 
294 296 305 402 
294 296 402 393 
294 296 393 295 
296 298 297 307 
296 298 307 404 
296 298 404 395 
296 298 395 297 
298 300 299 309 
298 300 309 406 
298 300 406 397 
298 300 397 299 
300 302 301 311 
300 302 311 408 
300 302 408 399 
300 302 399 301 
304 306 305 313 
304 306 313 409 
304 306 409 402 
304 306 402 305 
306 308 307 315 
306 308 315 411 
306 308 411 404 
306 308 404 307 
308 310 309 317 
308 310 317 413 
308 310 413 406 
308 310 406 309 
310 312 311 319 
310 312 319 415 
310 312 415 408 
310 312 408 311 
314 316 315 320 
314 316 416 411 
314 316 411 315 
316 318 417 413 
316 318 413 317 
331 332 343 448 
331 332 448 434 
342 344 343 357 
342 344 357 468 
342 344 468 448 
342 344 448 343 
352 354 353 367 
352 354 367 484 
354 356 486 466 
358 359 371 492 
358 359 492 474 
359 360 373 494 
359 360 494 476 
364 366 365 378 
364 366 378 498 
366 368 367 380 
366 368 380 499 
366 368 499 484 
366 368 484 367 
370 372 371 384 
370 372 384 502 
370 372 502 492 
370 372 492 371 
372 374 373 386 
372 374 386 504 
372 374 504 494 
372 374 494 373 
374 376 375 388 
374 376 388 506 
374 376 506 496 
374 376 496 375 
379 381 380 391 
379 381 499 380 
383 385 384 393 
383 385 393 512 
383 385 512 502 
383 385 502 384 
385 387 386 395 
385 387 395 514 
385 387 514 504 
385 387 504 386 
387 389 388 397 
387 389 397 516 
387 389 516 506 
387 389 506 388 
392 394 393 402 
392 394 402 523 
392 394 523 512 
392 394 512 393 
394 396 395 404 
394 396 404 525 
394 396 525 514 
394 396 514 395 
396 398 397 406 
396 398 406 527 
396 398 527 516 
396 398 516 397 
401 403 402 409 
401 403 533 523 
401 403 523 402 
403 405 404 411 
403 405 411 534 
403 405 534 525 
403 405 525 404 
405 407 406 413 
405 407 413 535 
405 407 535 527 
405 407 527 406 
410 412 411 416 
410 412 534 411 
412 414 413 417 
412 414 535 413 
435 436 450 566 
435 436 566 549 
447 449 448 468 
447 449 468 587 
447 449 587 564 
447 449 564 448 
449 451 450 470 
449 451 470 589 
449 451 589 566 
449 451 566 450 
451 453 452 472 
451 453 472 591 
451 453 591 568 
451 453 568 452 
455 456 474 597 
455 456 597 574 
465 467 466 486 
465 467 486 609 
467 469 468 488 
467 469 488 611 
467 469 611 587 
467 469 587 468 
469 471 613 589 
469 471 589 470 
473 475 474 492 
473 475 492 620 
473 475 620 597 
473 475 597 474 
475 477 476 494 
475 477 494 622 
475 477 622 599 
483 485 484 499 
483 485 625 607 
483 485 607 484 
485 487 626 609 
485 487 609 486 
487 489 628 611 
487 489 611 488 
491 493 492 502 
491 493 502 634 
491 493 634 620 
491 493 620 492 
493 495 494 504 
493 495 504 636 
493 495 636 622 
493 495 622 494 
495 497 496 506 
495 497 506 638 
495 497 638 624 
495 497 624 496 
501 503 502 512 
501 503 512 644 
501 503 644 634 
501 503 634 502 
503 505 504 514 
503 505 514 646 
503 505 646 636 
503 505 636 504 
505 507 506 516 
505 507 516 648 
505 507 648 638 
505 507 638 506 
509 511 510 521 
509 511 521 659 
509 511 659 642 
509 511 642 510 
511 513 512 523 
511 513 523 660 
511 513 660 644 
511 513 644 512 
513 515 514 525 
513 515 525 661 
513 515 661 646 
513 515 646 514 
515 517 516 527 
515 517 527 663 
515 517 663 648 
515 517 648 516 
518 519 531 667 
518 519 667 653 
522 524 523 533 
522 524 660 523 
524 526 525 534 
524 526 661 525 
526 528 527 535 
526 528 663 527 
530 532 675 667 
530 532 667 531 
548 550 549 566 
548 550 566 701 
548 550 701 687 
548 550 687 549 
550 552 551 568 
550 552 568 703 
550 552 703 689 
550 552 689 551 
552 553 570 705 
552 553 705 691 
565 567 566 589 
565 567 589 722 
565 567 722 701 
565 567 701 566 
567 569 568 591 
567 569 591 724 
567 569 724 703 
567 569 703 568 
569 571 570 593 
569 571 593 726 
569 571 726 705 
569 571 705 570 
571 573 572 595 
571 573 595 728 
571 573 728 707 
571 573 707 572 
573 575 574 597 
573 575 597 730 
573 575 730 709 
575 576 599 732 
575 576 732 711 
586 588 587 611 
586 588 611 740 
586 588 740 720 
586 588 720 587 
588 590 589 613 
588 590 613 742 
588 590 742 722 
588 590 722 589 
590 592 591 615 
590 592 615 744 
590 592 744 724 
590 592 724 591 
592 594 746 726 
592 594 726 593 
594 596 595 618 
594 596 618 748 
594 596 748 728 
594 596 728 595 
596 598 597 620 
596 598 620 750 
596 598 750 730 
596 598 730 597 
598 600 599 622 
598 600 622 752 
598 600 752 732 
598 600 732 599 
600 602 601 624 
600 602 624 754 
600 602 754 734 
600 602 734 601 
608 610 609 626 
608 610 626 757 
608 610 757 738 
608 610 738 609 
610 612 611 628 
610 612 628 758 
610 612 758 740 
610 612 740 611 
612 614 613 630 
612 614 630 759 
612 614 759 742 
612 614 742 613 
614 616 761 744 
614 616 744 615 
617 619 618 632 
617 619 632 765 
617 619 765 748 
617 619 748 618 
619 621 620 634 
619 621 634 767 
619 621 767 750 
619 621 750 620 
621 623 622 636 
621 623 636 769 
621 623 769 752 
621 623 752 622 
631 633 632 642 
631 633 642 779 
631 633 779 765 
631 633 765 632 
633 635 634 644 
633 635 644 781 
633 635 781 767 
633 635 767 634 
635 637 636 646 
635 637 646 783 
635 637 783 769 
635 637 769 636 
639 640 653 789 
639 640 789 775 
640 641 655 791 
640 641 791 777 
643 645 644 660 
643 645 781 644 
645 647 646 661 
645 647 661 794 
645 647 794 783 
645 647 783 646 
647 649 648 663 
647 649 663 795 
647 649 795 785 
647 649 785 648 
650 652 651 665 
650 652 665 797 
650 652 797 787 
650 652 787 651 
652 654 653 667 
652 654 667 799 
652 654 799 789 
652 654 789 653 
654 656 655 669 
654 656 669 801 
654 656 801 791 
654 656 791 655 
656 658 657 671 
656 658 671 803 
656 658 803 793 
656 658 793 657 
664 666 665 673 
664 666 673 806 
664 666 806 797 
664 666 797 665 
666 668 667 675 
666 668 675 808 
666 668 808 799 
666 668 799 667 
668 670 669 677 
668 670 677 810 
668 670 810 801 
668 670 801 669 
672 674 673 679 
672 674 679 813 
672 674 813 806 
672 674 806 673 
674 676 675 681 
674 676 681 815 
674 676 815 808 
674 676 808 675 
676 678 817 810 
676 678 810 677 
688 690 689 703 
688 690 703 829 
688 690 829 819 
688 690 819 689 
690 692 691 705 
690 692 705 831 
690 692 831 821 
690 692 821 691 
692 693 707 833 
692 693 833 823 
700 702 701 722 
700 702 722 847 
700 702 847 827 
700 702 827 701 
702 704 703 724 
702 704 724 849 
702 704 849 829 
702 704 829 703 
704 706 705 726 
704 706 726 851 
704 706 851 831 
704 706 831 705 
706 708 707 728 
706 708 728 853 
706 708 853 833 
706 708 833 707 
708 710 709 730 
708 710 730 855 
708 710 855 835 
708 710 835 709 
710 712 711 732 
710 712 732 857 
710 712 857 837 
719 721 720 740 
719 721 740 866 
719 721 866 845 
719 721 845 720 
721 723 722 742 
721 723 742 868 
721 723 868 847 
721 723 847 722 
723 725 724 744 
723 725 744 870 
723 725 870 849 
723 725 849 724 
725 727 726 746 
725 727 746 872 
725 727 872 851 
725 727 851 726 
727 729 728 748 
727 729 748 874 
727 729 874 853 
727 729 853 728 
729 731 730 750 
729 731 750 876 
729 731 876 855 
729 731 855 730 
731 733 732 752 
731 733 752 878 
731 733 878 857 
731 733 857 732 
739 741 740 758 
739 741 887 866 
739 741 866 740 
741 743 742 759 
741 743 759 888 
741 743 888 868 
741 743 868 742 
743 745 744 761 
743 745 761 889 
743 745 889 870 
743 745 870 744 
745 747 746 763 
745 747 763 890 
745 747 890 872 
745 747 872 746 
747 749 748 765 
747 749 765 892 
747 749 892 874 
747 749 874 748 
749 751 750 767 
749 751 767 894 
749 751 894 876 
749 751 876 750 
751 753 752 769 
751 753 769 896 
751 753 896 878 
751 753 878 752 
755 756 773 899 
755 756 899 884 
764 766 765 779 
764 766 779 905 
764 766 905 892 
764 766 892 765 
766 768 767 781 
766 768 781 906 
766 768 906 894 
766 768 894 767 
768 770 769 783 
768 770 783 907 
768 770 907 896 
768 770 896 769 
772 774 773 787 
772 774 787 910 
772 774 910 899 
772 774 899 773 
774 776 775 789 
774 776 789 912 
774 776 912 901 
774 776 901 775 
776 778 777 791 
776 778 791 914 
776 778 914 903 
782 784 783 794 
782 784 907 783 
786 788 787 797 
786 788 797 920 
786 788 920 910 
786 788 910 787 
788 790 789 799 
788 790 799 922 
788 790 922 912 
788 790 912 789 
790 792 791 801 
790 792 801 924 
790 792 924 914 
790 792 914 791 
796 798 797 806 
796 798 806 928 
796 798 928 920 
796 798 920 797 
798 800 799 808 
798 800 808 930 
798 800 930 922 
798 800 922 799 
800 802 801 810 
800 802 810 932 
800 802 932 924 
800 802 924 801 
805 807 806 813 
805 807 813 934 
805 807 934 928 
805 807 928 806 
807 809 808 815 
807 809 815 936 
807 809 936 930 
807 809 930 808 
809 811 810 817 
809 811 817 938 
809 811 938 932 
809 811 932 810 
814 816 941 936 
814 816 936 815 
816 818 942 938 
816 818 938 817 
820 822 821 831 
820 822 831 952 
822 824 823 833 
822 824 833 954 
822 824 954 946 
824 825 835 956 
824 825 956 948 
828 830 829 849 
828 830 849 967 
830 832 831 851 
830 832 851 969 
830 832 969 952 
830 832 952 831 
832 834 833 853 
832 834 853 971 
832 834 971 954 
832 834 954 833 
834 836 835 855 
834 836 855 973 
834 836 973 956 
834 836 956 835 
836 838 837 857 
836 838 857 975 
836 838 975 958 
836 838 958 837 
838 840 839 859 
838 840 859 977 
838 840 977 960 
838 840 960 839 
840 841 861 979 
840 841 979 962 
846 848 847 868 
846 848 868 989 
848 850 849 870 
848 850 870 991 
848 850 991 967 
848 850 967 849 
850 852 851 872 
850 852 872 993 
850 852 993 969 
850 852 969 851 
852 854 853 874 
852 854 874 995 
852 854 995 971 
852 854 971 853 
854 856 855 876 
854 856 876 997 
854 856 997 973 
854 856 973 855 
856 858 857 878 
856 858 878 999 
856 858 999 975 
856 858 975 857 
858 860 859 880 
858 860 880 1001 
858 860 1001 977 
858 860 977 859 
860 862 861 882 
860 862 882 1003 
860 862 1003 979 
860 862 979 861 
865 867 866 887 
865 867 988 866 
867 869 868 888 
867 869 989 868 
869 871 870 889 
869 871 1015 991 
869 871 991 870 
871 873 872 890 
871 873 890 1016 
871 873 1016 993 
871 873 993 872 
873 875 874 892 
873 875 892 1017 
873 875 1017 995 
873 875 995 874 
875 877 876 894 
875 877 894 1019 
875 877 1019 997 
875 877 997 876 
877 879 1021 999 
877 879 999 878 
879 881 1023 1001 
879 881 1001 880 
883 885 884 899 
883 885 899 1030 
883 885 1030 1011 
885 886 901 1032 
885 886 1032 1013 
891 893 892 905 
891 893 1017 892 
893 895 894 906 
893 895 1036 1019 
893 895 1019 894 
898 900 899 910 
898 900 910 1040 
898 900 1040 1030 
898 900 1030 899 
900 902 901 912 
900 902 912 1042 
900 902 1042 1032 
900 902 1032 901 
902 904 903 914 
902 904 914 1044 
902 904 1044 1034 
902 904 1034 903 
909 911 910 920 
909 911 920 1048 
909 911 1048 1040 
909 911 1040 910 
911 913 912 922 
911 913 922 1050 
911 913 1050 1042 
911 913 1042 912 
913 915 914 924 
913 915 924 1052 
913 915 1052 1044 
913 915 1044 914 
917 919 918 926 
917 919 926 1053 
917 919 1053 1046 
917 919 1046 918 
919 921 920 928 
919 921 928 1055 
919 921 1055 1048 
919 921 1048 920 
921 923 922 930 
921 923 930 1057 
921 923 1057 1050 
921 923 1050 922 
923 925 924 932 
923 925 932 1059 
923 925 1059 1052 
923 925 1052 924 
927 929 928 934 
927 929 1055 928 
929 931 930 936 
929 931 936 1060 
929 931 1060 1057 
929 931 1057 930 
931 933 932 938 
931 933 938 1061 
931 933 1061 1059 
931 933 1059 932 
935 937 936 941 
935 937 1060 936 
937 939 938 942 
937 939 1061 938 
943 944 946 1076 
945 947 946 954 
945 947 954 1088 
945 947 1088 1076 
945 947 1076 946 
947 949 948 956 
947 949 956 1090 
949 950 958 1092 
953 955 954 971 
953 955 971 1105 
953 955 1105 1088 
953 955 1088 954 
955 957 956 973 
955 957 973 1107 
955 957 1107 1090 
955 957 1090 956 
957 959 958 975 
957 959 975 1109 
957 959 1109 1092 
957 959 1092 958 
959 961 960 977 
959 961 977 1111 
959 961 1111 1094 
959 961 1094 960 
961 963 962 979 
961 963 979 1113 
961 963 1113 1096 
961 963 1096 962 
963 964 981 1115 
963 964 1115 1098 
964 965 983 1117 
964 965 1117 1100 
966 968 967 991 
966 968 991 1126 
968 970 969 993 
968 970 993 1127 
968 970 1127 1103 
968 970 1103 969 
970 972 971 995 
970 972 995 1129 
970 972 1129 1105 
970 972 1105 971 
972 974 973 997 
972 974 997 1131 
972 974 1131 1107 
972 974 1107 973 
974 976 975 999 
974 976 999 1133 
974 976 1133 1109 
974 976 1109 975 
976 978 977 1001 
976 978 1001 1135 
976 978 1135 1111 
976 978 1111 977 
978 980 979 1003 
978 980 1003 1137 
978 980 1137 1113 
978 980 1113 979 
980 982 981 1005 
980 982 1005 1139 
980 982 1139 1115 
980 982 1115 981 
982 984 983 1007 
982 984 1007 1141 
982 984 1141 1117 
982 984 1117 983 
985 986 1009 1145 
985 986 1145 1121 
986 987 1011 1147 
986 987 1147 1123 
990 992 991 1015 
990 992 1126 991 
992 994 993 1016 
992 994 1127 993 
994 996 995 1017 
994 996 1017 1151 
994 996 1151 1129 
994 996 1129 995 
996 998 997 1019 
996 998 1019 1152 
996 998 1152 1131 
996 998 1131 997 
998 1000 999 1021 
998 1000 1021 1154 
998 1000 1154 1133 
998 1000 1133 999 
1000 1002 1001 1023 
1000 1002 1023 1156 
1000 1002 1156 1135 
1000 1002 1135 1001 
1002 1004 1003 1025 
1002 1004 1025 1158 
1002 1004 1158 1137 
1002 1004 1137 1003 
1004 1006 1160 1139 
1004 1006 1139 1005 
1008 1010 1009 1028 
1008 1010 1028 1166 
1008 1010 1166 1145 
1008 1010 1145 1009 
1010 1012 1011 1030 
1010 1012 1030 1168 
1010 1012 1168 1147 
1010 1012 1147 1011 
1012 1014 1013 1032 
1012 1014 1032 1170 
1012 1014 1170 1149 
1012 1014 1149 1013 
1018 1020 1019 1036 
1018 1020 1152 1019 
1020 1022 1173 1154 
1020 1022 1154 1021 
1022 1024 1174 1156 
1022 1024 1156 1023 
1024 1026 1175 1158 
1024 1026 1158 1025 
1027 1029 1028 1038 
1027 1029 1038 1179 
1027 1029 1179 1166 
1027 1029 1166 1028 
1029 1031 1030 1040 
1029 1031 1040 1181 
1029 1031 1181 1168 
1029 1031 1168 1030 
1031 1033 1032 1042 
1031 1033 1042 1183 
1031 1033 1183 1170 
1031 1033 1170 1032 
1033 1035 1034 1044 
1033 1035 1044 1185 
1033 1035 1185 1172 
1033 1035 1172 1034 
1037 1039 1038 1046 
1037 1039 1046 1188 
1037 1039 1188 1179 
1037 1039 1179 1038 
1039 1041 1040 1048 
1039 1041 1048 1190 
1039 1041 1190 1181 
1039 1041 1181 1040 
1041 1043 1042 1050 
1041 1043 1050 1192 
1041 1043 1192 1183 
1041 1043 1183 1042 
1045 1047 1046 1053 
1045 1047 1053 1195 
1045 1047 1195 1188 
1045 1047 1188 1046 
1047 1049 1048 1055 
1047 1049 1055 1196 
1047 1049 1196 1190 
1047 1049 1190 1048 
1049 1051 1050 1057 
1049 1051 1057 1197 
1049 1051 1197 1192 
1049 1051 1192 1050 
1056 1058 1057 1060 
1056 1058 1197 1057 
1075 1077 1076 1088 
1075 1077 1088 1240 
1085 1087 1086 1103 
1085 1087 1103 1258 
1085 1087 1258 1238 
1085 1087 1238 1086 
1087 1089 1088 1105 
1087 1089 1105 1260 
1087 1089 1260 1240 
1087 1089 1240 1088 
1089 1091 1090 1107 
1089 1091 1107 1262 
1089 1091 1262 1242 
1089 1091 1242 1090 
1091 1093 1092 1109 
1091 1093 1109 1264 
1091 1093 1264 1244 
1093 1095 1094 1111 
1093 1095 1111 1266 
1095 1097 1096 1113 
1095 1097 1113 1268 
1097 1099 1098 1115 
1097 1099 1115 1270 
1099 1101 1100 1117 
1099 1101 1117 1272 
1101 1102 1119 1274 
1104 1106 1105 1129 
1104 1106 1129 1282 
1104 1106 1282 1260 
1104 1106 1260 1105 
1106 1108 1107 1131 
1106 1108 1131 1283 
1106 1108 1283 1262 
1106 1108 1262 1107 
1108 1110 1109 1133 
1108 1110 1133 1285 
1108 1110 1285 1264 
1108 1110 1264 1109 
1110 1112 1111 1135 
1110 1112 1135 1287 
1110 1112 1287 1266 
1110 1112 1266 1111 
1112 1114 1113 1137 
1112 1114 1137 1289 
1112 1114 1289 1268 
1112 1114 1268 1113 
1114 1116 1115 1139 
1114 1116 1139 1291 
1114 1116 1291 1270 
1114 1116 1270 1115 
1116 1118 1117 1141 
1116 1118 1141 1293 
1116 1118 1293 1272 
1116 1118 1272 1117 
1118 1120 1119 1143 
1118 1120 1143 1295 
1118 1120 1295 1274 
1118 1120 1274 1119 
1120 1122 1121 1145 
1120 1122 1145 1297 
1120 1122 1297 1276 
1120 1122 1276 1121 
1122 1124 1123 1147 
1122 1124 1147 1299 
1122 1124 1299 1278 
1124 1125 1149 1301 
1124 1125 1301 1280 
1128 1130 1129 1151 
1128 1130 1282 1129 
1130 1132 1131 1152 
1130 1132 1283 1131 
1132 1134 1133 1154 
1132 1134 1154 1304 
1132 1134 1304 1285 
1132 1134 1285 1133 
1134 1136 1135 1156 
1134 1136 1156 1305 
1134 1136 1305 1287 
1134 1136 1287 1135 
1136 1138 1137 1158 
1136 1138 1158 1307 
1136 1138 1307 1289 
1136 1138 1289 1137 
1138 1140 1139 1160 
1138 1140 1160 1309 
1138 1140 1309 1291 
1138 1140 1291 1139 
1140 1142 1141 1162 
1140 1142 1162 1311 
1140 1142 1311 1293 
1140 1142 1293 1141 
1142 1144 1313 1295 
1142 1144 1295 1143 
1144 1146 1145 1166 
1144 1146 1166 1315 
1144 1146 1315 1297 
1144 1146 1297 1145 
1146 1148 1147 1168 
1146 1148 1168 1317 
1146 1148 1317 1299 
1146 1148 1299 1147 
1148 1150 1149 1170 
1148 1150 1170 1319 
1148 1150 1319 1301 
1148 1150 1301 1149 
1153 1155 1154 1173 
1153 1155 1304 1154 
1155 1157 1156 1174 
1155 1157 1305 1156 
1157 1159 1158 1175 
1157 1159 1320 1307 
1157 1159 1307 1158 
1159 1161 1321 1309 
1159 1161 1309 1160 
1161 1163 1323 1311 
1161 1163 1311 1162 
1165 1167 1166 1179 
1165 1167 1179 1327 
1165 1167 1327 1315 
1165 1167 1315 1166 
1167 1169 1168 1181 
1167 1169 1181 1329 
1167 1169 1329 1317 
1167 1169 1317 1168 
1169 1171 1170 1183 
1169 1171 1183 1331 
1169 1171 1331 1319 
1169 1171 1319 1170 
1176 1178 1177 1186 
1176 1178 1186 1332 
1176 1178 1332 1325 
1176 1178 1325 1177 
1178 1180 1179 1188 
1178 1180 1188 1333 
1178 1180 1333 1327 
1178 1180 1327 1179 
1180 1182 1181 1190 
1180 1182 1190 1335 
1180 1182 1335 1329 
1180 1182 1329 1181 
1182 1184 1183 1192 
1182 1184 1192 1337 
1182 1184 1337 1331 
1182 1184 1331 1183 
1187 1189 1188 1195 
1187 1189 1333 1188 
1189 1191 1190 1196 
1189 1191 1338 1335 
1189 1191 1335 1190 
1191 1193 1192 1197 
1191 1193 1337 1192 
1239 1241 1240 1260 
1239 1241 1260 1414 
1241 1243 1242 1262 
1241 1243 1262 1416 
1243 1245 1244 1264 
1243 1245 1264 1418 
1259 1261 1260 1282 
1259 1261 1414 1260 
1261 1263 1262 1283 
1261 1263 1435 1416 
1261 1263 1416 1262 
1263 1265 1264 1285 
1263 1265 1285 1436 
1263 1265 1436 1418 
1263 1265 1418 1264 
1265 1267 1266 1287 
1265 1267 1287 1437 
1265 1267 1437 1420 
1265 1267 1420 1266 
1267 1269 1268 1289 
1267 1269 1289 1439 
1269 1271 1270 1291 
1269 1271 1291 1441 
1271 1273 1272 1293 
1271 1273 1293 1443 
1273 1275 1274 1295 
1273 1275 1295 1445 
1275 1277 1276 1297 
1275 1277 1297 1447 
1277 1279 1278 1299 
1277 1279 1299 1449 
1279 1281 1280 1301 
1279 1281 1301 1451 
1284 1286 1285 1304 
1284 1286 1436 1285 
1286 1288 1287 1305 
1286 1288 1305 1454 
1286 1288 1454 1437 
1286 1288 1437 1287 
1288 1290 1289 1307 
1288 1290 1307 1455 
1288 1290 1455 1439 
1288 1290 1439 1289 
1290 1292 1291 1309 
1290 1292 1309 1456 
1290 1292 1456 1441 
1290 1292 1441 1291 
1292 1294 1293 1311 
1292 1294 1311 1458 
1292 1294 1458 1443 
1292 1294 1443 1293 
1294 1296 1295 1313 
1294 1296 1313 1460 
1294 1296 1460 1445 
1294 1296 1445 1295 
1296 1298 1297 1315 
1296 1298 1315 1462 
1296 1298 1462 1447 
1296 1298 1447 1297 
1298 1300 1299 1317 
1298 1300 1317 1464 
1298 1300 1464 1449 
1298 1300 1449 1299 
1300 1302 1301 1319 
1300 1302 1319 1466 
1300 1302 1466 1451 
1300 1302 1451 1301 
1306 1308 1307 1320 
1306 1308 1455 1307 
1308 1310 1309 1321 
1308 1310 1321 1468 
1308 1310 1468 1456 
1308 1310 1456 1309 
1310 1312 1311 1323 
1310 1312 1323 1469 
1310 1312 1469 1458 
1310 1312 1458 1311 
1312 1314 1313 1325 
1312 1314 1325 1470 
1312 1314 1470 1460 
1312 1314 1460 1313 
1314 1316 1315 1327 
1314 1316 1327 1472 
1314 1316 1472 1462 
1314 1316 1462 1315 
1316 1318 1317 1329 
1316 1318 1329 1474 
1316 1318 1474 1464 
1316 1318 1464 1317 
1326 1328 1327 1333 
1326 1328 1472 1327 
1328 1330 1329 1335 
1328 1330 1335 1477 
1328 1330 1477 1474 
1328 1330 1474 1329 
1334 1336 1335 1338 
1334 1336 1477 1335 
1417 1419 1418 1436 
1440 1442 1441 1456 
1440 1442 1456 1584 
1440 1442 1584 1570 
1440 1442 1570 1441 
1442 1444 1443 1458 
1442 1444 1458 1585 
1442 1444 1585 1572 
1442 1444 1572 1443 
1444 1446 1445 1460 
1444 1446 1460 1587 
1446 1448 1447 1462 
1446 1448 1462 1589 
1448 1450 1449 1464 
1448 1450 1464 1591 
1450 1452 1451 1466 
1450 1452 1466 1593 
1457 1459 1458 1469 
1457 1459 1585 1458 
1459 1461 1460 1470 
1459 1461 1470 1596 
1459 1461 1596 1587 
1459 1461 1587 1460 
1461 1463 1462 1472 
1461 1463 1472 1597 
1461 1463 1597 1589 
1461 1463 1589 1462 
1463 1465 1464 1474 
1463 1465 1474 1599 
1463 1465 1599 1591 
1463 1465 1591 1464 
1465 1467 1466 1476 
1465 1467 1476 1601 
1465 1467 1601 1593 
1465 1467 1593 1466 
1473 1475 1474 1477 
1473 1475 1599 1474 
1586 1588 1587 1596 
1586 1588 1711 1587 
1588 1590 1589 1597 
1588 1590 1597 1719 
1588 1590 1719 1712 
1588 1590 1712 1589 
1590 1592 1591 1599 
1590 1592 1599 1720 
1592 1594 1593 1601 
1592 1594 1601 1721 
10 17 45 47 
10 17 47 18 
17 23 54 56 
17 23 56 24 
3 6 5 30 
3 6 30 32 
3 6 32 7 
3 6 7 5 
6 12 11 37 
6 12 37 39 
6 12 39 13 
6 12 13 11 
12 19 18 47 
12 19 47 49 
12 19 49 20 
12 19 20 18 
19 25 24 56 
19 25 56 58 
8 14 13 39 
8 14 39 41 
8 14 41 15 
8 14 15 13 
14 21 20 49 
14 21 49 51 
14 21 51 22 
14 21 22 20 
9 16 15 41 
9 16 41 43 
26 29 72 74 
26 29 74 30 
29 36 81 83 
29 36 83 37 
36 46 91 93 
36 46 93 47 
36 46 47 45 
46 55 100 102 
46 55 102 56 
46 55 56 54 
27 31 30 74 
27 31 74 76 
27 31 76 32 
27 31 32 30 
31 38 37 83 
31 38 83 85 
31 38 85 39 
31 38 39 37 
38 48 47 93 
38 48 93 95 
38 48 95 49 
38 48 49 47 
48 57 56 102 
48 57 102 104 
48 57 104 58 
48 57 58 56 
28 33 32 76 
28 33 76 78 
28 33 78 34 
28 33 34 32 
33 40 39 85 
33 40 85 87 
33 40 87 41 
33 40 41 39 
40 50 49 95 
40 50 95 97 
40 50 97 51 
40 50 51 49 
50 59 58 104 
50 59 104 106 
50 59 106 60 
50 59 60 58 
35 42 41 87 
35 42 87 89 
35 42 89 43 
35 42 43 41 
42 52 51 97 
42 52 97 99 
42 52 99 53 
42 52 53 51 
52 61 60 106 
52 61 106 108 
80 90 145 147 
80 90 147 91 
63 66 65 120 
63 66 120 122 
63 66 122 67 
63 66 67 65 
66 73 72 129 
66 73 129 131 
66 73 131 74 
66 73 74 72 
73 82 81 137 
73 82 137 139 
73 82 139 83 
73 82 83 81 
82 92 91 147 
82 92 147 149 
82 92 149 93 
82 92 93 91 
92 101 100 157 
92 101 157 158 
92 101 158 102 
92 101 102 100 
68 75 74 131 
68 75 131 133 
68 75 133 76 
68 75 76 74 
75 84 83 139 
75 84 139 141 
75 84 141 85 
75 84 85 83 
84 94 93 149 
84 94 149 151 
84 94 151 95 
84 94 95 93 
94 103 102 158 
94 103 158 159 
94 103 159 104 
94 103 104 102 
70 77 76 133 
70 77 133 135 
70 77 135 78 
70 77 78 76 
77 86 85 141 
77 86 141 143 
77 86 143 87 
77 86 87 85 
86 96 95 151 
86 96 151 153 
86 96 153 97 
86 96 97 95 
96 105 104 159 
96 105 159 161 
96 105 161 106 
96 105 106 104 
79 88 87 143 
79 88 89 87 
98 107 106 161 
98 107 108 106 
113 119 175 177 
113 119 177 120 
119 128 185 187 
119 128 187 129 
128 136 196 198 
128 136 198 137 
136 146 211 213 
136 146 213 147 
136 146 147 145 
112 115 114 168 
112 115 168 170 
112 115 170 116 
112 115 116 114 
115 121 120 177 
115 121 177 179 
115 121 179 122 
115 121 122 120 
121 130 129 187 
121 130 187 189 
121 130 189 131 
121 130 131 129 
130 138 137 198 
130 138 198 200 
130 138 200 139 
130 138 139 137 
138 148 147 213 
138 148 213 215 
138 148 215 149 
138 148 149 147 
117 123 122 179 
117 123 179 181 
117 123 181 124 
117 123 124 122 
123 132 131 189 
123 132 189 191 
123 132 191 133 
123 132 133 131 
132 140 139 200 
132 140 200 202 
132 140 202 141 
132 140 141 139 
140 150 149 215 
140 150 215 217 
140 150 217 151 
140 150 151 149 
118 125 124 181 
118 125 181 183 
118 125 183 126 
118 125 126 124 
125 134 133 191 
125 134 191 193 
125 134 193 135 
125 134 135 133 
134 142 141 202 
134 142 202 204 
134 142 143 141 
142 152 151 217 
142 152 217 219 
142 152 219 153 
142 152 153 151 
152 160 159 228 
152 160 228 229 
152 160 229 161 
152 160 161 159 
167 176 258 177 
167 176 177 175 
176 186 185 265 
176 186 265 267 
176 186 267 187 
176 186 187 185 
186 197 196 276 
186 197 276 278 
186 197 278 198 
186 197 198 196 
197 212 291 213 
197 212 213 211 
163 169 251 170 
163 169 170 168 
169 178 177 258 
169 178 258 260 
169 178 260 179 
169 178 179 177 
178 188 187 267 
178 188 267 269 
178 188 269 189 
178 188 189 187 
188 199 198 278 
188 199 278 280 
188 199 280 200 
188 199 200 198 
199 214 213 291 
199 214 291 292 
199 214 292 215 
199 214 215 213 
164 171 170 251 
164 171 251 253 
164 171 253 172 
164 171 172 170 
171 180 179 260 
171 180 260 262 
171 180 262 181 
171 180 181 179 
180 190 189 269 
180 190 269 271 
180 190 271 191 
180 190 191 189 
190 201 200 280 
190 201 280 282 
190 201 282 202 
190 201 202 200 
201 216 215 292 
201 216 292 293 
201 216 293 217 
201 216 217 215 
173 182 181 262 
173 182 183 181 
182 192 191 271 
182 192 193 191 
192 203 202 282 
192 203 204 202 
203 218 217 293 
203 218 219 217 
194 205 283 285 
194 205 285 206 
205 220 295 297 
205 220 297 221 
220 230 305 307 
220 230 307 231 
230 236 313 315 
230 236 315 237 
195 207 206 285 
195 207 285 287 
195 207 287 208 
195 207 208 206 
207 222 221 297 
207 222 297 299 
207 222 299 223 
207 222 223 221 
222 232 231 307 
222 232 307 309 
222 232 309 233 
222 232 233 231 
232 238 237 315 
232 238 315 317 
209 224 223 299 
209 224 299 301 
209 224 301 225 
209 224 225 223 
224 234 233 309 
224 234 309 311 
224 234 311 235 
224 234 235 233 
210 226 225 301 
210 226 301 303 
257 266 365 267 
257 266 267 265 
266 277 276 377 
266 277 377 378 
266 277 378 278 
266 277 278 276 
250 259 353 260 
250 259 260 258 
259 268 267 365 
259 268 365 367 
259 268 367 269 
259 268 269 267 
268 279 278 378 
268 279 378 380 
268 279 380 280 
268 279 280 278 
245 252 341 253 
245 252 253 251 
252 261 260 353 
252 261 353 355 
252 261 355 262 
252 261 262 260 
261 270 269 367 
261 270 367 369 
261 270 369 271 
261 270 271 269 
270 281 280 380 
270 281 380 382 
270 281 282 280 
294 304 400 402 
294 304 402 305 
272 284 384 386 
272 284 386 285 
272 284 285 283 
284 296 295 393 
284 296 393 395 
284 296 395 297 
284 296 297 295 
296 306 305 402 
296 306 402 404 
296 306 404 307 
296 306 307 305 
306 314 313 409 
306 314 409 411 
306 314 411 315 
306 314 315 313 
274 286 285 386 
274 286 386 388 
274 286 388 287 
274 286 287 285 
286 298 297 395 
286 298 395 397 
286 298 397 299 
286 298 299 297 
298 308 307 404 
298 308 404 406 
298 308 406 309 
298 308 309 307 
308 316 315 411 
308 316 411 413 
308 316 413 317 
308 316 317 315 
275 288 287 388 
275 288 388 390 
275 288 390 289 
275 288 289 287 
288 300 299 397 
288 300 397 399 
288 300 399 301 
288 300 301 299 
300 310 309 406 
300 310 406 408 
300 310 408 311 
300 310 311 309 
310 318 317 413 
310 318 413 415 
310 318 415 319 
310 318 319 317 
290 302 301 399 
290 302 303 301 
352 366 484 367 
352 366 367 365 
366 379 378 498 
366 379 498 499 
366 379 499 380 
366 379 380 378 
354 368 367 484 
354 368 484 486 
354 368 369 367 
368 381 380 499 
368 381 382 380 
342 356 466 468 
342 356 468 357 
332 344 343 448 
332 344 448 450 
358 370 490 492 
358 370 492 371 
370 383 500 502 
370 383 502 384 
383 392 510 512 
383 392 512 393 
392 401 521 523 
392 401 523 402 
392 401 402 400 
359 372 371 492 
359 372 492 494 
359 372 494 373 
359 372 373 371 
372 385 384 502 
372 385 502 504 
372 385 504 386 
372 385 386 384 
385 394 393 512 
385 394 512 514 
385 394 514 395 
385 394 395 393 
394 403 402 523 
394 403 523 525 
394 403 525 404 
394 403 404 402 
403 410 534 411 
403 410 411 409 
360 374 373 494 
360 374 494 496 
360 374 496 375 
360 374 375 373 
374 387 386 504 
374 387 504 506 
374 387 506 388 
374 387 388 386 
387 396 395 514 
387 396 514 516 
387 396 516 397 
387 396 397 395 
396 405 404 525 
396 405 525 527 
396 405 527 406 
396 405 406 404 
405 412 411 534 
405 412 534 535 
405 412 535 413 
405 412 413 411 
376 389 388 506 
376 389 506 508 
376 389 390 388 
389 398 397 516 
389 398 399 397 
398 407 406 527 
398 407 527 529 
398 407 408 406 
407 414 413 535 
407 414 415 413 
465 485 484 607 
465 485 607 609 
465 485 609 486 
465 485 486 484 
447 467 587 468 
447 467 468 466 
467 487 486 609 
467 487 609 611 
467 487 611 488 
467 487 488 486 
435 449 448 564 
435 449 564 566 
435 449 566 450 
435 449 450 448 
449 469 468 587 
449 469 587 589 
449 469 589 470 
449 469 470 468 
469 489 488 611 
469 489 611 613 
436 451 450 566 
436 451 566 568 
436 451 568 452 
436 451 452 450 
451 471 470 589 
451 471 589 591 
451 471 591 472 
451 471 472 470 
455 473 595 597 
455 473 597 474 
473 491 618 620 
473 491 620 492 
473 491 492 490 
491 501 632 634 
491 501 634 502 
491 501 502 500 
501 511 510 642 
501 511 642 644 
501 511 644 512 
501 511 512 510 
511 522 521 659 
511 522 659 660 
511 522 660 523 
511 522 523 521 
456 475 474 597 
456 475 597 599 
475 493 492 620 
475 493 620 622 
475 493 622 494 
475 493 494 492 
493 503 502 634 
493 503 634 636 
493 503 636 504 
493 503 504 502 
503 513 512 644 
503 513 644 646 
503 513 646 514 
503 513 514 512 
513 524 523 660 
513 524 660 661 
513 524 661 525 
513 524 525 523 
477 495 494 622 
477 495 622 624 
477 495 624 496 
477 495 496 494 
495 505 504 636 
495 505 636 638 
495 505 638 506 
495 505 506 504 
505 515 514 646 
505 515 646 648 
505 515 648 516 
505 515 516 514 
515 526 525 661 
515 526 661 663 
515 526 663 527 
515 526 527 525 
497 507 506 638 
497 507 508 506 
517 528 527 663 
517 528 529 527 
518 530 665 667 
518 530 667 531 
519 532 531 667 
519 532 667 669 
586 610 609 738 
586 610 738 740 
586 610 740 611 
586 610 611 609 
610 627 626 757 
610 627 757 758 
610 627 758 628 
610 627 628 626 
548 565 701 566 
548 565 566 564 
565 588 587 720 
565 588 720 722 
565 588 722 589 
565 588 589 587 
588 612 611 740 
588 612 740 742 
588 612 742 613 
588 612 613 611 
612 629 628 758 
612 629 758 759 
612 629 759 630 
612 629 630 628 
539 550 549 687 
539 550 687 689 
539 550 689 551 
539 550 551 549 
550 567 566 701 
550 567 701 703 
550 567 703 568 
550 567 568 566 
567 590 589 722 
567 590 722 724 
567 590 724 591 
567 590 591 589 
590 614 613 742 
590 614 742 744 
590 614 744 615 
590 614 615 613 
552 569 568 703 
552 569 703 705 
552 569 705 570 
552 569 570 568 
569 592 591 724 
569 592 724 726 
569 592 726 593 
569 592 593 591 
592 616 615 744 
592 616 744 746 
553 571 570 705 
553 571 705 707 
553 571 707 572 
553 571 572 570 
571 594 593 726 
571 594 726 728 
571 594 728 595 
571 594 595 593 
617 631 763 765 
617 631 765 632 
573 596 595 728 
573 596 728 730 
573 596 730 597 
573 596 597 595 
596 619 618 748 
596 619 748 750 
596 619 750 620 
596 619 620 618 
619 633 632 765 
619 633 765 767 
619 633 767 634 
619 633 634 632 
633 643 642 779 
633 643 779 781 
633 643 781 644 
633 643 644 642 
575 598 597 730 
575 598 730 732 
575 598 732 599 
575 598 599 597 
598 621 620 750 
598 621 750 752 
598 621 752 622 
598 621 622 620 
621 635 634 767 
621 635 767 769 
621 635 769 636 
621 635 636 634 
635 645 644 781 
635 645 781 783 
635 645 783 646 
635 645 646 644 
576 600 599 732 
576 600 732 734 
576 600 734 601 
576 600 601 599 
600 623 622 752 
600 623 752 754 
600 623 754 624 
600 623 624 622 
623 637 636 769 
623 637 769 771 
623 637 638 636 
637 647 646 783 
637 647 783 785 
637 647 785 648 
637 647 648 646 
647 662 661 794 
647 662 794 795 
647 662 795 663 
647 662 663 661 
664 672 804 806 
664 672 806 673 
639 652 651 787 
639 652 787 789 
639 652 789 653 
639 652 653 651 
652 666 665 797 
652 666 797 799 
652 666 799 667 
652 666 667 665 
666 674 673 806 
666 674 806 808 
666 674 808 675 
666 674 675 673 
674 680 679 813 
674 680 813 815 
674 680 815 681 
674 680 681 679 
640 654 653 789 
640 654 789 791 
640 654 791 655 
640 654 655 653 
654 668 667 799 
654 668 799 801 
654 668 801 669 
654 668 669 667 
668 676 675 808 
668 676 808 810 
668 676 810 677 
668 676 677 675 
641 656 655 791 
641 656 791 793 
641 656 793 657 
641 656 657 655 
656 670 669 801 
656 670 801 803 
656 670 803 671 
656 670 671 669 
670 678 677 810 
670 678 810 812 
719 739 866 740 
719 739 740 738 
700 721 720 845 
700 721 845 847 
700 721 847 722 
700 721 722 720 
721 741 740 866 
721 741 866 868 
721 741 868 742 
721 741 742 740 
688 702 701 827 
688 702 827 829 
688 702 829 703 
688 702 703 701 
702 723 722 847 
702 723 847 849 
702 723 849 724 
702 723 724 722 
723 743 742 868 
723 743 868 870 
723 743 870 744 
723 743 744 742 
743 760 759 888 
743 760 888 889 
743 760 889 761 
743 760 761 759 
682 690 689 819 
682 690 819 821 
682 690 821 691 
682 690 691 689 
690 704 703 829 
690 704 829 831 
690 704 831 705 
690 704 705 703 
704 725 724 849 
704 725 849 851 
704 725 851 726 
704 725 726 724 
725 745 744 870 
725 745 870 872 
725 745 872 746 
725 745 746 744 
745 762 761 889 
745 762 889 890 
745 762 890 763 
745 762 763 761 
692 706 705 831 
692 706 831 833 
692 706 833 707 
692 706 707 705 
706 727 726 851 
706 727 851 853 
706 727 853 728 
706 727 728 726 
727 747 746 872 
727 747 872 874 
727 747 874 748 
727 747 748 746 
747 764 763 890 
747 764 890 892 
747 764 892 765 
747 764 765 763 
693 708 707 833 
693 708 833 835 
693 708 835 709 
693 708 709 707 
708 729 728 853 
708 729 853 855 
708 729 855 730 
708 729 730 728 
729 749 748 874 
729 749 874 876 
729 749 876 750 
729 749 750 748 
749 766 765 892 
749 766 892 894 
749 766 894 767 
749 766 767 765 
766 780 779 905 
766 780 905 906 
766 780 906 781 
766 780 781 779 
710 731 730 855 
710 731 855 857 
710 731 857 732 
710 731 732 730 
731 751 750 876 
731 751 876 878 
731 751 878 752 
731 751 752 750 
751 768 767 894 
751 768 894 896 
751 768 896 769 
751 768 769 767 
768 782 781 906 
768 782 906 907 
768 782 907 783 
768 782 783 781 
712 733 732 857 
712 733 857 859 
712 733 734 732 
733 753 752 878 
733 753 754 752 
753 770 769 896 
753 770 771 769 
770 784 783 907 
770 784 785 783 
755 772 897 899 
755 772 899 773 
772 786 908 910 
772 786 910 787 
786 796 918 920 
786 796 920 797 
796 805 926 928 
796 805 928 806 
796 805 806 804 
756 774 773 899 
756 774 899 901 
756 774 901 775 
756 774 775 773 
774 788 787 910 
774 788 910 912 
774 788 912 789 
774 788 789 787 
788 798 797 920 
788 798 920 922 
788 798 922 799 
788 798 799 797 
798 807 806 928 
798 807 928 930 
798 807 930 808 
798 807 808 806 
807 814 813 934 
807 814 934 936 
807 814 936 815 
807 814 815 813 
776 790 789 912 
776 790 912 914 
776 790 914 791 
776 790 791 789 
790 800 799 922 
790 800 922 924 
790 800 924 801 
790 800 801 799 
800 809 808 930 
800 809 930 932 
800 809 932 810 
800 809 810 808 
809 816 815 936 
809 816 936 938 
809 816 938 817 
809 816 817 815 
778 792 791 914 
778 792 914 916 
778 792 793 791 
792 802 801 924 
792 802 803 801 
802 811 810 932 
802 811 812 810 
811 818 817 938 
811 818 938 940 
846 867 866 988 
846 867 989 868 
846 867 868 866 
828 848 967 849 
828 848 849 847 
848 869 868 989 
848 869 989 991 
848 869 991 870 
848 869 870 868 
820 830 952 831 
820 830 831 829 
830 850 849 967 
830 850 967 969 
830 850 969 851 
830 850 851 849 
850 871 870 991 
850 871 991 993 
850 871 993 872 
850 871 872 870 
822 832 831 952 
822 832 952 954 
822 832 954 833 
822 832 833 831 
832 852 851 969 
832 852 969 971 
832 852 971 853 
832 852 853 851 
852 873 872 993 
852 873 993 995 
852 873 995 874 
852 873 874 872 
873 891 890 1016 
873 891 1016 1017 
873 891 1017 892 
873 891 892 890 
824 834 833 954 
824 834 954 956 
824 834 956 835 
824 834 835 833 
834 854 853 971 
834 854 971 973 
834 854 973 855 
834 854 855 853 
854 875 874 995 
854 875 995 997 
854 875 997 876 
854 875 876 874 
875 893 892 1017 
875 893 1017 1019 
875 893 1019 894 
875 893 894 892 
825 836 835 956 
825 836 956 958 
825 836 958 837 
825 836 837 835 
836 856 855 973 
836 856 973 975 
836 856 975 857 
836 856 857 855 
856 877 876 997 
856 877 997 999 
856 877 999 878 
856 877 878 876 
877 895 894 1019 
877 895 1019 1021 
877 895 896 894 
826 838 837 958 
826 838 958 960 
826 838 960 839 
826 838 839 837 
838 858 857 975 
838 858 975 977 
838 858 977 859 
838 858 859 857 
858 879 878 999 
858 879 999 1001 
858 879 1001 880 
858 879 880 878 
840 860 859 977 
840 860 977 979 
840 860 979 861 
840 860 861 859 
860 881 880 1001 
860 881 1001 1003 
860 881 1003 882 
860 881 882 880 
841 862 861 979 
841 862 979 981 
883 898 1028 1030 
883 898 1030 899 
883 898 899 897 
898 909 1038 1040 
898 909 1040 910 
898 909 910 908 
909 919 918 1046 
909 919 1046 1048 
909 919 1048 920 
909 919 920 918 
919 927 926 1053 
919 927 1053 1055 
919 927 1055 928 
919 927 928 926 
885 900 899 1030 
885 900 1030 1032 
885 900 1032 901 
885 900 901 899 
900 911 910 1040 
900 911 1040 1042 
900 911 1042 912 
900 911 912 910 
911 921 920 1048 
911 921 1048 1050 
911 921 1050 922 
911 921 922 920 
921 929 928 1055 
921 929 1055 1057 
921 929 1057 930 
921 929 930 928 
929 935 1060 936 
929 935 936 934 
886 902 901 1032 
886 902 1032 1034 
886 902 1034 903 
886 902 903 901 
902 913 912 1042 
902 913 1042 1044 
902 913 1044 914 
902 913 914 912 
913 923 922 1050 
913 923 1050 1052 
913 923 1052 924 
913 923 924 922 
923 931 930 1057 
923 931 1057 1059 
923 931 1059 932 
923 931 932 930 
931 937 936 1060 
931 937 1060 1061 
931 937 1061 938 
931 937 938 936 
904 915 914 1044 
904 915 916 914 
933 939 938 1061 
933 939 940 938 
966 990 1126 991 
966 990 991 989 
968 992 991 1126 
968 992 1127 993 
968 992 993 991 
943 945 1076 946 
945 953 1086 1088 
945 953 1088 954 
945 953 954 952 
953 970 969 1103 
953 970 1103 1105 
953 970 1105 971 
953 970 971 969 
970 994 993 1127 
970 994 1127 1129 
970 994 1129 995 
970 994 995 993 
944 947 946 1076 
944 947 948 946 
947 955 954 1088 
947 955 1088 1090 
947 955 1090 956 
947 955 956 954 
955 972 971 1105 
955 972 1105 1107 
955 972 1107 973 
955 972 973 971 
972 996 995 1129 
972 996 1129 1131 
972 996 1131 997 
972 996 997 995 
996 1018 1017 1151 
996 1018 1151 1152 
996 1018 1152 1019 
996 1018 1019 1017 
949 957 956 1090 
949 957 1090 1092 
949 957 1092 958 
949 957 958 956 
957 974 973 1107 
957 974 1107 1109 
957 974 1109 975 
957 974 975 973 
974 998 997 1131 
974 998 1131 1133 
974 998 1133 999 
974 998 999 997 
998 1020 1019 1152 
998 1020 1152 1154 
998 1020 1154 1021 
998 1020 1021 1019 
950 959 958 1092 
950 959 1092 1094 
950 959 1094 960 
950 959 960 958 
959 976 975 1109 
959 976 1109 1111 
959 976 1111 977 
959 976 977 975 
976 1000 999 1133 
976 1000 1133 1135 
976 1000 1135 1001 
976 1000 1001 999 
1000 1022 1021 1154 
1000 1022 1154 1156 
1000 1022 1156 1023 
1000 1022 1023 1021 
951 961 960 1094 
951 961 1094 1096 
951 961 1096 962 
951 961 962 960 
961 978 977 1111 
961 978 1111 1113 
961 978 1113 979 
961 978 979 977 
978 1002 1001 1135 
978 1002 1135 1137 
978 1002 1137 1003 
978 1002 1003 1001 
1002 1024 1023 1156 
1002 1024 1156 1158 
1002 1024 1158 1025 
1002 1024 1025 1023 
963 980 979 1113 
963 980 1113 1115 
963 980 1115 981 
963 980 981 979 
980 1004 1003 1137 
980 1004 1137 1139 
980 1004 1139 1005 
980 1004 1005 1003 
1004 1026 1025 1158 
1004 1026 1158 1160 
964 982 981 1115 
964 982 1115 1117 
964 982 1117 983 
964 982 983 981 
982 1006 1005 1139 
982 1006 1139 1141 
982 1006 1141 1007 
982 1006 1007 1005 
965 984 983 1117 
965 984 1117 1119 
985 1008 1143 1145 
985 1008 1145 1009 
1008 1027 1164 1166 
1008 1027 1166 1028 
1027 1037 1177 1179 
1027 1037 1179 1038 
1037 1045 1186 1188 
1037 1045 1188 1046 
986 1010 1009 1145 
986 1010 1145 1147 
986 1010 1147 1011 
986 1010 1011 1009 
1010 1029 1028 1166 
1010 1029 1166 1168 
1010 1029 1168 1030 
1010 1029 1030 1028 
1029 1039 1038 1179 
1029 1039 1179 1181 
1029 1039 1181 1040 
1029 1039 1040 1038 
1039 1047 1046 1188 
1039 1047 1188 1190 
1039 1047 1190 1048 
1039 1047 1048 1046 
1047 1054 1053 1195 
1047 1054 1195 1196 
1047 1054 1196 1055 
1047 1054 1055 1053 
987 1012 1011 1147 
987 1012 1147 1149 
987 1012 1149 1013 
987 1012 1013 1011 
1012 1031 1030 1168 
1012 1031 1168 1170 
1012 1031 1170 1032 
1012 1031 1032 1030 
1031 1041 1040 1181 
1031 1041 1181 1183 
1031 1041 1183 1042 
1031 1041 1042 1040 
1041 1049 1048 1190 
1041 1049 1190 1192 
1041 1049 1192 1050 
1041 1049 1050 1048 
1049 1056 1055 1196 
1049 1056 1196 1197 
1049 1056 1197 1057 
1049 1056 1057 1055 
1014 1033 1032 1170 
1014 1033 1170 1172 
1014 1033 1172 1034 
1014 1033 1034 1032 
1033 1043 1042 1183 
1033 1043 1183 1185 
1033 1043 1185 1044 
1033 1043 1044 1042 
1043 1051 1050 1192 
1043 1051 1192 1194 
1043 1051 1052 1050 
1051 1058 1057 1197 
1051 1058 1059 1057 
1075 1087 1086 1238 
1075 1087 1238 1240 
1075 1087 1240 1088 
1075 1087 1088 1086 
1087 1104 1103 1258 
1087 1104 1258 1260 
1087 1104 1260 1105 
1087 1104 1105 1103 
1104 1128 1282 1129 
1104 1128 1129 1127 
1077 1089 1088 1240 
1077 1089 1240 1242 
1077 1089 1242 1090 
1077 1089 1090 1088 
1089 1106 1105 1260 
1089 1106 1260 1262 
1089 1106 1262 1107 
1089 1106 1107 1105 
1106 1130 1129 1282 
1106 1130 1282 1283 
1106 1130 1283 1131 
1106 1130 1131 1129 
1091 1108 1107 1262 
1091 1108 1262 1264 
1091 1108 1264 1109 
1091 1108 1109 1107 
1108 1132 1131 1283 
1108 1132 1283 1285 
1108 1132 1285 1133 
1108 1132 1133 1131 
1132 1153 1304 1154 
1132 1153 1154 1152 
1093 1110 1109 1264 
1093 1110 1264 1266 
1093 1110 1266 1111 
1093 1110 1111 1109 
1110 1134 1133 1285 
1110 1134 1285 1287 
1110 1134 1287 1135 
1110 1134 1135 1133 
1134 1155 1154 1304 
1134 1155 1304 1305 
1134 1155 1305 1156 
1134 1155 1156 1154 
1095 1112 1111 1266 
1095 1112 1266 1268 
1095 1112 1268 1113 
1095 1112 1113 1111 
1112 1136 1135 1287 
1112 1136 1287 1289 
1112 1136 1289 1137 
1112 1136 1137 1135 
1136 1157 1156 1305 
1136 1157 1305 1307 
1136 1157 1307 1158 
1136 1157 1158 1156 
1097 1114 1113 1268 
1097 1114 1268 1270 
1097 1114 1270 1115 
1097 1114 1115 1113 
1114 1138 1137 1289 
1114 1138 1289 1291 
1114 1138 1291 1139 
1114 1138 1139 1137 
1138 1159 1158 1307 
1138 1159 1307 1309 
1138 1159 1309 1160 
1138 1159 1160 1158 
1099 1116 1115 1270 
1099 1116 1270 1272 
1099 1116 1272 1117 
1099 1116 1117 1115 
1116 1140 1139 1291 
1116 1140 1291 1293 
1116 1140 1293 1141 
1116 1140 1141 1139 
1140 1161 1160 1309 
1140 1161 1309 1311 
1140 1161 1311 1162 
1140 1161 1162 1160 
1101 1118 1117 1272 
1101 1118 1272 1274 
1101 1118 1274 1119 
1101 1118 1119 1117 
1118 1142 1141 1293 
1118 1142 1293 1295 
1118 1142 1295 1143 
1118 1142 1143 1141 
1142 1163 1162 1311 
1142 1163 1311 1313 
1102 1120 1119 1274 
1102 1120 1274 1276 
1102 1120 1276 1121 
1102 1120 1121 1119 
1120 1144 1143 1295 
1120 1144 1295 1297 
1120 1144 1297 1145 
1120 1144 1145 1143 
1144 1165 1313 1315 
1144 1165 1315 1166 
1144 1165 1166 1164 
1165 1178 1177 1325 
1165 1178 1325 1327 
1165 1178 1327 1179 
1165 1178 1179 1177 
1178 1187 1186 1332 
1178 1187 1332 1333 
1178 1187 1333 1188 
1178 1187 1188 1186 
1122 1146 1145 1297 
1122 1146 1297 1299 
1122 1146 1299 1147 
1122 1146 1147 1145 
1146 1167 1166 1315 
1146 1167 1315 1317 
1146 1167 1317 1168 
1146 1167 1168 1166 
1167 1180 1179 1327 
1167 1180 1327 1329 
1167 1180 1329 1181 
1167 1180 1181 1179 
1180 1189 1188 1333 
1180 1189 1333 1335 
1180 1189 1335 1190 
1180 1189 1190 1188 
1124 1148 1147 1299 
1124 1148 1299 1301 
1124 1148 1301 1149 
1124 1148 1149 1147 
1148 1169 1168 1317 
1148 1169 1317 1319 
1148 1169 1319 1170 
1148 1169 1170 1168 
1169 1182 1181 1329 
1169 1182 1329 1331 
1169 1182 1331 1183 
1169 1182 1183 1181 
1182 1191 1190 1335 
1182 1191 1335 1337 
1182 1191 1337 1192 
1182 1191 1192 1190 
1125 1150 1149 1301 
1125 1150 1301 1303 
1150 1171 1170 1319 
1150 1171 1172 1170 
1171 1184 1183 1331 
1171 1184 1185 1183 
1184 1193 1192 1337 
1184 1193 1194 1192 
1239 1259 1258 1412 
1239 1259 1412 1414 
1239 1259 1414 1260 
1239 1259 1260 1258 
1241 1261 1260 1414 
1241 1261 1414 1416 
1241 1261 1416 1262 
1241 1261 1262 1260 
1243 1263 1262 1416 
1243 1263 1416 1418 
1243 1263 1418 1264 
1243 1263 1264 1262 
1263 1284 1436 1285 
1263 1284 1285 1283 
1245 1265 1264 1418 
1245 1265 1418 1420 
1245 1265 1420 1266 
1245 1265 1266 1264 
1265 1286 1285 1436 
1265 1286 1436 1437 
1265 1286 1437 1287 
1265 1286 1287 1285 
1267 1288 1287 1437 
1267 1288 1437 1439 
1267 1288 1439 1289 
1267 1288 1289 1287 
1288 1306 1305 1454 
1288 1306 1454 1455 
1288 1306 1455 1307 
1288 1306 1307 1305 
1269 1290 1289 1439 
1269 1290 1439 1441 
1269 1290 1441 1291 
1269 1290 1291 1289 
1290 1308 1307 1455 
1290 1308 1455 1456 
1290 1308 1456 1309 
1290 1308 1309 1307 
1271 1292 1291 1441 
1271 1292 1441 1443 
1271 1292 1443 1293 
1271 1292 1293 1291 
1292 1310 1309 1456 
1292 1310 1456 1458 
1292 1310 1458 1311 
1292 1310 1311 1309 
1310 1322 1321 1468 
1310 1322 1468 1469 
1310 1322 1469 1323 
1310 1322 1323 1321 
1273 1294 1293 1443 
1273 1294 1443 1445 
1273 1294 1445 1295 
1273 1294 1295 1293 
1294 1312 1311 1458 
1294 1312 1458 1460 
1294 1312 1460 1313 
1294 1312 1313 1311 
1312 1324 1323 1469 
1312 1324 1469 1470 
1312 1324 1470 1325 
1312 1324 1325 1323 
1275 1296 1295 1445 
1275 1296 1445 1447 
1275 1296 1447 1297 
1275 1296 1297 1295 
1296 1314 1313 1460 
1296 1314 1460 1462 
1296 1314 1462 1315 
1296 1314 1315 1313 
1314 1326 1325 1470 
1314 1326 1470 1472 
1314 1326 1472 1327 
1314 1326 1327 1325 
1277 1298 1297 1447 
1277 1298 1447 1449 
1277 1298 1449 1299 
1277 1298 1299 1297 
1298 1316 1315 1462 
1298 1316 1462 1464 
1298 1316 1464 1317 
1298 1316 1317 1315 
1316 1328 1327 1472 
1316 1328 1472 1474 
1316 1328 1474 1329 
1316 1328 1329 1327 
1328 1334 1477 1335 
1328 1334 1335 1333 
1279 1300 1299 1449 
1279 1300 1449 1451 
1279 1300 1451 1301 
1279 1300 1301 1299 
1300 1318 1317 1464 
1300 1318 1464 1466 
1300 1318 1466 1319 
1300 1318 1319 1317 
1318 1330 1329 1474 
1318 1330 1474 1476 
1318 1330 1331 1329 
1330 1336 1335 1477 
1330 1336 1337 1335 
1281 1302 1301 1451 
1281 1302 1303 1301 
1422 1442 1441 1570 
1422 1442 1570 1572 
1422 1442 1572 1443 
1422 1442 1443 1441 
1442 1457 1456 1584 
1442 1457 1584 1585 
1442 1457 1585 1458 
1442 1457 1458 1456 
1444 1459 1458 1585 
1444 1459 1585 1587 
1444 1459 1587 1460 
1444 1459 1460 1458 
1446 1461 1460 1587 
1446 1461 1587 1589 
1446 1461 1589 1462 
1446 1461 1462 1460 
1461 1471 1470 1596 
1461 1471 1596 1597 
1461 1471 1597 1472 
1461 1471 1472 1470 
1448 1463 1462 1589 
1448 1463 1589 1591 
1448 1463 1591 1464 
1448 1463 1464 1462 
1463 1473 1472 1597 
1463 1473 1597 1599 
1463 1473 1599 1474 
1463 1473 1474 1472 
1450 1465 1464 1591 
1450 1465 1591 1593 
1450 1465 1593 1466 
1450 1465 1466 1464 
1465 1475 1474 1599 
1465 1475 1599 1601 
1465 1475 1601 1476 
1465 1475 1476 1474 
1575 1588 1587 1711 
1575 1588 1711 1712 
1575 1588 1712 1589 
1575 1588 1589 1587 
1590 1598 1597 1719 
1590 1598 1719 1720 
1590 1598 1720 1599 
1590 1598 1599 1597 
1592 1600 1599 1720 
1592 1600 1720 1721 
1592 1600 1721 1601 
1592 1600 1601 1599 
332 435 450 448 
332 435 448 434 
435 548 549 566 
435 548 566 564 
436 550 549 551 
436 550 551 568 
436 550 568 566 
436 550 566 549 
550 688 687 689 
550 688 689 703 
550 688 703 701 
550 688 701 687 
552 690 689 691 
552 690 691 705 
552 690 705 703 
552 690 703 689 
690 820 819 821 
690 820 821 831 
690 820 831 829 
690 820 829 819 
553 692 707 705 
553 692 705 691 
692 822 823 833 
692 822 833 831 
692 822 831 821 
822 945 946 954 
822 945 954 952 
945 1075 1076 1088 
945 1075 1088 1086 
693 824 835 833 
693 824 833 823 
824 947 946 948 
824 947 948 956 
824 947 956 954 
824 947 954 946 
947 1077 1090 1088 
947 1077 1088 1076 
825 949 958 956 
825 949 956 948 
113 167 168 177 
113 167 177 175 
63 115 114 116 
63 115 116 122 
63 115 122 120 
63 115 120 114 
115 169 168 170 
115 169 170 179 
115 169 179 177 
115 169 177 168 
169 250 251 260 
169 250 260 258 
117 171 170 172 
117 171 172 181 
117 171 181 179 
117 171 179 170 
171 252 251 253 
171 252 253 262 
171 252 262 260 
171 252 260 251 
118 173 183 181 
118 173 181 172 
342 447 448 468 
342 447 468 466 
344 449 448 450 
344 449 450 470 
344 449 470 468 
344 449 468 448 
449 565 564 566 
449 565 566 589 
449 565 589 587 
449 565 587 564 
565 700 701 722 
565 700 722 720 
345 451 450 452 
345 451 452 472 
345 451 472 470 
345 451 470 450 
451 567 566 568 
451 567 568 591 
451 567 591 589 
451 567 589 566 
567 702 701 703 
567 702 703 724 
567 702 724 722 
567 702 722 701 
702 828 827 829 
702 828 829 849 
702 828 849 847 
702 828 847 827 
453 569 568 570 
453 569 570 593 
453 569 593 591 
453 569 591 568 
569 704 703 705 
569 704 705 726 
569 704 726 724 
569 704 724 703 
704 830 829 831 
704 830 831 851 
704 830 851 849 
704 830 849 829 
454 571 570 572 
454 571 572 595 
454 571 595 593 
454 571 593 570 
571 706 705 707 
571 706 707 728 
571 706 728 726 
571 706 726 705 
706 832 831 833 
706 832 833 853 
706 832 853 851 
706 832 851 831 
832 953 952 954 
832 953 954 971 
832 953 971 969 
832 953 969 952 
953 1087 1086 1088 
953 1087 1088 1105 
953 1087 1105 1103 
953 1087 1103 1086 
1087 1239 1238 1240 
1087 1239 1240 1260 
1087 1239 1260 1258 
1087 1239 1258 1238 
455 573 574 597 
455 573 597 595 
573 708 707 709 
573 708 709 730 
573 708 730 728 
573 708 728 707 
708 834 833 835 
708 834 835 855 
708 834 855 853 
708 834 853 833 
834 955 954 956 
834 955 956 973 
834 955 973 971 
834 955 971 954 
955 1089 1088 1090 
955 1089 1090 1107 
955 1089 1107 1105 
955 1089 1105 1088 
1089 1241 1240 1242 
1089 1241 1242 1262 
1089 1241 1262 1260 
1089 1241 1260 1240 
456 575 599 597 
456 575 597 574 
575 710 711 732 
575 710 732 730 
575 710 730 709 
710 836 835 837 
710 836 837 857 
710 836 857 855 
710 836 855 835 
836 957 956 958 
836 957 958 975 
836 957 975 973 
836 957 973 956 
957 1091 1090 1092 
957 1091 1092 1109 
957 1091 1109 1107 
957 1091 1107 1090 
1091 1243 1244 1264 
1091 1243 1264 1262 
1091 1243 1262 1242 
576 712 734 732 
576 712 732 711 
712 838 837 839 
712 838 839 859 
712 838 859 857 
712 838 857 837 
838 959 958 960 
838 959 960 977 
838 959 977 975 
838 959 975 958 
959 1093 1092 1094 
959 1093 1094 1111 
959 1093 1111 1109 
959 1093 1109 1092 
1093 1245 1266 1264 
1093 1245 1264 1244 
840 961 960 962 
840 961 962 979 
840 961 979 977 
840 961 977 960 
961 1095 1094 1096 
961 1095 1096 1113 
961 1095 1113 1111 
961 1095 1111 1094 
841 963 981 979 
841 963 979 962 
963 1097 1096 1098 
963 1097 1098 1115 
963 1097 1115 1113 
963 1097 1113 1096 
964 1099 1098 1100 
964 1099 1100 1117 
964 1099 1117 1115 
964 1099 1115 1098 
965 1101 1119 1117 
965 1101 1117 1100 
119 176 175 177 
119 176 177 187 
119 176 187 185 
119 176 185 175 
176 257 258 267 
176 257 267 265 
26 66 65 67 
26 66 67 74 
26 66 74 72 
26 66 72 65 
66 121 120 122 
66 121 122 131 
66 121 131 129 
66 121 129 120 
121 178 177 179 
121 178 179 189 
121 178 189 187 
121 178 187 177 
178 259 258 260 
178 259 260 269 
178 259 269 267 
178 259 267 258 
259 352 353 367 
259 352 367 365 
27 68 69 76 
27 68 76 74 
27 68 74 67 
68 123 122 124 
68 123 124 133 
68 123 133 131 
68 123 131 122 
123 180 179 181 
123 180 181 191 
123 180 191 189 
123 180 189 179 
180 261 260 262 
180 261 262 271 
180 261 271 269 
180 261 269 260 
261 354 353 355 
261 354 355 369 
261 354 369 367 
261 354 367 353 
354 465 466 486 
354 465 486 484 
28 70 78 76 
28 70 76 69 
70 125 124 126 
70 125 126 135 
70 125 135 133 
70 125 133 124 
125 182 181 183 
125 182 183 193 
125 182 193 191 
125 182 191 181 
356 467 466 468 
356 467 468 488 
356 467 488 486 
356 467 486 466 
467 586 587 611 
467 586 611 609 
586 719 720 740 
586 719 740 738 
469 588 587 589 
469 588 589 613 
469 588 613 611 
469 588 611 587 
588 721 720 722 
588 721 722 742 
588 721 742 740 
588 721 740 720 
721 846 845 847 
721 846 847 868 
721 846 868 866 
721 846 866 845 
471 590 589 591 
471 590 591 615 
471 590 615 613 
471 590 613 589 
590 723 722 724 
590 723 724 744 
590 723 744 742 
590 723 742 722 
723 848 847 849 
723 848 849 870 
723 848 870 868 
723 848 868 847 
848 966 967 991 
848 966 991 989 
592 725 724 726 
592 725 726 746 
592 725 746 744 
592 725 744 724 
725 850 849 851 
725 850 851 872 
725 850 872 870 
725 850 870 849 
850 968 967 969 
850 968 969 993 
850 968 993 991 
850 968 991 967 
594 727 726 728 
594 727 728 748 
594 727 748 746 
594 727 746 726 
727 852 851 853 
727 852 853 874 
727 852 874 872 
727 852 872 851 
852 970 969 971 
852 970 971 995 
852 970 995 993 
852 970 993 969 
970 1104 1103 1105 
970 1104 1105 1129 
970 1104 1129 1127 
970 1104 1127 1103 
1104 1259 1258 1260 
1104 1259 1260 1282 
358 473 474 492 
358 473 492 490 
473 596 595 597 
473 596 597 620 
473 596 620 618 
473 596 618 595 
596 729 728 730 
596 729 730 750 
596 729 750 748 
596 729 748 728 
729 854 853 855 
729 854 855 876 
729 854 876 874 
729 854 874 853 
854 972 971 973 
854 972 973 997 
854 972 997 995 
854 972 995 971 
972 1106 1105 1107 
972 1106 1107 1131 
972 1106 1131 1129 
972 1106 1129 1105 
1106 1261 1260 1262 
1106 1261 1262 1283 
1106 1261 1283 1282 
1106 1261 1282 1260 
1261 1415 1414 1416 
1261 1415 1416 1435 
359 475 476 494 
359 475 494 492 
359 475 492 474 
475 598 597 599 
475 598 599 622 
475 598 622 620 
475 598 620 597 
598 731 730 732 
598 731 732 752 
598 731 752 750 
598 731 750 730 
731 856 855 857 
731 856 857 878 
731 856 878 876 
731 856 876 855 
856 974 973 975 
856 974 975 999 
856 974 999 997 
856 974 997 973 
974 1108 1107 1109 
974 1108 1109 1133 
974 1108 1133 1131 
974 1108 1131 1107 
1108 1263 1262 1264 
1108 1263 1264 1285 
1108 1263 1285 1283 
1108 1263 1283 1262 
1263 1417 1416 1418 
1263 1417 1418 1436 
1263 1417 1435 1416 
360 477 496 494 
360 477 494 476 
477 600 599 601 
477 600 601 624 
477 600 624 622 
477 600 622 599 
600 733 732 734 
600 733 734 754 
600 733 754 752 
600 733 752 732 
733 858 857 859 
733 858 859 880 
733 858 880 878 
733 858 878 857 
858 976 975 977 
858 976 977 1001 
858 976 1001 999 
858 976 999 975 
976 1110 1109 1111 
976 1110 1111 1135 
976 1110 1135 1133 
976 1110 1133 1109 
1110 1265 1264 1266 
1110 1265 1266 1287 
1110 1265 1287 1285 
1110 1265 1285 1264 
1265 1419 1418 1420 
1265 1419 1420 1437 
1265 1419 1437 1436 
1265 1419 1436 1418 
735 860 859 861 
735 860 861 882 
735 860 882 880 
735 860 880 859 
860 978 977 979 
860 978 979 1003 
860 978 1003 1001 
860 978 1001 977 
978 1112 1111 1113 
978 1112 1113 1137 
978 1112 1137 1135 
978 1112 1135 1111 
1112 1267 1266 1268 
1112 1267 1268 1289 
1112 1267 1289 1287 
1112 1267 1287 1266 
862 980 979 981 
862 980 981 1005 
862 980 1005 1003 
862 980 1003 979 
980 1114 1113 1115 
980 1114 1115 1139 
980 1114 1139 1137 
980 1114 1137 1113 
1114 1269 1268 1270 
1114 1269 1270 1291 
1114 1269 1291 1289 
1114 1269 1289 1268 
863 982 981 983 
863 982 983 1007 
863 982 1007 1005 
863 982 1005 981 
982 1116 1115 1117 
982 1116 1117 1141 
982 1116 1141 1139 
982 1116 1139 1115 
1116 1271 1270 1272 
1116 1271 1272 1293 
1116 1271 1293 1291 
1116 1271 1291 1270 
984 1118 1117 1119 
984 1118 1119 1143 
984 1118 1143 1141 
984 1118 1141 1117 
1118 1273 1272 1274 
1118 1273 1274 1295 
1118 1273 1295 1293 
1118 1273 1293 1272 
985 1120 1119 1121 
985 1120 1121 1145 
985 1120 1145 1143 
985 1120 1143 1119 
1120 1275 1274 1276 
1120 1275 1276 1297 
1120 1275 1297 1295 
1120 1275 1295 1274 
986 1122 1123 1147 
986 1122 1147 1145 
986 1122 1145 1121 
1122 1277 1276 1278 
1122 1277 1278 1299 
1122 1277 1299 1297 
1122 1277 1297 1276 
987 1124 1149 1147 
987 1124 1147 1123 
1124 1279 1278 1280 
1124 1279 1280 1301 
1124 1279 1301 1299 
1124 1279 1299 1278 
1125 1281 1303 1301 
1125 1281 1301 1280 
128 186 185 187 
128 186 187 198 
128 186 198 196 
128 186 196 185 
186 266 265 267 
186 266 267 278 
186 266 278 276 
186 266 276 265 
266 364 365 378 
266 364 378 377 
29 73 72 74 
29 73 74 83 
29 73 83 81 
29 73 81 72 
73 130 129 131 
73 130 131 139 
73 130 139 137 
73 130 137 129 
130 188 187 189 
130 188 189 200 
130 188 200 198 
130 188 198 187 
188 268 267 269 
188 268 269 280 
188 268 280 278 
188 268 278 267 
268 366 365 367 
268 366 367 380 
268 366 380 378 
268 366 378 365 
366 483 484 499 
366 483 499 498 
0 6 5 7 
0 6 7 13 
0 6 13 11 
0 6 11 5 
6 31 30 32 
6 31 32 39 
6 31 39 37 
6 31 37 30 
31 75 74 76 
31 75 76 85 
31 75 85 83 
31 75 83 74 
75 132 131 133 
75 132 133 141 
75 132 141 139 
75 132 139 131 
132 190 189 191 
132 190 191 202 
132 190 202 200 
132 190 200 189 
190 270 269 271 
190 270 271 282 
190 270 282 280 
190 270 280 269 
270 368 367 369 
270 368 382 380 
270 368 380 367 
368 485 484 486 
368 485 499 484 
485 608 607 609 
485 608 609 626 
485 608 625 607 
8 33 32 34 
8 33 34 41 
8 33 41 39 
8 33 39 32 
33 77 76 78 
33 77 78 87 
33 77 87 85 
33 77 85 76 
77 134 133 135 
77 134 135 143 
77 134 143 141 
77 134 141 133 
134 192 191 193 
134 192 204 202 
134 192 202 191 
487 610 609 611 
487 610 611 628 
487 610 628 626 
487 610 626 609 
610 739 738 740 
610 739 740 758 
610 739 758 757 
610 739 757 738 
739 865 866 887 
9 35 43 41 
9 35 41 34 
35 79 89 87 
35 79 87 78 
489 612 611 613 
489 612 613 630 
489 612 630 628 
489 612 628 611 
612 741 740 742 
612 741 742 759 
612 741 759 758 
612 741 758 740 
741 867 866 868 
741 867 868 888 
741 867 887 866 
614 743 742 744 
614 743 744 761 
614 743 761 759 
614 743 759 742 
743 869 868 870 
743 869 870 889 
743 869 889 888 
743 869 888 868 
869 990 989 991 
869 990 991 1015 
616 745 744 746 
616 745 746 763 
616 745 763 761 
616 745 761 744 
745 871 870 872 
745 871 872 890 
745 871 890 889 
745 871 889 870 
871 992 991 993 
871 992 993 1016 
871 992 1015 991 
617 747 748 765 
617 747 765 763 
747 873 872 874 
747 873 874 892 
747 873 892 890 
747 873 890 872 
873 994 993 995 
873 994 995 1017 
873 994 1017 1016 
873 994 1016 993 
994 1128 1127 1129 
994 1128 1129 1151 
370 491 490 492 
370 491 492 502 
370 491 502 500 
491 619 618 620 
491 619 620 634 
491 619 634 632 
491 619 632 618 
619 749 748 750 
619 749 750 767 
619 749 767 765 
619 749 765 748 
749 875 874 876 
749 875 876 894 
749 875 894 892 
749 875 892 874 
875 996 995 997 
875 996 997 1019 
875 996 1019 1017 
875 996 1017 995 
996 1130 1129 1131 
996 1130 1131 1152 
996 1130 1152 1151 
996 1130 1151 1129 
194 272 273 285 
194 272 285 283 
272 372 371 373 
272 372 373 386 
272 372 386 384 
272 372 384 371 
372 493 492 494 
372 493 494 504 
372 493 504 502 
372 493 502 492 
493 621 620 622 
493 621 622 636 
493 621 636 634 
493 621 634 620 
621 751 750 752 
621 751 752 769 
621 751 769 767 
621 751 767 750 
751 877 876 878 
751 877 878 896 
751 877 896 894 
751 877 894 876 
877 998 997 999 
877 998 999 1021 
877 998 1021 1019 
877 998 1019 997 
998 1132 1131 1133 
998 1132 1133 1154 
998 1132 1154 1152 
998 1132 1152 1131 
1132 1284 1283 1285 
1132 1284 1285 1304 
195 274 287 285 
195 274 285 273 
274 374 373 375 
274 374 375 388 
274 374 388 386 
274 374 386 373 
374 495 494 496 
374 495 496 506 
374 495 506 504 
374 495 504 494 
495 623 622 624 
495 623 624 638 
495 623 638 636 
495 623 636 622 
623 753 752 754 
623 753 771 769 
623 753 769 752 
879 1000 999 1001 
879 1000 1001 1023 
879 1000 1023 1021 
879 1000 1021 999 
1000 1134 1133 1135 
1000 1134 1135 1156 
1000 1134 1156 1154 
1000 1134 1154 1133 
1134 1286 1285 1287 
1134 1286 1287 1305 
1134 1286 1305 1304 
1134 1286 1304 1285 
275 376 390 388 
275 376 388 375 
376 497 508 506 
376 497 506 496 
881 1002 1001 1003 
881 1002 1003 1025 
881 1002 1025 1023 
881 1002 1023 1001 
1002 1136 1135 1137 
1002 1136 1137 1158 
1002 1136 1158 1156 
1002 1136 1156 1135 
1136 1288 1287 1289 
1136 1288 1289 1307 
1136 1288 1307 1305 
1136 1288 1305 1287 
1288 1438 1437 1439 
1288 1438 1439 1455 
1288 1438 1455 1454 
1288 1438 1454 1437 
1004 1138 1137 1139 
1004 1138 1139 1160 
1004 1138 1160 1158 
1004 1138 1158 1137 
1138 1290 1289 1291 
1138 1290 1291 1309 
1138 1290 1309 1307 
1138 1290 1307 1289 
1290 1440 1439 1441 
1290 1440 1441 1456 
1290 1440 1456 1455 
1290 1440 1455 1439 
1006 1140 1139 1141 
1006 1140 1141 1162 
1006 1140 1162 1160 
1006 1140 1160 1139 
1140 1292 1291 1293 
1140 1292 1293 1311 
1140 1292 1311 1309 
1140 1292 1309 1291 
1292 1442 1441 1443 
1292 1442 1443 1458 
1292 1442 1458 1456 
1292 1442 1456 1441 
1442 1571 1570 1572 
1442 1571 1572 1585 
1442 1571 1585 1584 
1442 1571 1584 1570 
1142 1294 1293 1295 
1142 1294 1295 1313 
1142 1294 1313 1311 
1142 1294 1311 1293 
1294 1444 1443 1445 
1294 1444 1445 1460 
1294 1444 1460 1458 
1294 1444 1458 1443 
1008 1144 1143 1145 
1008 1144 1145 1166 
1008 1144 1166 1164 
1144 1296 1295 1297 
1144 1296 1297 1315 
1144 1296 1315 1313 
1144 1296 1313 1295 
1296 1446 1445 1447 
1296 1446 1447 1462 
1296 1446 1462 1460 
1296 1446 1460 1445 
755 883 884 899 
755 883 899 897 
883 1010 1009 1011 
883 1010 1011 1030 
883 1010 1030 1028 
883 1010 1028 1009 
1010 1146 1145 1147 
1010 1146 1147 1168 
1010 1146 1168 1166 
1010 1146 1166 1145 
1146 1298 1297 1299 
1146 1298 1299 1317 
1146 1298 1317 1315 
1146 1298 1315 1297 
1298 1448 1447 1449 
1298 1448 1449 1464 
1298 1448 1464 1462 
1298 1448 1462 1447 
756 885 901 899 
756 885 899 884 
885 1012 1011 1013 
885 1012 1013 1032 
885 1012 1032 1030 
885 1012 1030 1011 
1012 1148 1147 1149 
1012 1148 1149 1170 
1012 1148 1170 1168 
1012 1148 1168 1147 
1148 1300 1299 1301 
1148 1300 1301 1319 
1148 1300 1319 1317 
1148 1300 1317 1299 
1300 1450 1449 1451 
1300 1450 1451 1466 
1300 1450 1466 1464 
1300 1450 1464 1449 
886 1014 1034 1032 
886 1014 1032 1013 
1014 1150 1172 1170 
1014 1150 1170 1149 
1150 1302 1301 1303 
1150 1302 1319 1301 
80 136 137 147 
80 136 147 145 
136 197 196 198 
136 197 198 213 
136 197 213 211 
197 277 276 278 
197 277 278 291 
10 36 37 47 
10 36 47 45 
36 82 81 83 
36 82 83 93 
36 82 93 91 
36 82 91 81 
82 138 137 139 
82 138 139 149 
82 138 149 147 
82 138 147 137 
138 199 198 200 
138 199 200 215 
138 199 215 213 
138 199 213 198 
199 279 278 280 
199 279 280 292 
199 279 292 291 
199 279 291 278 
279 379 378 380 
279 379 380 391 
1 12 11 13 
1 12 13 20 
1 12 20 18 
1 12 18 11 
12 38 37 39 
12 38 39 49 
12 38 49 47 
12 38 47 37 
38 84 83 85 
38 84 85 95 
38 84 95 93 
38 84 93 83 
84 140 139 141 
84 140 141 151 
84 140 151 149 
84 140 149 139 
140 201 200 202 
140 201 202 217 
140 201 217 215 
140 201 215 200 
201 281 280 282 
201 281 282 293 
201 281 293 292 
201 281 292 280 
281 381 380 382 
281 381 391 380 
2 14 13 15 
2 14 15 22 
2 14 22 20 
2 14 20 13 
14 40 39 41 
14 40 41 51 
14 40 51 49 
14 40 49 39 
40 86 85 87 
40 86 87 97 
40 86 97 95 
40 86 95 85 
86 142 141 143 
86 142 143 153 
86 142 153 151 
86 142 151 141 
142 203 202 204 
142 203 219 217 
142 203 217 202 
16 42 41 43 
16 42 43 53 
16 42 53 51 
16 42 51 41 
42 88 87 89 
42 88 89 99 
42 88 99 97 
42 88 97 87 
631 764 763 765 
631 764 765 779 
764 891 890 892 
764 891 892 905 
383 501 500 502 
383 501 502 512 
383 501 512 510 
501 633 632 634 
501 633 634 644 
501 633 644 642 
501 633 642 632 
633 766 765 767 
633 766 767 781 
633 766 781 779 
633 766 779 765 
766 893 892 894 
766 893 894 906 
766 893 906 905 
766 893 905 892 
893 1018 1017 1019 
893 1018 1019 1036 
205 284 283 285 
205 284 285 297 
205 284 297 295 
284 385 384 386 
284 385 386 395 
284 385 395 393 
284 385 393 384 
385 503 502 504 
385 503 504 514 
385 503 514 512 
385 503 512 502 
503 635 634 636 
503 635 636 646 
503 635 646 644 
503 635 644 634 
635 768 767 769 
635 768 769 783 
635 768 783 781 
635 768 781 767 
768 895 894 896 
768 895 896 907 
768 895 907 906 
768 895 906 894 
895 1020 1019 1021 
895 1020 1036 1019 
1020 1153 1152 1154 
1020 1153 1154 1173 
144 207 206 208 
144 207 208 223 
144 207 223 221 
144 207 221 206 
207 286 285 287 
207 286 287 299 
207 286 299 297 
207 286 297 285 
286 387 386 388 
286 387 388 397 
286 387 397 395 
286 387 395 386 
387 505 504 506 
387 505 506 516 
387 505 516 514 
387 505 514 504 
505 637 636 638 
505 637 638 648 
505 637 648 646 
505 637 646 636 
637 770 769 771 
637 770 785 783 
637 770 783 769 
1022 1155 1154 1156 
1022 1155 1156 1174 
1022 1155 1173 1154 
209 288 287 289 
209 288 289 301 
209 288 301 299 
209 288 299 287 
288 389 388 390 
288 389 390 399 
288 389 399 397 
288 389 397 388 
389 507 506 508 
389 507 516 506 
1024 1157 1156 1158 
1024 1157 1158 1175 
1024 1157 1174 1156 
1157 1306 1305 1307 
1157 1306 1307 1320 
210 290 303 301 
210 290 301 289 
1026 1159 1158 1160 
1026 1159 1175 1158 
1159 1308 1307 1309 
1159 1308 1309 1321 
1159 1308 1320 1307 
1161 1310 1309 1311 
1161 1310 1311 1323 
1161 1310 1323 1321 
1161 1310 1321 1309 
1310 1457 1456 1458 
1310 1457 1458 1469 
1310 1457 1469 1468 
1310 1457 1468 1456 
1163 1312 1311 1313 
1163 1312 1313 1325 
1163 1312 1325 1323 
1163 1312 1323 1311 
1312 1459 1458 1460 
1312 1459 1460 1470 
1312 1459 1470 1469 
1312 1459 1469 1458 
1459 1586 1585 1587 
1459 1586 1587 1596 
1027 1165 1164 1166 
1027 1165 1166 1179 
1027 1165 1179 1177 
1165 1314 1313 1315 
1165 1314 1315 1327 
1165 1314 1327 1325 
1165 1314 1325 1313 
1314 1461 1460 1462 
1314 1461 1462 1472 
1314 1461 1472 1470 
1314 1461 1470 1460 
1461 1588 1587 1589 
1461 1588 1589 1597 
1461 1588 1597 1596 
1461 1588 1596 1587 
772 898 897 899 
772 898 899 910 
772 898 910 908 
898 1029 1028 1030 
898 1029 1030 1040 
898 1029 1040 1038 
898 1029 1038 1028 
1029 1167 1166 1168 
1029 1167 1168 1181 
1029 1167 1181 1179 
1029 1167 1179 1166 
1167 1316 1315 1317 
1167 1316 1317 1329 
1167 1316 1329 1327 
1167 1316 1327 1315 
1316 1463 1462 1464 
1316 1463 1464 1474 
1316 1463 1474 1472 
1316 1463 1472 1462 
1463 1590 1589 1591 
1463 1590 1591 1599 
1463 1590 1599 1597 
1463 1590 1597 1589 
639 774 773 775 
639 774 775 789 
639 774 789 787 
639 774 787 773 
774 900 899 901 
774 900 901 912 
774 900 912 910 
774 900 910 899 
900 1031 1030 1032 
900 1031 1032 1042 
900 1031 1042 1040 
900 1031 1040 1030 
1031 1169 1168 1170 
1031 1169 1170 1183 
1031 1169 1183 1181 
1031 1169 1181 1168 
1169 1318 1317 1319 
1169 1318 1319 1331 
1169 1318 1331 1329 
1169 1318 1329 1317 
1318 1465 1464 1466 
1318 1465 1466 1476 
1318 1465 1476 1474 
1318 1465 1474 1464 
1465 1592 1591 1593 
1465 1592 1593 1601 
1465 1592 1601 1599 
1465 1592 1599 1591 
640 776 777 791 
640 776 791 789 
640 776 789 775 
776 902 901 903 
776 902 903 914 
776 902 914 912 
776 902 912 901 
902 1033 1032 1034 
902 1033 1034 1044 
902 1033 1044 1042 
902 1033 1042 1032 
1033 1171 1170 1172 
1033 1171 1172 1185 
1033 1171 1185 1183 
1033 1171 1183 1170 
641 778 793 791 
641 778 791 777 
778 904 916 914 
778 904 914 903 
90 146 145 147 
90 146 147 157 
146 212 211 213 
146 212 213 227 
17 46 45 47 
17 46 47 56 
17 46 56 54 
46 92 91 93 
46 92 93 102 
46 92 102 100 
46 92 100 91 
92 148 147 149 
92 148 149 158 
92 148 158 157 
92 148 157 147 
148 214 213 215 
148 214 227 213 
19 48 47 49 
19 48 49 58 
19 48 58 56 
19 48 56 47 
48 94 93 95 
48 94 95 104 
48 94 104 102 
48 94 102 93 
94 150 149 151 
94 150 151 159 
94 150 159 158 
94 150 158 149 
150 216 215 217 
150 216 217 228 
21 50 49 51 
21 50 51 60 
21 50 60 58 
21 50 58 49 
50 96 95 97 
50 96 97 106 
50 96 106 104 
50 96 104 95 
96 152 151 153 
96 152 153 161 
96 152 161 159 
96 152 159 151 
152 218 217 219 
152 218 219 229 
152 218 229 228 
152 218 228 217 
52 98 108 106 
52 98 106 97 
294 392 393 402 
294 392 402 400 
392 511 510 512 
392 511 512 523 
392 511 523 521 
392 511 521 510 
511 643 642 644 
511 643 644 660 
511 643 660 659 
511 643 659 642 
220 296 295 297 
220 296 297 307 
220 296 307 305 
220 296 305 295 
296 394 393 395 
296 394 395 404 
296 394 404 402 
296 394 402 393 
394 513 512 514 
394 513 514 525 
394 513 525 523 
394 513 523 512 
513 645 644 646 
513 645 646 661 
513 645 661 660 
513 645 660 644 
645 782 781 783 
645 782 783 794 
155 222 221 223 
155 222 223 233 
155 222 233 231 
155 222 231 221 
222 298 297 299 
222 298 299 309 
222 298 309 307 
222 298 307 297 
298 396 395 397 
298 396 397 406 
298 396 406 404 
298 396 404 395 
396 515 514 516 
396 515 516 527 
396 515 527 525 
396 515 525 514 
515 647 646 648 
515 647 648 663 
515 647 663 661 
515 647 661 646 
647 784 783 785 
647 784 785 795 
647 784 795 794 
647 784 794 783 
156 224 223 225 
156 224 225 235 
156 224 235 233 
156 224 233 223 
224 300 299 301 
224 300 301 311 
224 300 311 309 
224 300 309 299 
300 398 397 399 
300 398 399 408 
300 398 408 406 
300 398 406 397 
398 517 529 527 
398 517 527 516 
226 302 301 303 
226 302 311 301 
1037 1178 1177 1179 
1037 1178 1179 1188 
1037 1178 1188 1186 
1037 1178 1186 1177 
1178 1326 1325 1327 
1178 1326 1327 1333 
1178 1326 1333 1332 
1178 1326 1332 1325 
786 909 908 910 
786 909 910 920 
786 909 920 918 
909 1039 1038 1040 
909 1039 1040 1048 
909 1039 1048 1046 
909 1039 1046 1038 
1039 1180 1179 1181 
1039 1180 1181 1190 
1039 1180 1190 1188 
1039 1180 1188 1179 
1180 1328 1327 1329 
1180 1328 1329 1335 
1180 1328 1335 1333 
1180 1328 1333 1327 
1328 1473 1472 1474 
1328 1473 1474 1477 
518 652 651 653 
518 652 653 667 
518 652 667 665 
518 652 665 651 
652 788 787 789 
652 788 789 799 
652 788 799 797 
652 788 797 787 
788 911 910 912 
788 911 912 922 
788 911 922 920 
788 911 920 910 
911 1041 1040 1042 
911 1041 1042 1050 
911 1041 1050 1048 
911 1041 1048 1040 
1041 1182 1181 1183 
1041 1182 1183 1192 
1041 1182 1192 1190 
1041 1182 1190 1181 
1182 1330 1329 1331 
1182 1330 1331 1337 
1182 1330 1337 1335 
1182 1330 1335 1329 
1330 1475 1474 1476 
1330 1475 1477 1474 
519 654 653 655 
519 654 655 669 
519 654 669 667 
519 654 667 653 
654 790 789 791 
654 790 791 801 
654 790 801 799 
654 790 799 789 
790 913 912 914 
790 913 914 924 
790 913 924 922 
790 913 922 912 
913 1043 1042 1044 
913 1043 1044 1052 
913 1043 1052 1050 
913 1043 1050 1042 
1043 1184 1183 1185 
1043 1184 1194 1192 
1043 1184 1192 1183 
520 656 655 657 
520 656 657 671 
520 656 671 669 
520 656 669 655 
656 792 791 793 
656 792 793 803 
656 792 803 801 
656 792 801 791 
792 915 914 916 
792 915 924 914 
23 55 54 56 
23 55 56 62 
55 101 100 102 
55 101 102 109 
25 57 56 58 
25 57 62 56 
57 103 102 104 
57 103 104 110 
57 103 109 102 
59 105 104 106 
59 105 106 111 
59 105 110 104 
61 107 106 108 
61 107 111 106 
304 401 400 402 
304 401 402 409 
401 522 521 523 
401 522 523 533 
230 306 305 307 
230 306 307 315 
230 306 315 313 
230 306 313 305 
306 403 402 404 
306 403 404 411 
306 403 411 409 
306 403 409 402 
403 524 523 525 
403 524 525 534 
403 524 533 523 
232 308 307 309 
232 308 309 317 
232 308 317 315 
232 308 315 307 
308 405 404 406 
308 405 406 413 
308 405 413 411 
308 405 411 404 
405 526 525 527 
405 526 527 535 
405 526 535 534 
405 526 534 525 
234 310 309 311 
234 310 311 319 
234 310 319 317 
234 310 317 309 
310 407 406 408 
310 407 408 415 
310 407 415 413 
310 407 413 406 
407 528 527 529 
407 528 535 527 
1045 1187 1186 1188 
1045 1187 1188 1195 
664 796 797 806 
664 796 806 804 
796 919 918 920 
796 919 920 928 
796 919 928 926 
796 919 926 918 
919 1047 1046 1048 
919 1047 1048 1055 
919 1047 1055 1053 
919 1047 1053 1046 
1047 1189 1188 1190 
1047 1189 1190 1196 
1047 1189 1196 1195 
1047 1189 1195 1188 
1189 1334 1333 1335 
1189 1334 1335 1338 
530 666 665 667 
530 666 667 675 
530 666 675 673 
530 666 673 665 
666 798 797 799 
666 798 799 808 
666 798 808 806 
666 798 806 797 
798 921 920 922 
798 921 922 930 
798 921 930 928 
798 921 928 920 
921 1049 1048 1050 
921 1049 1050 1057 
921 1049 1057 1055 
921 1049 1055 1048 
1049 1191 1190 1192 
1049 1191 1192 1197 
1049 1191 1197 1196 
1049 1191 1196 1190 
1191 1336 1335 1337 
1191 1336 1338 1335 
532 668 667 669 
532 668 669 677 
532 668 677 675 
532 668 675 667 
668 800 799 801 
668 800 801 810 
668 800 810 808 
668 800 808 799 
800 923 922 924 
800 923 924 932 
800 923 932 930 
800 923 930 922 
923 1051 1050 1052 
923 1051 1052 1059 
923 1051 1059 1057 
923 1051 1057 1050 
1051 1193 1192 1194 
1051 1193 1197 1192 
670 802 801 803 
670 802 812 810 
670 802 810 801 
236 314 313 315 
236 314 315 320 
314 410 409 411 
314 410 411 416 
238 316 315 317 
238 316 320 315 
316 412 411 413 
316 412 413 417 
316 412 416 411 
318 414 413 415 
318 414 417 413 
672 805 804 806 
672 805 806 813 
805 927 926 928 
805 927 928 934 
536 674 673 675 
536 674 675 681 
536 674 681 679 
536 674 679 673 
674 807 806 808 
674 807 808 815 
674 807 815 813 
674 807 813 806 
807 929 928 930 
807 929 930 936 
807 929 936 934 
807 929 934 928 
929 1056 1055 1057 
929 1056 1057 1060 
676 809 808 810 
676 809 810 817 
676 809 817 815 
676 809 815 808 
809 931 930 932 
809 931 932 938 
809 931 938 936 
809 931 936 930 
931 1058 1057 1059 
931 1058 1059 1061 
931 1058 1061 1060 
931 1058 1060 1057 
678 811 810 812 
678 811 817 810 
811 933 940 938 
811 933 938 932 
814 935 934 936 
814 935 936 941 
816 937 936 938 
816 937 938 942 
816 937 941 936 
818 939 938 940 
818 939 942 938 
