152
-0.597311 15.1961 0.597854 18.1501
1.82873 -0.727512 -7.87218 18.1501
4.25477 29.8948 -9.08219 18.1501
-9.08845 31.1197 4.22787 18.1501
-0.597311 -0.727512 10.2779 18.1501
9.10685 32.3446 9.06789 17.2956
-15.1536 -3.1773 -0.612152 14.9418
15.172 5.39695 3.01787 14.506
-11.5145 21.3206 -12.7122 12.8183
13.9589 13.9712 -10.2922 12.7637
-11.5145 38.4691 -12.7122 12.5387
17.598 -8.07687 -1.82216 12.2865
-13.9405 7.84674 -11.5022 11.8961
10.3199 15.1961 15.1179 11.8429
-15.1536 10.2965 10.2779 11.6609
-0.597311 15.1961 -18.7622 11.3957
-18.7926 15.1961 -0.612152 11.3287
-0.597311 20.0957 18.7479 11.2086
18.811 21.3206 -0.612152 11.1568
-12.7275 -10.5267 -13.9222 10.9655
15.172 -10.5267 10.2779 10.9655
18.811 39.694 -4.24217 10.6954
-4.23637 40.9189 18.7479 10.0889
-15.1536 -11.7516 12.6979 9.74065
15.172 -11.7516 -13.9222 9.37141
-1.81033 42.1438 -21.1822 8.71658
-3.02335 -12.9764 -21.1822 8.51575
7.89383 -12.9764 -19.9722 8.49314
-21.2187 42.1438 -4.24217 8.33426
-9.08845 12.7463 19.9579 8.05769
9.10685 -12.9764 19.9579 8.03067
16.385 42.1438 -15.1322 7.66433
-15.1536 43.3686 16.3279 7.63915
-3.02335 31.1197 22.378 7.52358
20.024 1.72227 -10.2922 7.46186
10.3199 43.3686 -19.9722 7.46003
-12.7275 20.0957 18.7479 7.31871
-9.08845 -14.2013 19.9579 7.29086
0.615709 -14.2013 22.378 7.29086
5.46779 43.3686 22.378 6.93331
-22.4317 43.3686 5.43788 6.88628
22.4501 43.3686 5.43788 6.87075
-18.7926 -1.95241 13.9079 6.80941
-22.4317 24.9952 -6.66218 6.57547
-22.4317 -14.2013 6.64788 6.54085
21.2371 16.421 10.2779 6.43918
-10.3015 1.72227 -21.1822 6.40646
-22.4317 33.5695 -7.87218 6.30051
16.385 -1.95241 17.5379 6.22578
-22.4317 -14.2013 -7.87218 6.19229
22.4501 29.8948 -7.87218 6.16269
-6.66241 -15.4262 0.597854 6.06597
6.68081 -15.4262 1.80786 6.06597
-23.6447 -15.4262 -1.82216 6.06571
15.172 4.17206 18.7479 5.85547
-9.08845 29.8948 -22.3923 5.82188
9.10685 7.84674 -22.3923 5.79806
-5.44939 5.39695 -23.6023 5.75008
13.9589 5.39695 -19.9722 5.61084
-6.66241 -4.40219 -23.6023 5.50103
24.8761 32.3446 1.80786 5.47473
-10.3015 33.5695 22.378 5.4441
17.598 -3.1773 -17.5522 5.44256
10.3199 16.421 -22.3923 5.41251
-10.3015 26.2201 22.378 5.34074
-22.4317 20.0957 10.2779 5.30109
13.9589 45.8184 19.9579 5.18962
20.024 45.8184 13.9079 5.18957
-4.23637 45.8184 -5.45217 5.18937
9.10685 45.8184 -1.82216 5.18937
0.615709 45.8184 -0.612152 5.18937
0.615709 10.2965 24.798 5.16635
-20.0056 -1.95241 -15.1322 5.12391
3.04175 37.2442 24.798 4.99115
-4.23637 33.5695 -24.8123 4.95089
-20.0056 20.0957 15.1179 4.89654
-9.08845 -16.6511 -5.45217 4.84108
-0.597311 -16.6511 0.597854 4.84108
-10.3015 -16.6511 5.43788 4.84108
23.6631 -16.6511 5.43788 4.84054
22.4501 -16.6511 -10.2922 4.84027
-11.5145 12.7463 -22.3923 4.82827
-4.23637 26.2201 -24.8123 4.8025
4.25477 5.39695 -24.8123 4.79178
4.25477 -6.85198 -24.8123 4.78792
22.4501 23.7704 -11.5022 4.7544
-13.9405 5.39695 21.1679 4.63161
-13.9405 -6.85198 21.1679 4.62392
-21.2187 29.8948 -13.9222 4.59718
21.2371 34.7944 -13.9222 4.59361
13.9589 -5.62709 -21.1822 4.59154
-16.3666 -1.95241 -19.9722 4.41526
7.89383 -3.1773 -24.8123 4.32926
-1.81033 -3.1773 -26.0223 4.30775
12.7459 -4.40219 22.378 4.29708
6.68081 7.84674 24.798 4.29314
12.7459 -0.727512 -22.3923 4.24054
-24.8577 6.62185 -6.66218 4.23894
18.811 2.94717 -17.5522 4.23631
10.3199 5.39695 23.588 4.22105
-15.1536 -1.95241 21.1679 4.20717
23.6631 22.5455 10.2779 4.17773
-22.4317 40.9189 12.6979 4.17742
-10.3015 44.5935 -23.6023 4.17201
20.024 23.7704 -16.3422 4.12887
4.25477 32.3446 26.008 4.11085
-23.6447 15.1961 -11.5022 4.08782
23.6631 -3.1773 11.4879 4.0593
3.04175 -1.95241 -26.0223 4.04876
16.385 -16.6511 19.9579 4.01445
-22.4317 45.8184 12.6979 3.99829
-22.4317 45.8184 -12.7122 3.98096
-26.0707 33.5695 -1.82216 3.9732
22.4501 47.0433 -11.5022 3.96499
-11.5145 47.0433 22.378 3.96498
5.46779 47.0433 -24.8123 3.96488
4.25477 47.0433 -16.3422 3.96447
-1.81033 47.0433 -13.9222 3.96447
7.89383 47.0433 -13.9222 3.96447
11.5329 47.0433 -11.5022 3.96447
-13.9405 47.0433 -3.03216 3.96447
-17.5796 47.0433 1.80786 3.96447
0.615709 47.0433 5.43788 3.96447
-17.5796 47.0433 9.06789 3.96447
-1.81033 47.0433 9.06789 3.96447
-20.0056 47.0433 -16.3422 3.96429
7.89383 24.9952 24.798 3.95282
-0.597311 2.94717 -26.0223 3.94642
0.615709 47.0433 26.008 3.94555
-15.1536 37.2442 21.1679 3.94265
7.89383 21.3206 -24.8123 3.94113
-15.1536 28.6699 21.1679 3.93496
7.89383 1.72227 -24.8123 3.93298
15.172 21.3206 -21.1822 3.92578
-26.0707 26.2201 -0.612152 3.91357
-26.0707 37.2442 0.597854 3.91191
-15.1536 47.0433 -21.1822 3.89529
21.2371 21.3206 15.1179 3.89369
1.82873 23.7704 -26.0223 3.88171
26.0891 -16.6511 0.597854 3.88074
26.0891 47.0433 0.597854 3.87311
-26.0707 47.0433 0.597854 3.87246
24.8761 -5.62709 7.85789 3.86262
-26.0707 23.7704 3.01787 3.73329
-26.0707 6.62185 3.01787 3.73025
26.0891 15.1961 5.43788 3.71162
-11.5145 7.84674 -23.6023 3.70348
5.46779 13.9712 26.008 3.69166
-23.6447 -9.30177 -11.5022 3.68428
-23.6447 -6.85198 11.4879 3.68144
-11.5145 -16.6511 -23.6023 3.65533
22.4501 -4.40219 -13.9222 3.64893
